#   X     Y     Z      S       D
   231   216   200  4.5720  1.4010
   230   216   200  4.5695  1.3998
   231   215   200  4.5664  1.3984
   230   215   200  4.5562  1.3936
   230   217   200  4.5344  1.3834
   231   217   200  4.5310  1.3818
   232   216   200  4.5283  1.3806
   232   215   200  4.5273  1.3801
   232   217   200  4.4851  1.3605
   232   216   201  4.2864  1.2706
   232   217   201  4.2838  1.2695
   232   215   201  4.2467  1.2531
   231   216   201  4.2359  1.2483
   231   217   201  4.2330  1.2470
   232   217   199  4.2076  1.2355
   231   215   201  4.1996  1.2324
   231   217   199  4.1859  1.2260
   232   216   199  4.1654  1.2171
   230   216   201  4.1430  1.2078
   231   216   199  4.1430  1.2074
   230   217   201  4.1413  1.2070
   230   217   199  4.1392  1.2057
   230   215   201  4.1088  1.1930
   230   216   199  4.0971  1.1876
   232   215   199  4.0840  1.1820
   231   215   199  4.0599  1.1717
   230   215   199  4.0142  1.1524
   231   214   200  4.5119  1.3729
   229   216   200  4.5114  1.3727
   230   214   200  4.4928  1.3641
   229   215   200  4.4879  1.3618
   229   217   200  4.4852  1.3606
   232   214   200  4.4790  1.3577
   230   218   200  4.4526  1.3455
   233   215   200  4.4514  1.3450
   233   216   200  4.4514  1.3450
   231   218   200  4.4457  1.3424
   229   214   200  4.4138  1.3278
   229   218   200  4.4105  1.3263
   233   217   200  4.4095  1.3258
   233   214   200  4.4062  1.3243
   232   218   200  4.4001  1.3216
   233   218   200  4.3283  1.2891
   233   216   201  4.2884  1.2715
   233   217   201  4.2880  1.2714
   233   218   201  4.2477  1.2535
   233   215   201  4.2442  1.2519
   232   218   201  4.2433  1.2516
   232   218   199  4.2089  1.2361
   233   218   199  4.2079  1.2356
   233   217   199  4.2071  1.2352
   231   218   201  4.1947  1.2302
   231   218   199  4.1871  1.2265
   233   216   199  4.1664  1.2175
   232   214   201  4.1596  1.2149
   233   214   201  4.1503  1.2109
   230   218   199  4.1395  1.2059
   231   214   201  4.1187  1.1973
   230   218   201  4.1067  1.1921
   233   215   199  4.0876  1.1836
   229   217   199  4.0649  1.1739
   229   218   199  4.0630  1.1730
   230   214   201  4.0334  1.1608
   229   216   199  4.0256  1.1572
   229   217   201  4.0150  1.1531
   229   216   201  4.0149  1.1531
   231   213   200  4.4067  1.3246
   228   216   200  4.3946  1.3191
   232   213   200  4.3811  1.3129
   228   217   200  4.3797  1.3123
   230   213   200  4.3786  1.3118
   228   215   200  4.3592  1.3030
   234   216   200  4.3535  1.3005
   234   215   200  4.3511  1.2994
   230   219   200  4.3258  1.2880
   231   219   200  4.3178  1.2844
   234   217   200  4.3162  1.2837
   228   218   200  4.3150  1.2832
   233   213   200  4.3128  1.2822
   234   214   200  4.3053  1.2788
   229   213   200  4.2896  1.2718
   229   219   200  4.2890  1.2716
   232   219   200  4.2749  1.2653
   228   214   200  4.2733  1.2646
   234   217   201  4.2432  1.2515
   234   218   200  4.2413  1.2505
   234   216   201  4.2394  1.2499
   234   213   200  4.2133  1.2381
   233   219   200  4.2089  1.2362
   234   218   201  4.2056  1.2350
   228   219   200  4.2023  1.2333
   234   215   201  4.1898  1.2281
   234   218   199  4.1859  1.2260
   234   217   199  4.1855  1.2258
   233   219   201  4.1704  1.2196
   232   219   199  4.1689  1.2186
   233   219   199  4.1680  1.2182
   232   219   201  4.1675  1.2184
   231   219   199  4.1469  1.2091
   234   216   199  4.1464  1.2088
   234   219   199  4.1462  1.2088
   228   213   200  4.1390  1.2058
   234   219   201  4.1301  1.2022
   234   219   200  4.1297  1.2018
   231   219   201  4.1229  1.1991
   230   219   199  4.0988  1.1883
   234   214   201  4.0896  1.1848
   234   215   199  4.0703  1.1762
   230   219   201  4.0406  1.1639
   229   219   199  4.0212  1.1553
   232   213   201  4.0201  1.1552
   233   213   201  4.0030  1.1480
   231   212   200  4.2523  1.2553
   235   216   200  4.2430  1.2512
   235   215   200  4.2350  1.2477
   232   212   200  4.2340  1.2472
   227   216   200  4.2233  1.2425
   227   217   200  4.2209  1.2415
   230   212   200  4.2161  1.2394
   235   217   200  4.2124  1.2378
   235   214   200  4.1852  1.2258
   227   215   200  4.1751  1.2215
   233   212   200  4.1713  1.2198
   227   218   200  4.1683  1.2185
   230   220   200  4.1567  1.2135
   235   217   201  4.1515  1.2114
   231   220   200  4.1494  1.2103
   235   218   200  4.1453  1.2085
   235   218   199  4.1427  1.2072
   235   217   199  4.1423  1.2071
   235   216   201  4.1422  1.2074
   229   220   200  4.1235  1.1991
   235   218   201  4.1190  1.1974
   229   212   200  4.1190  1.1972
   232   220   200  4.1111  1.1938
   235   216   199  4.1041  1.1906
   235   219   199  4.1039  1.1905
   235   213   200  4.0908  1.1851
   232   220   199  4.0888  1.1841
   233   220   199  4.0878  1.1836
   235   215   201  4.0867  1.1835
   227   214   200  4.0775  1.1794
   234   212   200  4.0746  1.1781
   227   219   200  4.0673  1.1751
   231   220   199  4.0673  1.1749
   234   220   199  4.0665  1.1745
   233   220   201  4.0585  1.1715
   232   220   201  4.0578  1.1712
   233   220   200  4.0525  1.1688
   235   219   201  4.0485  1.1673
   228   220   200  4.0448  1.1655
   235   219   200  4.0421  1.1643
   235   215   199  4.0297  1.1589
   235   220   199  4.0254  1.1571
   230   220   199  4.0199  1.1548
   234   220   201  4.0196  1.1550
   231   220   201  4.0186  1.1546
   236   216   200  4.1220  1.1985
   236   215   200  4.1061  1.1916
   236   217   200  4.0996  1.1888
   236   218   199  4.0772  1.1791
   236   217   199  4.0757  1.1785
   231   211   200  4.0542  1.1695
   236   214   200  4.0492  1.1673
   232   211   200  4.0425  1.1645
   236   218   200  4.0406  1.1637
   236   219   199  4.0402  1.1634
   236   216   199  4.0370  1.1620
   236   217   201  4.0198  1.1551
   226   217   200  4.0181  1.1542
   230   211   200  4.0117  1.1515
   226   216   200  4.0076  1.1498
   236   216   201  4.0040  1.1484
