#   X     Y     Z      S       D
   356   183   170  4.5896  1.4221
   356   184   170  4.5835  1.4192
   357   183   170  4.5727  1.4141
   357   184   170  4.5714  1.4134
   355   183   170  4.5672  1.4114
   355   184   170  4.5567  1.4064
   356   182   170  4.5367  1.3970
   357   182   170  4.5189  1.3886
   357   184   169  4.5171  1.3888
   355   182   170  4.5153  1.3869
   356   184   169  4.5033  1.3823
   357   183   169  4.4929  1.3774
   356   183   169  4.4701  1.3667
   355   184   169  4.4479  1.3564
   357   182   169  4.4268  1.3466
   355   183   169  4.4056  1.3368
   356   182   169  4.3934  1.3312
   355   182   169  4.3181  1.2969
   358   184   170  4.5276  1.3927
   356   185   170  4.5257  1.3918
   358   183   170  4.5245  1.3912
   357   185   170  4.5218  1.3900
   357   185   169  4.5032  1.3822
   354   183   170  4.4986  1.3790
   356   185   169  4.4958  1.3787
   358   184   169  4.4934  1.3776
   355   185   170  4.4915  1.3757
   358   185   170  4.4866  1.3734
   354   184   170  4.4849  1.3726
   358   183   169  4.4775  1.3702
   358   185   169  4.4737  1.3684
   358   182   170  4.4703  1.3658
   354   182   170  4.4472  1.3551
   355   185   169  4.4471  1.3560
   356   181   170  4.4217  1.3433
   358   182   169  4.4213  1.3441
   354   185   170  4.4145  1.3400
   357   181   170  4.4071  1.3365
   355   181   170  4.3978  1.3322
   358   181   170  4.3622  1.3160
   354   185   169  4.3565  1.3143
   354   184   169  4.3504  1.3115
   354   181   170  4.3274  1.3001
   358   181   169  4.3203  1.2978
   357   181   169  4.3153  1.2956
   354   183   169  4.2991  1.2883
   356   181   169  4.2706  1.2754
   354   182   169  4.2009  1.2444
   355   181   169  4.1836  1.2367
   354   181   169  4.0548  1.1806
   359   184   170  4.4603  1.3612
   357   186   169  4.4550  1.3597
   359   183   170  4.4530  1.3577
   356   186   169  4.4506  1.3577
   359   184   169  4.4384  1.3520
   357   186   170  4.4340  1.3489
   359   183   169  4.4297  1.3480
   359   185   170  4.4277  1.3460
   356   186   170  4.4264  1.3454
   358   186   169  4.4232  1.3449
   359   185   169  4.4141  1.3407
   358   186   170  4.4109  1.3383
   355   186   169  4.4057  1.3369
   359   182   170  4.3988  1.3327
   355   186   170  4.3825  1.3252
   359   182   169  4.3821  1.3260
   353   183   170  4.3790  1.3236
   353   184   170  4.3647  1.3171
   359   186   170  4.3641  1.3168
   359   186   169  4.3624  1.3170
   353   182   170  4.3269  1.2999
   354   186   169  4.3197  1.2976
   354   186   170  4.2991  1.2873
   359   181   170  4.2949  1.2854
   353   185   170  4.2929  1.2845
   359   181   169  4.2900  1.2842
   356   180   170  4.2468  1.2639
   357   180   170  4.2392  1.2605
   353   185   169  4.2268  1.2559
   355   180   170  4.2166  1.2505
   353   184   169  4.2132  1.2498
   353   181   170  4.2048  1.2452
   358   180   170  4.2018  1.2439
   353   186   169  4.1957  1.2421
   353   186   170  4.1759  1.2325
   358   180   169  4.1714  1.2314
   357   180   169  4.1562  1.2247
   353   183   169  4.1528  1.2232
   359   180   169  4.1499  1.2219
   359   180   170  4.1420  1.2176
   354   180   170  4.1412  1.2173
   356   180   169  4.1001  1.2002
   353   182   169  4.0440  1.1760
   353   180   170  4.0149  1.1628
   355   180   169  4.0013  1.1578
   360   184   170  4.3766  1.3225
   357   187   169  4.3757  1.3231
   356   187   169  4.3708  1.3208
   360   183   170  4.3652  1.3173
   360   184   169  4.3596  1.3157
   360   183   169  4.3563  1.3142
   360   185   170  4.3521  1.3114
   358   187   169  4.3457  1.3094
   360   185   169  4.3322  1.3032
   355   187   169  4.3266  1.3007
   357   187   170  4.3191  1.2964
   360   182   169  4.3153  1.2956
   360   182   170  4.3112  1.2928
   358   187   170  4.3109  1.2927
   360   186   170  4.3002  1.2878
   356   187   170  4.2978  1.2867
   359   187   169  4.2878  1.2832
   360   186   169  4.2804  1.2798
   359   187   170  4.2791  1.2784
   354   187   169  4.2427  1.2630
   355   187   170  4.2427  1.2620
   360   181   169  4.2303  1.2575
   360   187   170  4.2293  1.2561
   360   181   170  4.2112  1.2481
   360   187   169  4.2093  1.2481
   352   183   170  4.2067  1.2461
   352   184   170  4.1956  1.2411
   354   187   170  4.1523  1.2221
   352   182   170  4.1519  1.2219
   352   185   170  4.1276  1.2113
   353   187   169  4.1228  1.2101
   360   180   169  4.0974  1.1990
   360   180   170  4.0654  1.1844
   352   185   169  4.0632  1.1843
   352   184   169  4.0410  1.1747
   352   186   169  4.0394  1.1741
   353   187   170  4.0280  1.1683
   352   181   170  4.0274  1.1681
   357   179   170  4.0211  1.1654
   360   187   168  4.0186  1.1660
   356   179   170  4.0185  1.1643
   352   186   170  4.0156  1.1631
   360   186   168  4.0111  1.1628
   359   187   168  4.0047  1.1601
   361   184   170  4.2812  1.2793
   357   188   169  4.2689  1.2747
   361   183   170  4.2657  1.2723
   361   185   170  4.2643  1.2717
   361   183   169  4.2625  1.2718
   361   184   169  4.2624  1.2718
   356   188   169  4.2598  1.2706
   358   188   169  4.2447  1.2639
   361   185   169  4.2335  1.2588
   361   182   169  4.2261  1.2556
   361   186   170  4.2229  1.2533
   355   188   169  4.2133  1.2499
   361   182   170  4.2115  1.2482
   358   188   170  4.1961  1.2414
   359   188   169  4.1935  1.2411
   357   188   170  4.1878  1.2377
   361   186   169  4.1827  1.2363
   359   188   170  4.1807  1.2346
   361   187   170  4.1642  1.2274
   356   188   170  4.1517  1.2219
   361   181   169  4.1463  1.2204
   360   188   170  4.1460  1.2193
   354   188   169  4.1295  1.2130
   360   188   169  4.1220  1.2097
   361   187   169  4.1155  1.2069
   361   181   170  4.1148  1.2057
   361   188   170  4.0937  1.1966
   355   188   170  4.0850  1.1928
   361   188   169  4.0348  1.1721
   361   180   169  4.0187  1.1652
   353   188   169  4.0122  1.1624
   360   188   168  4.0079  1.1614
   362   184   170  4.1747  1.2319
   362   185   170  4.1647  1.2275
   362   183   170  4.1553  1.2234
   362   183   169  4.1508  1.2223
   362   184   169  4.1490  1.2216
   357   189   169  4.1381  1.2167
   362   186   170  4.1322  1.2133
   358   189   169  4.1229  1.2101
   356   189   169  4.1217  1.2096
   362   185   169  4.1200  1.2089
   362   182   169  4.1171  1.2076
   362   182   170  4.1004  1.1995
   362   187   170  4.0834  1.1921
   359   189   169  4.0817  1.1922
   359   189   170  4.0742  1.1882
   358   189   170  4.0733  1.1878
   362   186   169  4.0711  1.1877
   355   189   169  4.0706  1.1875
   360   189   170  4.0542  1.1796
   357   189   170  4.0488  1.1773
   362   181   169  4.0406  1.1746
   362   188   170  4.0227  1.1661
   360   189   169  4.0199  1.1657
   361   189   170  4.0141  1.1624
   362   187   169  4.0078  1.1605
   362   181   170  4.0060  1.1590
   363   184   170  4.0543  1.1796
   363   185   170  4.0499  1.1777
   363   183   170  4.0314  1.1698
   363   186   170  4.0242  1.1667
   363   183   169  4.0200  1.1657
   363   184   169  4.0180  1.1649
