#   X     Y     Z      S       D
   321   124   279  5.2058  1.9574
   320   124   279  5.1984  1.9527
   320   123   279  5.1920  1.9487
   321   123   279  5.1861  1.9450
   321   125   279  5.1678  1.9335
   322   124   279  5.1608  1.9292
   320   125   279  5.1516  1.9234
   322   125   279  5.1363  1.9139
   322   123   279  5.1235  1.9060
   320   123   280  5.1063  1.9011
   321   124   280  5.0985  1.8962
   320   124   280  5.0942  1.8935
   321   123   280  5.0941  1.8935
   322   124   280  5.0597  1.8724
   321   125   280  5.0517  1.8675
   322   123   280  5.0347  1.8571
   320   125   280  5.0336  1.8564
   322   125   280  5.0306  1.8546
   320   125   278  4.1441  1.3555
   321   125   278  4.0538  1.3107
   319   123   279  5.1390  1.9156
   319   124   279  5.1376  1.9148
   320   122   279  5.1250  1.9070
   321   122   279  5.1010  1.8921
   319   125   279  5.0877  1.8839
   319   122   279  5.0852  1.8824
   321   126   279  5.0845  1.8820
   319   123   280  5.0665  1.8765
   323   124   279  5.0649  1.8700
   320   122   280  5.0643  1.8752
   322   126   279  5.0638  1.8693
   320   126   279  5.0626  1.8685
   323   125   279  5.0579  1.8657
   319   124   280  5.0433  1.8623
   319   122   280  5.0391  1.8598
   321   122   280  5.0319  1.8554
   322   122   279  5.0169  1.8408
   323   123   279  5.0073  1.8350
   323   126   279  5.0003  1.8308
   319   126   279  4.9983  1.8296
   323   124   280  4.9805  1.8243
   319   125   280  4.9741  1.8204
   323   125   280  4.9720  1.8191
   321   126   280  4.9644  1.8146
   322   126   280  4.9592  1.8114
   322   122   280  4.9489  1.8053
   320   126   280  4.9339  1.7963
   323   123   280  4.9326  1.7955
   323   126   280  4.9190  1.7875
   323   122   279  4.8784  1.7583
   319   126   280  4.8662  1.7562
   323   122   280  4.8220  1.7303
   319   126   278  4.3824  1.4778
   320   126   278  4.3336  1.4522
   321   126   278  4.2684  1.4185
   319   125   278  4.2204  1.3940
   322   126   278  4.1937  1.3804
   323   126   278  4.1125  1.3397
   318   123   279  5.0280  1.8475
   318   124   279  5.0250  1.8457
   320   121   279  4.9946  1.8273
   318   122   279  4.9812  1.8193
   318   125   279  4.9780  1.8174
   319   121   279  4.9726  1.8141
   321   127   279  4.9715  1.8135
   318   123   280  4.9708  1.8184
   320   121   280  4.9663  1.8157
   322   127   279  4.9602  1.8067
   319   121   280  4.9596  1.8117
   318   122   280  4.9511  1.8066
   321   121   279  4.9488  1.7999
   320   127   279  4.9444  1.7973
   318   124   280  4.9433  1.8020
   324   125   279  4.9336  1.7909
   324   124   279  4.9206  1.7831
   321   121   280  4.9106  1.7825
   323   127   279  4.9105  1.7772
   324   126   279  4.8947  1.7679
   318   126   279  4.8940  1.7674
   318   121   280  4.8835  1.7664
   318   121   279  4.8808  1.7597
   319   127   279  4.8800  1.7592
   324   125   280  4.8769  1.7625
   318   125   280  4.8717  1.7595
   324   124   280  4.8632  1.7545
   322   127   280  4.8598  1.7525
   321   127   280  4.8498  1.7466
   324   126   280  4.8445  1.7435
   324   123   279  4.8419  1.7369
   322   121   279  4.8412  1.7365
   323   127   280  4.8368  1.7390
   324   127   279  4.8224  1.7256
   320   127   280  4.8063  1.7212
   322   121   280  4.8020  1.7188
   324   123   280  4.7917  1.7128
   324   127   280  4.7811  1.7067
   318   127   279  4.7807  1.7015
   318   126   280  4.7612  1.6952
   319   127   280  4.7290  1.6767
   324   122   279  4.6925  1.6512
   323   121   279  4.6806  1.6446
   324   122   280  4.6574  1.6362
   323   121   280  4.6501  1.6321
   318   127   280  4.6189  1.6146
   319   127   278  4.4798  1.5296
   318   127   278  4.4797  1.5296
   324   121   279  4.4770  1.5324
   324   121   280  4.4640  1.5297
   320   127   278  4.4556  1.5166
   321   127   278  4.4133  1.4941
   318   126   278  4.4064  1.4905
   322   127   278  4.3577  1.4648
   323   127   278  4.2905  1.4299
   318   125   278  4.2717  1.4202
   324   127   278  4.2106  1.3890
   318   124   278  4.0804  1.3238
   324   126   278  4.0241  1.2962
   317   124   279  4.8658  1.7509
   317   123   279  4.8639  1.7497
   321   128   279  4.8435  1.7379
   322   128   279  4.8425  1.7373
   319   120   280  4.8292  1.7345
   317   125   279  4.8279  1.7288
   317   123   280  4.8183  1.7282
   317   122   279  4.8176  1.7228
   320   120   280  4.8145  1.7260
   320   128   279  4.8098  1.7183
   323   128   279  4.8062  1.7162
   320   120   279  4.8019  1.7137
   319   120   279  4.8003  1.7128
   317   122   280  4.7987  1.7168
   317   124   280  4.7942  1.7143
   318   120   280  4.7691  1.6997
   325   125   279  4.7664  1.6933
   317   126   279  4.7550  1.6868
   325   126   279  4.7489  1.6833
   325   125   280  4.7471  1.6871
   322   128   280  4.7463  1.6867
   319   128   279  4.7427  1.6797
   323   128   280  4.7398  1.6829
   325   126   280  4.7366  1.6811
   317   121   280  4.7358  1.6806
   324   128   279  4.7346  1.6751
   321   120   280  4.7342  1.6797
   321   120   279  4.7334  1.6744
   325   124   279  4.7322  1.6738
   317   125   280  4.7274  1.6758
   318   120   279  4.7248  1.6695
   317   121   279  4.7233  1.6687
   321   128   280  4.7204  1.6719
   325   124   280  4.7106  1.6663
   324   128   280  4.7013  1.6610
   325   127   279  4.6975  1.6541
   325   127   280  4.6935  1.6566
   320   128   280  4.6620  1.6388
   317   127   279  4.6521  1.6286
   318   128   279  4.6453  1.6247
   325   123   279  4.6339  1.6184
   325   128   280  4.6319  1.6219
   317   120   280  4.6313  1.6216
   325   128   279  4.6295  1.6159
   317   126   280  4.6209  1.6158
   325   123   280  4.6166  1.6134
   322   120   279  4.6037  1.6016
   322   120   280  4.6004  1.6044
   317   120   279  4.5786  1.5877
   319   128   280  4.5719  1.5886
   317   128   279  4.5238  1.5577
   319   128   278  4.5144  1.5483
   320   128   278  4.5125  1.5472
   318   128   278  4.4927  1.5366
   321   128   278  4.4910  1.5356
   317   127   280  4.4800  1.5383
   325   122   279  4.4682  1.5276
   325   122   280  4.4620  1.5286
   318   128   280  4.4529  1.5237
   322   128   278  4.4529  1.5152
   317   127   278  4.4511  1.5142
   317   128   278  4.4451  1.5111
   323   120   280  4.4261  1.5093
   323   120   279  4.4247  1.5043
   317   126   278  4.3990  1.4866
   323   128   278  4.3989  1.4865
   324   128   278  4.3277  1.4492
   317   128   280  4.3110  1.4485
   317   125   278  4.2888  1.4290
   325   121   280  4.2527  1.4182
   325   121   279  4.2425  1.4091
   325   128   278  4.2382  1.4030
   324   120   280  4.2233  1.4031
   324   120   279  4.2100  1.3925
   317   124   278  4.1250  1.3459
   325   127   278  4.1164  1.3416
   325   120   280  4.0028  1.2927
   322   129   279  4.7228  1.6684
   321   129   279  4.7118  1.6622
   323   129   279  4.7003  1.6557
   316   124   279  4.6703  1.6387
   320   129   279  4.6683  1.6376
   316   123   279  4.6574  1.6315
   319   119   280  4.6516  1.6329
   316   125   279  4.6471  1.6258
   324   129   279  4.6447  1.6244
   323   129   280  4.6383  1.6255
   322   129   280  4.6287  1.6201
   324   129   280  4.6155  1.6127
   320   119   280  4.6148  1.6124
   316   123   280  4.6140  1.6119
   318   119   280  4.6105  1.6099
   316   122   279  4.6055  1.6026
   316   124   280  4.6009  1.6046
   326   126   280  4.5981  1.6030
   319   129   279  4.5942  1.5963
   316   126   279  4.5907  1.5944
   316   122   280  4.5869  1.5968
   326   125   280  4.5863  1.5965
   321   129   280  4.5857  1.5962
   326   127   280  4.5763  1.5910
   319   119   279  4.5714  1.5838
   326   126   279  4.5684  1.5821
   326   125   279  4.5630  1.5792
   325   129   280  4.5621  1.5831
   325   129   279  4.5577  1.5763
   320   119   279  4.5529  1.5736
   316   125   280  4.5465  1.5745
   326   127   279  4.5405  1.5668
   326   128   280  4.5342  1.5678
   326   124   280  4.5279  1.5644
   316   121   280  4.5218  1.5611
   318   119   279  4.5141  1.5525
   320   129   278  4.5126  1.5473
   316   121   279  4.5115  1.5510
   321   119   280  4.5113  1.5553
   321   129   278  4.5108  1.5463
   320   129   280  4.5098  1.5545
   326   124   279  4.5083  1.5493
   316   127   279  4.5033  1.5466
   326   128   279  4.4952  1.5422
   318   129   279  4.4937  1.5414
   319   129   278  4.4933  1.5369
   322   129   278  4.4892  1.5347
   317   119   280  4.4876  1.5424
   326   129   280  4.4812  1.5389
   321   119   279  4.4644  1.5256
   316   126   280  4.4516  1.5230
   318   129   278  4.4510  1.5142
   323   129   278  4.4476  1.5124
   326   129   279  4.4441  1.5147
   316   120   280  4.4215  1.5069
   326   123   280  4.4143  1.5030
   319   129   280  4.4031  1.4970
   326   123   279  4.3937  1.4879
   316   127   278  4.3934  1.4836
   316   128   279  4.3870  1.4843
   317   129   278  4.3852  1.4793
   324   129   278  4.3849  1.4791
   317   119   279  4.3833  1.4824
   317   129   279  4.3738  1.4774
   316   120   279  4.3732  1.4770
   316   128   278  4.3726  1.4727
   316   126   278  4.3581  1.4651
   322   119   280  4.3561  1.4721
   316   127   280  4.3194  1.4529
   322   119   279  4.3178  1.4480
   325   129   278  4.3010  1.4353
   316   129   278  4.2985  1.4340
   316   119   280  4.2888  1.4369
   318   129   280  4.2707  1.4275
   316   125   278  4.2678  1.4182
   326   122   280  4.2443  1.4139
   316   129   279  4.2438  1.4097
   326   122   279  4.2181  1.3966
   326   129   278  4.1987  1.3829
   316   119   279  4.1901  1.3823
   323   119   280  4.1651  1.3734
   316   128   280  4.1550  1.3683
   326   128   278  4.1320  1.3494
   323   119   279  4.1284  1.3512
   316   124   278  4.1268  1.3468
   317   129   280  4.1209  1.3512
   326   121   280  4.0259  1.3040
   326   127   278  4.0083  1.2885
   322   130   279  4.6070  1.6034
   323   130   279  4.5990  1.5990
   321   130   279  4.5818  1.5895
   324   130   279  4.5584  1.5766
   323   130   280  4.5374  1.5696
   324   130   280  4.5287  1.5648
   320   130   279  4.5248  1.5583
   322   130   280  4.5118  1.5556
   325   130   280  4.4888  1.5431
   325   130   279  4.4876  1.5381
   321   130   278  4.4849  1.5323
   322   130   278  4.4794  1.5294
   320   130   278  4.4671  1.5228
   315   124   279  4.4530  1.5195
   321   130   280  4.4506  1.5225
   323   130   278  4.4499  1.5136
   315   125   279  4.4490  1.5173
   319   130   279  4.4390  1.5120
   327   126   280  4.4350  1.5141
   327   127   280  4.4348  1.5140
   319   118   280  4.4339  1.5135
   319   130   278  4.4263  1.5010
   315   123   279  4.4245  1.5042
   326   130   280  4.4217  1.5070
   315   126   279  4.4131  1.4982
   327   128   280  4.4129  1.5023
   318   118   280  4.4127  1.5021
   327   125   280  4.4018  1.4963
   324   130   278  4.3957  1.4848
   326   130   279  4.3918  1.4869
   327   129   280  4.3779  1.4836
   320   118   280  4.3769  1.4831
   315   124   280  4.3742  1.4817
   315   123   280  4.3696  1.4793
   327   126   279  4.3636  1.4720
   318   130   278  4.3630  1.4676
   315   122   279  4.3619  1.4711
   327   127   279  4.3605  1.4704
   320   130   280  4.3548  1.4715
   315   127   279  4.3454  1.4624
   327   128   279  4.3400  1.4596
   315   125   280  4.3391  1.4632
   327   125   279  4.3354  1.4572
   327   130   280  4.3335  1.4602
   318   130   279  4.3299  1.4543
   315   122   280  4.3287  1.4577
   327   124   280  4.3240  1.4552
   325   130   278  4.3178  1.4440
   327   129   279  4.3116  1.4448
   315   127   278  4.3110  1.4405
   317   118   280  4.3084  1.4471
   319   118   279  4.2932  1.4352
   315   126   278  4.2872  1.4282
   315   128   278  4.2802  1.4246
   327   130   279  4.2790  1.4279
   317   130   278  4.2787  1.4238
   315   121   279  4.2635  1.4198
   315   126   280  4.2631  1.4236
   327   124   279  4.2623  1.4193
   320   118   279  4.2579  1.4170
   315   121   280  4.2558  1.4198
   321   118   280  4.2546  1.4192
   318   118   279  4.2539  1.4149
   315   128   279  4.2454  1.4105
   319   130   280  4.2283  1.4056
   326   130   278  4.2205  1.3940
   315   125   278  4.2108  1.3891
   317   130   279  4.2058  1.3903
   315   129   278  4.1964  1.3818
   327   123   280  4.1947  1.3885
   316   130   278  4.1775  1.3723
   321   118   279  4.1560  1.3651
   315   120   280  4.1553  1.3685
   315   127   280  4.1475  1.3645
   317   118   279  4.1411  1.3576
   327   123   279  4.1363  1.3552
   315   120   279  4.1275  1.3508
   316   118   280  4.1268  1.3541
   315   129   279  4.1133  1.3437
   327   130   278  4.1117  1.3393
   315   124   278  4.0864  1.3268
   322   118   280  4.0847  1.3331
   327   129   278  4.0845  1.3258
   318   130   280  4.0787  1.3301
   316   130   279  4.0766  1.3255
   315   130   278  4.0656  1.3165
   315   119   280  4.0306  1.3063
   327   122   280  4.0149  1.2986
   327   128   278  4.0146  1.2915
   322   118   279  4.0018  1.2887
   323   131   279  4.5020  1.5459
   322   131   279  4.4950  1.5421
   324   131   279  4.4755  1.5315
   321   131   279  4.4540  1.5200
   324   131   280  4.4410  1.5173
   323   131   280  4.4370  1.5151
   322   131   278  4.4359  1.5061
   321   131   278  4.4250  1.5003
   325   131   279  4.4187  1.5011
   323   131   278  4.4186  1.4969
   325   131   280  4.4120  1.5018
   322   131   280  4.3959  1.4932
   320   131   278  4.3871  1.4803
   320   131   279  4.3806  1.4809
   324   131   278  4.3730  1.4728
   326   131   280  4.3558  1.4720
   326   131   279  4.3376  1.4584
   319   131   278  4.3243  1.4474
   321   131   280  4.3160  1.4511
   325   131   278  4.3014  1.4355
   327   131   280  4.2794  1.4320
   319   131   279  4.2792  1.4279
   328   127   280  4.2773  1.4309
   328   128   280  4.2757  1.4301
   328   129   280  4.2594  1.4216
   328   126   280  4.2569  1.4204
   314   125   279  4.2481  1.4119
   327   131   279  4.2407  1.4082
   318   131   278  4.2393  1.4036
   314   126   279  4.2350  1.4052
   328   130   280  4.2314  1.4072
   314   124   279  4.2305  1.4029
   314   127   278  4.2116  1.3895
   326   131   278  4.2097  1.3886
   328   125   280  4.2044  1.3934
   320   131   280  4.1991  1.3907
   314   126   278  4.1940  1.3806
   328   131   280  4.1907  1.3864
   314   127   279  4.1890  1.3818
   319   117   280  4.1864  1.3843
   318   117   280  4.1839  1.3830
   314   123   279  4.1834  1.3789
   328   128   279  4.1754  1.3749
   314   128   278  4.1753  1.3711
   328   129   279  4.1709  1.3726
   328   127   279  4.1706  1.3725
   328   130   279  4.1593  1.3668
   318   131   279  4.1571  1.3656
   328   126   279  4.1491  1.3616
   328   131   279  4.1382  1.3562
   317   131   278  4.1360  1.3514
   314   124   280  4.1295  1.3555
   314   125   278  4.1253  1.3461
   314   125   280  4.1191  1.3502
   320   117   280  4.1135  1.3474
   328   124   280  4.1104  1.3459
   314   128   279  4.1079  1.3410
   327   131   278  4.1071  1.3370
   314   122   279  4.1071  1.3406
   314   123   280  4.1027  1.3420
   317   117   280  4.1002  1.3408
   328   125   279  4.0998  1.3370
   314   129   278  4.0862  1.3267
   314   126   280  4.0679  1.3247
   319   131   280  4.0511  1.3164
   314   122   280  4.0440  1.3129
   317   131   279  4.0240  1.2996
   316   131   278  4.0202  1.2942
   328   124   279  4.0120  1.2937
   314   124   278  4.0106  1.2896
   328   131   278  4.0045  1.2866
   328   130   278  4.0015  1.2852
   314   121   279  4.0010  1.2884
   323   132   279  4.4052  1.4940
   324   132   279  4.3917  1.4868
   322   132   279  4.3835  1.4825
   322   132   278  4.3686  1.4706
   323   132   278  4.3637  1.4680
   324   132   280  4.3495  1.4686
   325   132   279  4.3468  1.4632
   321   132   278  4.3410  1.4561
   323   132   280  4.3343  1.4607
   325   132   280  4.3292  1.4580
   324   132   278  4.3269  1.4487
   321   132   279  4.3258  1.4521
   320   132   278  4.2829  1.4260
   326   132   280  4.2807  1.4327
   322   132   280  4.2786  1.4316
   326   132   279  4.2774  1.4270
   325   132   278  4.2618  1.4151
   320   132   279  4.2346  1.4050
   327   132   280  4.2126  1.3976
   319   132   278  4.1979  1.3825
   327   132   279  4.1926  1.3836
   321   132   280  4.1805  1.3813
   326   132   278  4.1757  1.3713
   329   129   280  4.1345  1.3580
   328   132   280  4.1338  1.3576
   329   128   280  4.1319  1.3567
   329   130   280  4.1241  1.3528
   319   132   279  4.1159  1.3450
   329   127   280  4.1141  1.3478
   313   127   278  4.1035  1.3353
   328   132   279  4.1032  1.3387
   329   131   280  4.0987  1.3401
   318   132   278  4.0912  1.3291
   313   126   278  4.0876  1.3274
   327   132   278  4.0790  1.3231
   329   126   280  4.0750  1.3283
   313   126   279  4.0659  1.3202
   313   128   278  4.0656  1.3165
   313   125   279  4.0563  1.3154
   329   132   280  4.0539  1.3178
   329   130   279  4.0435  1.3091
   320   132   280  4.0430  1.3124
   313   127   279  4.0417  1.3082
   329   131   279  4.0409  1.3078
   329   129   279  4.0335  1.3042
   313   125   278  4.0212  1.2947
   329   132   279  4.0204  1.2978
   313   124   279  4.0169  1.2961
   329   128   279  4.0142  1.2948
   329   125   280  4.0063  1.2944
   323   133   279  4.3042  1.4409
   324   133   279  4.3024  1.4400
   323   133   278  4.2920  1.4306
   322   133   278  4.2843  1.4267
   322   133   279  4.2683  1.4224
   325   133   279  4.2673  1.4218
   324   133   278  4.2640  1.4162
   324   133   280  4.2506  1.4171
   321   133   278  4.2402  1.4041
   325   133   280  4.2368  1.4100
   323   133   280  4.2260  1.4045
   326   133   279  4.2065  1.3907
   325   133   278  4.2052  1.3863
   321   133   279  4.1944  1.3845
   326   133   280  4.1930  1.3876
   320   133   278  4.1624  1.3647
   322   133   280  4.1570  1.3693
   327   133   279  4.1300  1.3521
   327   133   280  4.1294  1.3555
   326   133   278  4.1241  1.3455
   320   133   279  4.0859  1.3301
   319   133   278  4.0564  1.3120
   328   133   280  4.0564  1.3190
   328   133   279  4.0493  1.3120
   321   133   280  4.0424  1.3121
   327   133   278  4.0321  1.3001
   330   130   280  4.0208  1.3015
   330   131   280  4.0129  1.2976
   330   129   280  4.0127  1.2975
   323   134   278  4.2064  1.3869
   324   134   279  4.2036  1.3892
   323   134   279  4.1950  1.3849
   324   134   278  4.1872  1.3771
   322   134   278  4.1867  1.3769
   325   134   279  4.1764  1.3754
   322   134   279  4.1464  1.3603
   324   134   280  4.1412  1.3614
   325   134   278  4.1343  1.3506
   325   134   280  4.1316  1.3566
   321   134   278  4.1272  1.3470
   326   134   279  4.1214  1.3477
   323   134   280  4.1088  1.3451
   326   134   280  4.0897  1.3356
   321   134   279  4.0577  1.3162
   326   134   278  4.0571  1.3123
   327   134   279  4.0494  1.3121
   320   134   278  4.0316  1.2998
   322   134   280  4.0284  1.3052
   327   134   280  4.0267  1.3044
   323   135   278  4.1073  1.3371
   324   135   278  4.0961  1.3316
   324   135   279  4.0922  1.3332
   322   135   278  4.0766  1.3219
   323   135   279  4.0749  1.3246
   325   135   279  4.0710  1.3227
   325   135   278  4.0483  1.3080
   326   135   279  4.0192  1.2972
   324   135   280  4.0182  1.3002
   322   135   279  4.0150  1.2952
   325   135   280  4.0109  1.2967
   321   135   278  4.0037  1.2862
