#   X     Y     Z      S       D
   346    50   213  4.6241  1.4330
   347    50   213  4.6083  1.4254
   346    49   213  4.6026  1.4227
   347    51   214  4.5926  1.4189
   345    50   213  4.5922  1.4178
   347    49   213  4.5885  1.4160
   346    51   213  4.5809  1.4124
   347    50   214  4.5797  1.4127
   345    49   213  4.5673  1.4060
   347    51   213  4.5646  1.4047
   346    51   214  4.5631  1.4049
   346    50   214  4.5630  1.4048
   345    51   213  4.5535  1.3994
   347    49   214  4.5013  1.3758
   346    49   214  4.4963  1.3735
   345    50   214  4.4909  1.3709
   345    51   214  4.4809  1.3663
   345    49   214  4.4364  1.3457
   348    51   214  4.5794  1.4126
   348    50   213  4.5580  1.4016
   348    50   214  4.5515  1.3994
   348    52   214  4.5393  1.3936
   348    49   213  4.5374  1.3918
   347    52   214  4.5362  1.3922
   346    48   213  4.5224  1.3848
   348    51   213  4.5187  1.3831
   347    48   213  4.5115  1.3797
   344    50   213  4.5027  1.3756
   346    52   214  4.4951  1.3729
   345    48   213  4.4849  1.3673
   344    49   213  4.4744  1.3624
   346    52   213  4.4727  1.3616
   344    51   213  4.4711  1.3609
   348    48   213  4.4631  1.3572
   348    49   214  4.4622  1.3576
   347    52   213  4.4569  1.3543
   345    52   213  4.4510  1.3516
   348    52   213  4.4180  1.3364
   345    52   214  4.4066  1.3320
   344    48   213  4.3922  1.3245
   344    52   213  4.3792  1.3186
   346    48   214  4.3727  1.3165
   347    48   214  4.3690  1.3148
   344    50   214  4.3570  1.3094
   344    51   214  4.3394  1.3014
   345    48   214  4.3249  1.2948
   348    48   214  4.3246  1.2947
   344    49   214  4.3152  1.2904
   344    52   214  4.2641  1.2675
   344    48   214  4.2194  1.2477
   346    49   215  4.1745  1.2287
   347    49   215  4.1610  1.2228
   345    49   215  4.1555  1.2204
   346    50   215  4.1516  1.2187
   346    48   215  4.1484  1.2173
   347    50   215  4.1418  1.2144
   347    48   215  4.1347  1.2114
   345    50   215  4.1321  1.2102
   345    48   215  4.1279  1.2084
   348    49   215  4.1249  1.2071
   348    50   215  4.1131  1.2020
   344    49   215  4.0958  1.1945
   348    48   215  4.0958  1.1945
   346    51   215  4.0749  1.1855
   344    50   215  4.0744  1.1853
   347    51   215  4.0717  1.1841
   344    48   215  4.0662  1.1817
   348    51   215  4.0543  1.1767
   345    51   215  4.0536  1.1764
   349    51   214  4.5343  1.3913
   349    52   214  4.5138  1.3816
   349    50   214  4.4907  1.3708
   349    50   213  4.4871  1.3683
   349    49   213  4.4629  1.3571
   349    51   213  4.4565  1.3541
   348    53   214  4.4342  1.3447
   349    53   214  4.4287  1.3421
   347    53   214  4.4161  1.3363
   346    47   213  4.3934  1.3251
   349    49   214  4.3919  1.3252
   349    48   213  4.3903  1.3237
   347    47   213  4.3866  1.3220
   349    52   213  4.3686  1.3138
   346    53   214  4.3665  1.3137
   345    47   213  4.3547  1.3075
   343    50   213  4.3514  1.3060
   348    47   213  4.3440  1.3026
   343    51   213  4.3274  1.2951
   343    49   213  4.3217  1.2926
   346    53   213  4.3064  1.2857
   347    53   213  4.2919  1.2792
   345    53   213  4.2912  1.2789
   349    47   213  4.2772  1.2726
   345    53   214  4.2769  1.2732
   344    47   213  4.2655  1.2674
   348    53   213  4.2618  1.2657
   349    48   214  4.2522  1.2622
   343    52   213  4.2488  1.2600
   343    48   213  4.2438  1.2577
   344    53   213  4.2325  1.2527
   349    53   213  4.2278  1.2506
   346    47   214  4.2070  1.2422
   347    47   214  4.1985  1.2385
   345    47   214  4.1698  1.2259
   343    50   214  4.1617  1.2223
   348    47   214  4.1544  1.2191
   344    53   214  4.1403  1.2130
   343    51   214  4.1384  1.2122
   343    49   214  4.1333  1.2099
   343    47   213  4.1268  1.2064
   343    53   213  4.1199  1.2034
   349    47   214  4.0867  1.1898
   348    51   216  4.0821  1.1894
   346    47   215  4.0817  1.1884
   349    51   216  4.0815  1.1891
   344    47   214  4.0809  1.1873
   348    50   216  4.0800  1.1885
   349    49   215  4.0762  1.1860
   349    50   215  4.0751  1.1856
   349    50   216  4.0737  1.1858
   347    47   215  4.0710  1.1838
   343    52   214  4.0663  1.1810
   347    50   216  4.0647  1.1819
   347    51   216  4.0634  1.1814
   345    47   215  4.0577  1.1781
   343    48   214  4.0566  1.1769
   349    52   216  4.0450  1.1734
   349    48   215  4.0414  1.1711
   348    52   216  4.0385  1.1707
   348    49   216  4.0353  1.1693
   348    47   215  4.0335  1.1677
   349    51   215  4.0316  1.1669
   349    49   216  4.0262  1.1654
   347    49   216  4.0220  1.1636
   346    50   216  4.0173  1.1617
   347    52   216  4.0164  1.1612
   346    51   216  4.0141  1.1603
   350    51   214  4.4679  1.3603
   350    52   214  4.4679  1.3603
   350    50   214  4.4094  1.3333
   350    50   213  4.4077  1.3316
   350    53   214  4.4057  1.3315
   350    51   213  4.3889  1.3231
   350    49   213  4.3776  1.3179
   350    52   213  4.3180  1.2909
   350    48   213  4.3052  1.2851
   350    49   214  4.3035  1.2852
   349    54   214  4.2883  1.2784
   350    54   214  4.2867  1.2777
   348    54   214  4.2764  1.2730
   347    54   214  4.2469  1.2599
   346    46   213  4.2267  1.2501
   347    46   213  4.2242  1.2490
   350    47   213  4.1972  1.2372
   350    53   213  4.1972  1.2371
   346    54   214  4.1933  1.2362
   348    46   213  4.1889  1.2335
   345    46   213  4.1885  1.2333
   347    51   217  4.1881  1.2364
   346    51   217  4.1826  1.2340
   346    50   217  4.1763  1.2313
   347    50   217  4.1711  1.2290
   350    48   214  4.1647  1.2237
   348    51   217  4.1633  1.2255
   347    52   217  4.1589  1.2236
   348    52   217  4.1482  1.2189
   346    52   217  4.1426  1.2165
   342    50   213  4.1420  1.2130
   345    50   217  4.1368  1.2139
   345    51   217  4.1341  1.2128
   348    50   217  4.1338  1.2127
   349    46   213  4.1307  1.2081
   346    49   217  4.1285  1.2103
   349    52   217  4.1249  1.2088
   342    51   213  4.1239  1.2051
   349    51   217  4.1232  1.2080
   342    49   213  4.1145  1.2011
   347    49   217  4.1140  1.2040
   345    54   214  4.1077  1.1989
   344    46   213  4.1061  1.1974
   350    52   217  4.1021  1.1989
   345    49   217  4.0984  1.1973
   346    54   213  4.0965  1.1933
   345    54   213  4.0872  1.1893
   345    52   217  4.0870  1.1924
   348    53   217  4.0863  1.1920
   347    54   213  4.0842  1.1880
   347    53   217  4.0828  1.1906
   350    51   217  4.0822  1.1903
   349    53   217  4.0806  1.1896
   349    50   217  4.0801  1.1894
   350    53   217  4.0776  1.1883
   350    51   216  4.0728  1.1854
   348    49   217  4.0676  1.1840
   348    54   213  4.0641  1.1794
   350    46   213  4.0591  1.1772
   342    52   213  4.0590  1.1772
   346    53   217  4.0571  1.1795
   350    50   216  4.0566  1.1784
   346    48   217  4.0475  1.1754
   350    52   216  4.0472  1.1744
   342    48   213  4.0465  1.1718
   349    54   213  4.0463  1.1718
   344    54   213  4.0420  1.1699
   350    54   213  4.0365  1.1676
   350    50   215  4.0352  1.1685
   347    48   217  4.0263  1.1663
   350    50   217  4.0248  1.1657
   350    49   215  4.0231  1.1633
   346    46   214  4.0151  1.1592
   350    51   215  4.0097  1.1576
   350    47   214  4.0070  1.1557
   347    46   214  4.0053  1.1550
   349    49   217  4.0047  1.1571
   350    49   216  4.0045  1.1562
   351    52   214  4.4087  1.3329
   351    51   214  4.3895  1.3242
   351    53   214  4.3695  1.3150
   351    50   213  4.3279  1.2954
   351    51   213  4.3228  1.2931
   351    50   214  4.3186  1.2920
   351    49   213  4.2906  1.2786
   351    54   214  4.2738  1.2719
   351    52   213  4.2709  1.2698
   346    50   218  4.2211  1.2520
   346    51   218  4.2175  1.2504
   351    48   213  4.2170  1.2459
   347    51   218  4.2086  1.2464
   351    49   214  4.2084  1.2428
   345    50   218  4.2034  1.2441
   347    50   218  4.2000  1.2426
   345    51   218  4.1907  1.2385
   346    49   218  4.1790  1.2333
   348    51   218  4.1735  1.2309
   351    53   213  4.1727  1.2264
   345    49   218  4.1707  1.2297
   347    52   218  4.1701  1.2295
   346    52   218  4.1664  1.2278
   348    52   218  4.1528  1.2219
   348    50   218  4.1497  1.2205
   347    49   218  4.1475  1.2195
   344    50   218  4.1413  1.2168
   345    52   218  4.1324  1.2129
   351    55   214  4.1318  1.2093
   349    52   218  4.1257  1.2100
   350    55   214  4.1252  1.2064
   349    51   218  4.1244  1.2095
   344    51   218  4.1225  1.2086
   344    49   218  4.1173  1.2064
   351    47   213  4.1126  1.2003
   349    55   214  4.1099  1.1998
   351    53   218  4.1037  1.2005
   350    52   218  4.1005  1.1991
   345    48   218  4.0970  1.1976
   346    48   218  4.0969  1.1975
   351    52   217  4.0888  1.1931
   348    53   218  4.0877  1.1935
   350    53   218  4.0876  1.1935
   351    52   218  4.0874  1.1934
   348    49   218  4.0865  1.1930
   347    53   218  4.0864  1.1930
   348    55   214  4.0855  1.1893
   349    53   218  4.0848  1.1923
   351    53   217  4.0847  1.1913
   349    50   218  4.0835  1.1917
   351    54   218  4.0819  1.1910
   350    51   218  4.0749  1.1880
   351    48   214  4.0732  1.1840
   346    53   218  4.0710  1.1863
   351    51   216  4.0650  1.1820
   344    52   218  4.0616  1.1823
   347    48   218  4.0585  1.1810
   344    48   218  4.0536  1.1789
   351    52   216  4.0536  1.1771
   351    51   217  4.0506  1.1767
   347    55   214  4.0494  1.1738
   344    50   217  4.0457  1.1746
   351    50   216  4.0374  1.1702
   351    51   218  4.0367  1.1716
   350    54   218  4.0358  1.1712
   344    51   217  4.0357  1.1703
   351    54   213  4.0353  1.1671
   351    54   217  4.0345  1.1698
   347    45   213  4.0340  1.1665
   346    45   213  4.0334  1.1663
   345    53   218  4.0321  1.1697
   345    48   217  4.0261  1.1662
   344    49   217  4.0171  1.1624
   350    50   218  4.0157  1.1626
   349    49   218  4.0095  1.1600
   350    54   217  4.0078  1.1584
   348    45   213  4.0058  1.1545
   349    54   218  4.0044  1.1578
   352    52   214  4.3414  1.3023
   352    53   214  4.3233  1.2941
   352    51   214  4.3061  1.2864
   352    51   213  4.2605  1.2652
   352    50   213  4.2519  1.2613
   352    54   214  4.2502  1.2614
   352    52   213  4.2278  1.2507
   352    50   214  4.2264  1.2508
   346    51   219  4.2262  1.2552
   346    52   219  4.2196  1.2523
   347    51   219  4.2189  1.2520
   347    52   219  4.2123  1.2491
   345    51   219  4.2073  1.2469
   352    49   213  4.2068  1.2414
   345    52   219  4.2016  1.2443
   348    51   219  4.1949  1.2414
   346    50   219  4.1902  1.2393
   348    52   219  4.1894  1.2389
   347    50   219  4.1849  1.2369
   346    53   219  4.1728  1.2316
   345    50   219  4.1703  1.2305
   347    53   219  4.1668  1.2290
   349    51   219  4.1642  1.2278
   348    50   219  4.1629  1.2273
   349    52   219  4.1611  1.2265
   344    51   219  4.1561  1.2243
   345    53   219  4.1553  1.2239
   352    53   213  4.1527  1.2177
   344    52   219  4.1512  1.2221
   348    53   219  4.1474  1.2204
   352    54   218  4.1430  1.2176
   350    52   219  4.1362  1.2156
   352    53   218  4.1361  1.2146
   350    51   219  4.1355  1.2153
   349    50   219  4.1335  1.2144
   352    48   213  4.1306  1.2081
   352    55   214  4.1286  1.2079
   349    53   219  4.1245  1.2105
   351    52   219  4.1200  1.2085
   344    50   219  4.1193  1.2082
   352    49   214  4.1150  1.2020
   346    49   219  4.1147  1.2062
   351    51   219  4.1143  1.2060
   347    49   219  4.1134  1.2056
   352    52   219  4.1130  1.2054
   352    55   218  4.1107  1.2035
   344    53   219  4.1071  1.2029
   350    53   219  4.1065  1.2026
   350    50   219  4.1050  1.2020
   352    53   217  4.1036  1.1995
   352    51   219  4.1018  1.2006
   352    53   219  4.0985  1.1992
   351    53   219  4.0979  1.1989
   348    49   219  4.0966  1.1983
   346    54   219  4.0928  1.1967
   345    49   219  4.0928  1.1967
   352    52   218  4.0921  1.1954
   347    54   219  4.0896  1.1953
   352    52   217  4.0884  1.1930
   351    50   219  4.0825  1.1922
   345    54   219  4.0755  1.1892
   348    54   219  4.0753  1.1891
   349    49   219  4.0725  1.1879
   352    54   217  4.0723  1.1860
   343    51   219  4.0707  1.1871
   352    52   216  4.0680  1.1833
   352    50   219  4.0674  1.1857
   343    52   219  4.0664  1.1853
   352    51   216  4.0629  1.1811
   349    54   219  4.0596  1.1824
   352    54   219  4.0592  1.1822
   351    54   219  4.0503  1.1784
   350    54   219  4.0501  1.1783
   350    49   219  4.0482  1.1774
   344    49   219  4.0429  1.1752
   352    54   213  4.0394  1.1688
   343    50   219  4.0361  1.1723
   343    50   218  4.0339  1.1704
   352    51   217  4.0329  1.1691
   344    54   219  4.0300  1.1697
   352    53   216  4.0289  1.1666
   351    49   219  4.0282  1.1689
   352    47   213  4.0278  1.1639
   343    53   219  4.0253  1.1677
   351    55   218  4.0233  1.1659
   352    50   216  4.0214  1.1634
   343    49   218  4.0184  1.1638
   352    51   218  4.0177  1.1635
   343    51   218  4.0110  1.1606
   347    48   219  4.0105  1.1613
   346    48   219  4.0057  1.1593
   348    48   219  4.0018  1.1576
   347    49   220  4.3676  1.3201
   346    49   220  4.3633  1.3181
   347    50   220  4.3529  1.3134
   348    49   220  4.3500  1.3120
   348    50   220  4.3447  1.3096
   346    50   220  4.3409  1.3079
   346    48   220  4.3390  1.3070
   347    48   220  4.3364  1.3058
   345    49   220  4.3266  1.3014
   349    50   220  4.3262  1.3012
   349    49   220  4.3209  1.2988
   348    48   220  4.3118  1.2947
   345    48   220  4.3095  1.2936
   350    50   220  4.3054  1.2918
   345    50   220  4.2979  1.2884
   348    51   220  4.2928  1.2861
   347    51   220  4.2905  1.2850
   350    49   220  4.2884  1.2841
   353    51   220  4.2875  1.2837
   351    50   220  4.2874  1.2837
   349    51   220  4.2874  1.2836
   352    51   220  4.2821  1.2813
   350    51   220  4.2813  1.2809
   351    51   220  4.2792  1.2800
   349    48   220  4.2754  1.2782
   352    50   220  4.2739  1.2776
   353    52   220  4.2735  1.2774
   346    47   220  4.2734  1.2774
   346    51   220  4.2708  1.2762
   353    52   214  4.2692  1.2698
   353    53   214  4.2685  1.2695
   347    47   220  4.2652  1.2737
   353    50   220  4.2631  1.2727
   351    49   220  4.2578  1.2704
   345    47   220  4.2509  1.2673
   352    52   220  4.2506  1.2671
   344    49   220  4.2486  1.2663
   344    48   220  4.2396  1.2622
   348    47   220  4.2359  1.2606
   350    48   220  4.2349  1.2601
   352    49   220  4.2307  1.2583
   351    52   220  4.2296  1.2578
   345    51   220  4.2233  1.2550
   353    51   214  4.2222  1.2489
   353    53   220  4.2171  1.2522
   353    54   214  4.2156  1.2460
   344    50   220  4.2145  1.2511
   350    52   220  4.2142  1.2509
   353    54   218  4.2133  1.2485
   353    49   220  4.2056  1.2471
   349    52   220  4.2042  1.2465
   353    55   218  4.2035  1.2442
   353    51   213  4.2008  1.2387
   348    52   220  4.1960  1.2429
   351    48   220  4.1951  1.2424
   349    47   220  4.1950  1.2424
   353    52   213  4.1858  1.2321
   347    52   220  4.1834  1.2373
   353    53   218  4.1818  1.2346
   353    50   213  4.1795  1.2294
   352    53   220  4.1772  1.2346
   346    52   220  4.1576  1.2259
   352    48   220  4.1573  1.2258
   353    56   218  4.1534  1.2221
   351    53   220  4.1388  1.2177
   344    51   220  4.1382  1.2174
   353    50   214  4.1376  1.2118
   353    53   213  4.1322  1.2087
   353    53   217  4.1303  1.2111
   353    49   213  4.1268  1.2064
   343    48   220  4.1257  1.2120
   343    49   220  4.1251  1.2117
   353    54   220  4.1191  1.2091
   353    54   217  4.1158  1.2048
   353    52   218  4.1140  1.2049
   353    55   214  4.1132  1.2013
   353    52   219  4.1110  1.2046
   345    52   220  4.1083  1.2044
   350    53   220  4.1067  1.2037
   353    53   219  4.1032  1.2012
   353    52   217  4.0982  1.1972
   353    51   219  4.0946  1.1975
   353    52   216  4.0898  1.1927
   343    50   220  4.0855  1.1945
   349    53   220  4.0819  1.1929
   353    54   219  4.0708  1.1872
   353    53   216  4.0682  1.1834
   353    51   216  4.0672  1.1830
   352    54   220  4.0648  1.1856
   348    53   220  4.0617  1.1842
   353    50   219  4.0568  1.1812
   353    55   217  4.0522  1.1774
   353    48   213  4.0471  1.1721
   352    56   218  4.0426  1.1741
   353    54   213  4.0422  1.1700
   347    53   220  4.0408  1.1752
   353    49   214  4.0279  1.1646
   353    51   217  4.0277  1.1669
   344    52   220  4.0254  1.1686
   353    51   218  4.0191  1.1641
   353    55   219  4.0165  1.1639
   352    49   219  4.0135  1.1626
   351    54   220  4.0121  1.1630
   346    53   220  4.0112  1.1626
   353    50   216  4.0100  1.1585
   343    51   220  4.0092  1.1617
   353    49   219  4.0014  1.1575
   354    52   220  4.2906  1.2851
   354    55   218  4.2894  1.2825
   354    51   220  4.2890  1.2844
   354    54   218  4.2819  1.2791
   354    56   218  4.2531  1.2662
   354    53   220  4.2496  1.2667
   354    50   220  4.2494  1.2666
   354    53   218  4.2317  1.2567
   354    53   214  4.2051  1.2414
   354    52   214  4.1931  1.2361
   344    47   220  4.1904  1.2404
   354    49   220  4.1777  1.2348
   354    57   218  4.1771  1.2325
   346    46   220  4.1731  1.2327
   354    54   214  4.1686  1.2254
   354    54   220  4.1649  1.2291
   347    46   220  4.1604  1.2272
   345    46   220  4.1573  1.2258
   354    53   217  4.1556  1.2222
   354    54   217  4.1546  1.2218
   350    47   220  4.1496  1.2224
   354    52   218  4.1459  1.2188
   354    51   213  4.1398  1.2121
   354    52   213  4.1397  1.2120
   354    51   214  4.1390  1.2124
   348    46   220  4.1281  1.2130
   353    48   220  4.1198  1.2094
   354    52   216  4.1135  1.2030
   354    52   217  4.1104  1.2025
   354    53   216  4.1082  1.2007
   354    50   213  4.1080  1.1983
   344    46   220  4.1064  1.2036
   354    52   219  4.1060  1.2024
   354    53   213  4.1049  1.1969
   351    47   220  4.1035  1.2023
   354    53   219  4.1032  1.2012
   354    55   217  4.1030  1.1993
   343    47   220  4.0887  1.1959
   354    51   219  4.0854  1.1935
   349    46   220  4.0847  1.1942
   354    55   214  4.0832  1.1883
   354    48   220  4.0786  1.1915
   354    54   219  4.0758  1.1893
   354    51   216  4.0742  1.1860
   353    57   218  4.0688  1.1854
   352    47   220  4.0572  1.1823
   354    50   214  4.0533  1.1755
   354    54   216  4.0506  1.1759
   354    49   213  4.0483  1.1726
   354    50   219  4.0442  1.1757
   354    55   220  4.0411  1.1754
   350    46   220  4.0362  1.1733
   354    54   213  4.0359  1.1673
   354    51   218  4.0352  1.1710
   354    51   217  4.0284  1.1672
   354    55   219  4.0257  1.1678
   353    47   220  4.0088  1.1615
   354    56   217  4.0026  1.1562
   354    50   216  4.0010  1.1547
   355    55   218  4.3535  1.3115
   355    54   218  4.3344  1.3028
   355    56   218  4.3266  1.2993
   355    52   220  4.2916  1.2856
   355    51   220  4.2772  1.2791
   355    53   218  4.2724  1.2749
   355    53   220  4.2630  1.2727
   355    57   218  4.2564  1.2677
   355    50   220  4.2249  1.2557
   355    54   220  4.1896  1.2400
   355    54   217  4.1765  1.2313
   355    52   218  4.1755  1.2318
   355    53   217  4.1682  1.2277
   355    58   218  4.1498  1.2205
   355    49   220  4.1403  1.2184
   355    53   216  4.1379  1.2136
   355    55   217  4.1339  1.2127
   355    53   214  4.1319  1.2093
   355    52   216  4.1302  1.2102
   355    52   217  4.1146  1.2043
   355    52   214  4.1118  1.2006
   355    54   214  4.1074  1.1987
   355    54   216  4.0916  1.1935
   355    53   219  4.0880  1.1946
   355    52   219  4.0879  1.1946
   355    52   213  4.0844  1.1881
   355    51   216  4.0768  1.1871
   355    55   220  4.0746  1.1898
   355    51   213  4.0732  1.1833
   354    58   218  4.0692  1.1856
   355    51   219  4.0645  1.1845
   355    53   213  4.0644  1.1795
   355    54   219  4.0636  1.1841
   355    51   218  4.0549  1.1794
   355    51   214  4.0548  1.1761
   346    45   220  4.0436  1.1765
   355    56   217  4.0402  1.1723
   355    55   214  4.0357  1.1680
   345    45   220  4.0341  1.1724
   355    50   213  4.0333  1.1662
   355    48   220  4.0280  1.1698
   347    45   220  4.0271  1.1694
   355    51   217  4.0254  1.1659
   355    50   219  4.0206  1.1656
   343    46   220  4.0177  1.1653
   355    55   219  4.0162  1.1638
   355    54   213  4.0128  1.1575
   356    55   218  4.3810  1.3240
   356    56   218  4.3595  1.3142
   356    54   218  4.3562  1.3127
   356    57   218  4.2931  1.2841
   356    53   218  4.2893  1.2824
   356    52   220  4.2650  1.2736
   356    53   220  4.2451  1.2647
   356    51   220  4.2418  1.2632
   356    52   218  4.1884  1.2375
   356    58   218  4.1872  1.2370
   356    50   220  4.1802  1.2359
   356    54   220  4.1801  1.2358
   356    54   217  4.1696  1.2283
   356    53   217  4.1569  1.2227
   356    53   216  4.1450  1.2166
   356    55   217  4.1323  1.2120
   356    52   216  4.1286  1.2095
   356    54   216  4.1058  1.1996
   356    52   217  4.1002  1.1981
   356    49   220  4.0857  1.1946
   356    55   220  4.0728  1.1890
   356    51   216  4.0650  1.1820
   356    51   218  4.0644  1.1835
   356    59   218  4.0500  1.1773
   356    53   219  4.0477  1.1772
   356    52   219  4.0467  1.1768
   356    53   214  4.0464  1.1725
   356    56   217  4.0438  1.1738
   356    54   214  4.0299  1.1655
   356    54   219  4.0245  1.1673
   356    52   214  4.0224  1.1623
   356    51   219  4.0223  1.1664
   355    59   218  4.0153  1.1625
   356    52   213  4.0151  1.1585
   356    51   217  4.0087  1.1588
   356    55   216  4.0078  1.1576
   356    53   213  4.0056  1.1545
   357    55   218  4.3600  1.3144
   357    56   218  4.3405  1.3056
   357    54   218  4.3347  1.3029
   357    57   218  4.2763  1.2766
   357    53   218  4.2692  1.2734
   357    52   220  4.2005  1.2448
   357    53   220  4.1853  1.2381
   357    51   220  4.1730  1.2327
   357    58   218  4.1717  1.2301
   357    52   218  4.1713  1.2300
   357    54   220  4.1259  1.2120
   357    54   217  4.1252  1.2089
   357    53   216  4.1169  1.2044
   357    53   217  4.1129  1.2036
   357    50   220  4.1069  1.2038
   357    52   216  4.0966  1.1957
   357    55   217  4.0895  1.1934
   357    54   216  4.0808  1.1888
   357    52   217  4.0584  1.1800
   357    51   218  4.0502  1.1774
   357    59   218  4.0336  1.1703
   357    51   216  4.0275  1.1660
   357    55   220  4.0249  1.1684
   357    49   220  4.0067  1.1606
   357    56   217  4.0039  1.1568
   358    55   218  4.2830  1.2796
   358    56   218  4.2627  1.2705
   358    54   218  4.2617  1.2700
   358    53   218  4.2030  1.2440
   358    57   218  4.2000  1.2426
   358    52   218  4.1138  1.2048
   358    58   218  4.0976  1.1978
   358    52   220  4.0915  1.1971
   358    53   220  4.0771  1.1908
   358    51   220  4.0644  1.1854
   358    53   216  4.0437  1.1729
   358    54   217  4.0389  1.1717
   358    53   217  4.0316  1.1686
   358    52   216  4.0238  1.1644
   358    54   220  4.0205  1.1665
   358    54   216  4.0073  1.1574
   358    51   218  4.0013  1.1565
   358    55   217  4.0012  1.1556
   359    55   218  4.1483  1.2199
   359    54   218  4.1341  1.2137
   359    56   218  4.1251  1.2098
   359    53   218  4.0864  1.1930
   359    57   218  4.0633  1.1830
   359    52   218  4.0102  1.1603
