#   X     Y     Z      S       D
    86   304   154  5.5742  1.9716
    86   305   154  5.5599  1.9632
    85   304   154  5.5577  1.9619
    85   305   154  5.5400  1.9515
    86   303   154  5.5159  1.9373
    87   304   154  5.5114  1.9347
    85   303   154  5.5055  1.9313
    87   305   154  5.5004  1.9283
    87   303   154  5.4485  1.8982
    86   305   153  5.0062  1.6558
    85   305   153  4.9987  1.6519
    85   304   153  4.9794  1.6417
    86   304   153  4.9774  1.6407
    87   305   153  4.9399  1.6210
    85   303   153  4.9139  1.6075
    87   304   153  4.9040  1.6023
    86   303   153  4.8994  1.5999
    87   303   153  4.8171  1.5577
    85   303   155  4.7919  1.5415
    85   304   155  4.7725  1.5317
    86   303   155  4.7577  1.5243
    86   304   155  4.7348  1.5128
    85   305   155  4.7095  1.5002
    87   303   155  4.6804  1.4858
    86   305   155  4.6681  1.4797
    87   304   155  4.6540  1.4727
    87   305   155  4.5842  1.4387
    84   304   154  5.4681  1.9095
    86   306   154  5.4671  1.9090
    84   305   154  5.4476  1.8977
    85   306   154  5.4470  1.8973
    84   303   154  5.4228  1.8834
    87   306   154  5.4092  1.8756
    86   302   154  5.3945  1.8672
    85   302   154  5.3922  1.8659
    88   304   154  5.3676  1.8519
    88   305   154  5.3590  1.8471
    84   306   154  5.3562  1.8454
    87   302   154  5.3223  1.8263
    84   302   154  5.3197  1.8249
    88   303   154  5.3029  1.8154
    88   306   154  5.2703  1.7972
    85   304   156  5.1923  1.7503
    85   303   156  5.1894  1.7487
    88   302   154  5.1760  1.7452
    86   304   156  5.1695  1.7378
    86   303   156  5.1594  1.7323
    84   303   156  5.1564  1.7307
    84   304   156  5.1533  1.7290
    85   305   156  5.1349  1.7190
    85   302   156  5.1286  1.7157
    86   305   156  5.1161  1.7089
    84   302   156  5.1042  1.7025
    84   305   156  5.0934  1.6967
    86   302   156  5.0897  1.6947
    87   304   156  5.0819  1.6906
    87   303   156  5.0651  1.6816
    87   305   156  5.0330  1.6645
    85   306   156  5.0170  1.6561
    86   306   156  4.9982  1.6462
    87   302   156  4.9878  1.6407
    84   306   156  4.9775  1.6353
    86   306   153  4.9746  1.6392
    85   306   153  4.9627  1.6329
    84   305   153  4.9289  1.6153
    88   304   156  4.9280  1.6095
    84   304   153  4.9194  1.6103
    87   306   156  4.9165  1.6036
    87   306   153  4.9124  1.6067
    88   303   156  4.9062  1.5982
    84   306   153  4.8889  1.5945
    88   305   156  4.8830  1.5863
    84   303   153  4.8680  1.5837
    88   302   156  4.8242  1.5562
    85   302   153  4.8132  1.5557
    88   305   153  4.7934  1.5457
    86   302   153  4.7851  1.5414
    84   302   153  4.7829  1.5403
    84   303   155  4.7810  1.5360
    85   302   155  4.7699  1.5304
    88   306   153  4.7689  1.5332
    88   306   156  4.7689  1.5283
    84   304   155  4.7657  1.5283
    84   302   155  4.7560  1.5234
    88   304   153  4.7541  1.5258
    86   302   155  4.7388  1.5148
    84   305   155  4.7073  1.4991
    87   302   153  4.6941  1.4958
    87   302   155  4.6651  1.4782
    88   303   153  4.6640  1.4809
    84   306   155  4.6042  1.4484
    85   306   155  4.6017  1.4472
    88   303   155  4.5613  1.4276
    86   306   155  4.5570  1.4255
    88   302   155  4.5508  1.4225
    88   302   153  4.5389  1.4198
    88   304   155  4.5308  1.4129
    87   306   155  4.4709  1.3844
    88   305   155  4.4580  1.3782
    88   306   155  4.3430  1.3245
    83   304   154  5.3149  1.8222
    86   307   154  5.2939  1.8104
    83   305   154  5.2926  1.8097
    85   307   154  5.2767  1.8008
    83   303   154  5.2764  1.8006
    87   307   154  5.2358  1.7781
    85   301   154  5.2298  1.7748
    86   301   154  5.2230  1.7710
    83   306   154  5.2044  1.7608
    84   307   154  5.1916  1.7537
    83   302   154  5.1848  1.7500
    84   301   154  5.1700  1.7419
    89   304   154  5.1469  1.7293
    87   301   154  5.1465  1.7291
    89   305   154  5.1389  1.7250
    88   307   154  5.0991  1.7035
    89   303   154  5.0838  1.6953
    83   303   156  5.0627  1.6803
    83   304   156  5.0558  1.6767
    89   306   154  5.0526  1.6786
    83   301   154  5.0500  1.6773
    83   307   154  5.0478  1.6761
    83   302   156  5.0176  1.6564
    85   301   156  5.0160  1.6555
    88   301   154  5.0017  1.6516
    84   301   156  5.0016  1.6479
    83   305   156  4.9963  1.6452
    85   304   157  4.9820  1.6359
    86   301   156  4.9680  1.6304
    85   305   157  4.9629  1.6260
    89   302   154  4.9615  1.6305
    84   304   157  4.9587  1.6238
    85   303   157  4.9562  1.6225
    86   304   157  4.9554  1.6221
    86   305   157  4.9394  1.6137
    84   303   157  4.9392  1.6136
    84   305   157  4.9359  1.6119
    83   301   156  4.9248  1.6078
    86   303   157  4.9246  1.6061
    85   306   157  4.8941  1.5903
    83   304   157  4.8912  1.5889
    85   302   157  4.8897  1.5881
    89   307   154  4.8854  1.5909
    83   306   156  4.8851  1.5874
    84   302   157  4.8805  1.5834
    83   303   157  4.8780  1.5820
    86   307   153  4.8755  1.5876
    87   304   157  4.8729  1.5795
    86   306   157  4.8712  1.5785
    84   306   157  4.8661  1.5760
    83   305   157  4.8647  1.5752
    85   307   153  4.8645  1.5819
    87   301   156  4.8594  1.5742
    87   305   157  4.8583  1.5720
    86   302   157  4.8519  1.5687
    85   307   156  4.8404  1.5645
    87   303   157  4.8395  1.5624
    83   302   157  4.8274  1.5563
    86   307   156  4.8175  1.5529
    87   307   153  4.8139  1.5560
    83   305   153  4.8103  1.5542
    83   304   153  4.8092  1.5537
    84   307   156  4.8073  1.5477
    89   301   154  4.7950  1.5447
    83   306   157  4.7942  1.5394
    84   307   153  4.7932  1.5455
    87   306   157  4.7897  1.5372
    85   301   157  4.7868  1.5357
    84   301   157  4.7859  1.5353
    83   303   153  4.7706  1.5341
    85   307   157  4.7695  1.5270
    83   306   153  4.7679  1.5327
    87   302   157  4.7636  1.5241
    86   307   157  4.7447  1.5146
    84   307   157  4.7437  1.5141
    86   301   157  4.7427  1.5136
    83   301   157  4.7420  1.5133
    87   307   156  4.7341  1.5109
    88   304   157  4.7289  1.5067
    83   307   156  4.7238  1.5057
    83   303   155  4.7231  1.5070
    88   305   157  4.7130  1.4988
    83   304   155  4.7126  1.5017
    85   301   155  4.7110  1.5010
    89   304   156  4.7081  1.4979
    83   302   153  4.7005  1.4990
    88   303   157  4.6963  1.4905
    84   301   155  4.6956  1.4933
    83   302   155  4.6949  1.4929
    88   301   156  4.6928  1.4903
    85   301   153  4.6886  1.4930
    89   303   156  4.6841  1.4861
    86   301   155  4.6822  1.4866
    83   307   153  4.6764  1.4870
    83   307   157  4.6744  1.4797
    84   301   153  4.6731  1.4854
    88   307   153  4.6724  1.4850
    89   305   156  4.6660  1.4771
    87   307   157  4.6615  1.4734
    83   305   155  4.6597  1.4756
    87   301   157  4.6516  1.4685
    86   301   153  4.6483  1.4731
    88   306   157  4.6429  1.4643
    83   301   155  4.6334  1.4627
    88   302   157  4.6215  1.4538
    87   301   155  4.6118  1.4521
    83   301   153  4.6058  1.4523
    89   302   156  4.6016  1.4456
    88   307   156  4.5873  1.4387
    89   305   153  4.5676  1.4337
    83   306   155  4.5625  1.4282
    89   306   156  4.5551  1.4231
    87   301   153  4.5502  1.4253
    89   306   153  4.5444  1.4225
    89   304   153  4.5293  1.4152
    89   304   157  4.5197  1.4047
    88   307   157  4.5131  1.4015
    88   301   157  4.5117  1.4009
    88   301   155  4.5026  1.3994
    89   305   157  4.4998  1.3952
    89   303   157  4.4923  1.3916
    89   301   156  4.4724  1.3836
    84   307   155  4.4556  1.3771
    89   307   153  4.4515  1.3781
    85   307   155  4.4489  1.3739
    89   303   153  4.4424  1.3738
    89   306   157  4.4267  1.3607
    89   302   157  4.4238  1.3594
    83   307   155  4.4195  1.3601
    86   307   155  4.4016  1.3517
    89   303   155  4.4012  1.3515
    89   302   155  4.3970  1.3496
    88   301   153  4.3951  1.3515
    89   307   156  4.3775  1.3391
    89   304   155  4.3654  1.3348
    89   301   155  4.3559  1.3304
    89   302   153  4.3230  1.3180
    89   301   157  4.3219  1.3121
    87   307   155  4.3144  1.3113
    89   307   157  4.2956  1.3000
    89   305   155  4.2889  1.2996
    89   301   153  4.1871  1.2561
    88   307   155  4.1866  1.2533
    89   306   155  4.1723  1.2469
    89   307   155  4.0169  1.1785
    82   304   154  5.1086  1.7086
    82   305   154  5.0854  1.6962
    82   303   154  5.0766  1.6914
    86   308   154  5.0427  1.6733
    85   300   154  5.0332  1.6683
    85   308   154  5.0311  1.6672
    86   300   154  5.0174  1.6599
    82   306   154  5.0019  1.6517
    82   302   154  4.9968  1.6490
    84   300   154  4.9873  1.6440
    87   308   154  4.9830  1.6418
    84   308   154  4.9552  1.6272
    86   304   158  4.9499  1.6175
    85   304   158  4.9447  1.6148
    87   300   154  4.9380  1.6182
    86   303   158  4.9265  1.6054
    85   303   158  4.9242  1.6042
    86   305   158  4.9202  1.6021
    85   305   158  4.9159  1.5999
    82   303   156  4.9117  1.6011
    82   304   156  4.9042  1.5972
    87   304   158  4.8969  1.5901
    84   304   158  4.8908  1.5870
    83   300   154  4.8849  1.5907
    82   301   154  4.8785  1.5874
    84   303   158  4.8752  1.5790
    87   303   158  4.8735  1.5781
    82   302   156  4.8715  1.5804
    87   305   158  4.8648  1.5737
    85   300   156  4.8628  1.5759
    84   305   158  4.8615  1.5720
    90   304   154  4.8590  1.5774
    84   300   156  4.8586  1.5738
    85   302   158  4.8565  1.5694
    82   307   154  4.8552  1.5754
    86   302   158  4.8531  1.5677
    90   305   154  4.8491  1.5723
    88   308   154  4.8486  1.5721
    82   305   156  4.8483  1.5685
    85   306   158  4.8367  1.5594
    86   306   158  4.8362  1.5591
    83   308   154  4.8236  1.5593
    84   302   158  4.8158  1.5488
    86   300   156  4.8070  1.5475
    90   303   154  4.8018  1.5482
    83   304   158  4.7983  1.5400
    87   302   158  4.7982  1.5399
    88   300   154  4.7972  1.5458
    83   300   156  4.7936  1.5407
    83   303   158  4.7885  1.5350
    82   301   156  4.7877  1.5377
    84   306   158  4.7868  1.5341
    82   304   157  4.7840  1.5343
    88   304   158  4.7789  1.5302
    82   303   157  4.7762  1.5304
    87   306   158  4.7755  1.5285
    83   305   158  4.7678  1.5246
    90   306   154  4.7643  1.5292
    88   303   158  4.7587  1.5200
    82   305   157  4.7544  1.5195
    82   306   156  4.7449  1.5163
    85   301   158  4.7445  1.5129
    88   305   158  4.7424  1.5119
    83   302   158  4.7384  1.5099
    86   301   158  4.7337  1.5076
    82   300   154  4.7332  1.5137
    82   302   157  4.7331  1.5088
    84   301   158  4.7139  1.4978
    85   307   158  4.7076  1.4946
    86   308   153  4.7055  1.5015
    85   308   153  4.7004  1.4989
    86   307   158  4.6984  1.4901
    83   306   158  4.6969  1.4894
    87   300   156  4.6938  1.4908
    90   302   154  4.6894  1.4918
    88   302   158  4.6857  1.4838
    82   306   157  4.6839  1.4844
    87   301   158  4.6755  1.4788
    82   304   158  4.6753  1.4787
    82   303   158  4.6711  1.4766
    82   300   156  4.6691  1.4786
    84   307   158  4.6665  1.4743
    84   300   157  4.6606  1.4729
    82   304   153  4.6600  1.4789
    82   301   157  4.6565  1.4710
    82   305   153  4.6556  1.4767
    85   300   157  4.6535  1.4695
    83   301   158  4.6479  1.4652
    88   306   158  4.6476  1.4651
    82   308   154  4.6451  1.4700
    82   305   158  4.6436  1.4631
    87   308   153  4.6416  1.4698
    89   308   154  4.6408  1.4678
    84   308   153  4.6377  1.4679
    82   303   153  4.6310  1.4646
    82   302   158  4.6300  1.4565
    87   307   158  4.6297  1.4564
    83   300   157  4.6260  1.4560
    85   300   155  4.6223  1.4572
    82   303   155  4.6170  1.4547
    82   306   153  4.6132  1.4559
    82   304   155  4.6116  1.4520
    85   308   156  4.6086  1.4490
    84   300   155  4.6071  1.4498
    86   300   157  4.6042  1.4454
    90   307   154  4.6022  1.4489
    89   300   154  4.6016  1.4486
    82   307   156  4.5951  1.4425
    86   300   155  4.5946  1.4437
    89   304   158  4.5921  1.4381
    85   300   158  4.5906  1.4374
    82   302   155  4.5857  1.4394
    84   308   156  4.5857  1.4379
    83   307   158  4.5852  1.4348
    85   308   157  4.5839  1.4356
    86   308   156  4.5784  1.4344
    89   303   158  4.5782  1.4314
    82   306   158  4.5762  1.4304
    82   302   153  4.5732  1.4364
    86   300   158  4.5718  1.4283
    84   300   158  4.5709  1.4279
    82   307   157  4.5676  1.4277
    82   305   155  4.5650  1.4294
    88   301   158  4.5649  1.4250
    84   308   157  4.5633  1.4256
    86   308   157  4.5551  1.4217
    85   300   153  4.5511  1.4257
    82   301   158  4.5506  1.4181
    82   300   157  4.5503  1.4193
    89   305   158  4.5497  1.4177
    84   300   153  4.5479  1.4242
    83   300   155  4.5464  1.4204
    90   301   154  4.5369  1.4173
    83   308   153  4.5312  1.4161
    85   308   158  4.5292  1.4079
    82   307   153  4.5276  1.4144
    87   300   155  4.5272  1.4112
    88   300   156  4.5272  1.4097
    82   301   155  4.5239  1.4096
    83   300   158  4.5168  1.4020
    83   308   156  4.5146  1.4037
    89   302   158  4.5122  1.3997
    87   300   157  4.5119  1.4010
    87   300   158  4.5100  1.3987
    86   308   158  4.5086  1.3980
    88   308   153  4.5019  1.4021
    86   300   153  4.5017  1.4019
    84   308   158  4.5004  1.3941
    83   308   157  4.5004  1.3955
    88   307   158  4.4950  1.3915
    83   300   153  4.4939  1.3982
    82   301   153  4.4916  1.3971
    87   308   156  4.4910  1.3925
    82   306   155  4.4743  1.3860
    82   307   158  4.4723  1.3808
    87   308   157  4.4693  1.3808
    89   306   158  4.4493  1.3699
    82   300   155  4.4395  1.3695
    83   308   158  4.4313  1.3615
    82   300   158  4.4313  1.3615
    87   308   158  4.4301  1.3610
    90   304   156  4.4258  1.3616
    88   300   155  4.4230  1.3617
    90   303   156  4.4031  1.3510
    88   300   158  4.4013  1.3475
    82   308   157  4.4008  1.3486
    82   308   156  4.4004  1.3498
    87   300   153  4.3997  1.3536
    89   301   158  4.3988  1.3463
    82   308   153  4.3938  1.3509
    82   300   153  4.3923  1.3502
    90   305   156  4.3854  1.3428
    88   300   157  4.3759  1.3370
    90   308   154  4.3662  1.3366
    90   300   154  4.3612  1.3343
    88   308   156  4.3447  1.3239
    82   307   155  4.3380  1.3222
    90   304   158  4.3366  1.3176
    90   303   158  4.3319  1.3154
    82   308   158  4.3297  1.3144
    90   302   156  4.3251  1.3149
    88   308   157  4.3200  1.3112
    89   300   156  4.3124  1.3090
    89   307   158  4.2914  1.2968
    88   308   158  4.2878  1.2952
    89   308   153  4.2872  1.3015
    90   305   158  4.2872  1.2950
    89   300   155  4.2835  1.2971
    90   306   156  4.2790  1.2937
    90   302   158  4.2768  1.2902
    90   305   153  4.2718  1.2944
    84   308   155  4.2615  1.2871
    85   308   155  4.2514  1.2825
    90   306   153  4.2482  1.2837
    88   300   153  4.2472  1.2832
    90   304   157  4.2462  1.2776
    89   300   158  4.2429  1.2749
    90   304   153  4.2387  1.2794
    83   308   155  4.2305  1.2730
    90   303   157  4.2282  1.2694
    90   305   157  4.2194  1.2655
    90   302   155  4.2048  1.2614
    90   301   156  4.2041  1.2599
    86   308   155  4.2025  1.2604
    90   303   155  4.2008  1.2597
    89   300   157  4.1959  1.2550
    90   306   158  4.1817  1.2474
    90   301   158  4.1759  1.2448
    90   301   155  4.1727  1.2470
    90   302   157  4.1714  1.2440
    90   303   153  4.1615  1.2446
    90   307   153  4.1603  1.2441
    90   304   155  4.1585  1.2407
    82   308   155  4.1554  1.2394
    90   306   157  4.1422  1.2310
    89   308   156  4.1405  1.2315
    87   308   155  4.1157  1.2217
    90   300   155  4.1097  1.2191
    90   307   156  4.1091  1.2176
    89   308   157  4.1036  1.2140
    90   301   157  4.0834  1.2051
    89   308   158  4.0795  1.2023
    90   305   155  4.0776  1.2049
    90   300   156  4.0562  1.1944
    90   302   153  4.0552  1.1976
    89   300   153  4.0489  1.1948
    90   300   158  4.0337  1.1823
    90   307   158  4.0205  1.1766
    90   307   157  4.0105  1.1734
    90   308   153  4.0066  1.1764
    85   304   159  5.3108  1.8099
    86   304   159  5.2891  1.7979
    85   303   159  5.2870  1.7967
    85   305   159  5.2620  1.7829
    86   303   159  5.2603  1.7820
    84   304   159  5.2511  1.7769
    86   305   159  5.2431  1.7725
    84   303   159  5.2335  1.7672
    84   305   159  5.2000  1.7489
    85   302   159  5.1938  1.7455
    87   304   159  5.1792  1.7376
    86   302   159  5.1606  1.7275
    84   302   159  5.1494  1.7214
    87   303   159  5.1477  1.7205
    85   306   159  5.1400  1.7164
    87   305   159  5.1354  1.7139
    86   306   159  5.1213  1.7063
    83   304   159  5.1207  1.7060
    83   303   159  5.1090  1.6997
    84   306   159  5.0797  1.6841
    83   305   159  5.0683  1.6780
    87   302   159  5.0458  1.6661
    85   301   159  5.0369  1.6614
    83   302   159  5.0349  1.6603
    87   306   159  5.0153  1.6500
    84   301   159  5.0032  1.6437
    86   301   159  4.9972  1.6405
    88   304   159  4.9793  1.6312
    83   306   159  4.9515  1.6167
    88   303   159  4.9488  1.6153
    85   307   159  4.9467  1.6142
    88   305   159  4.9366  1.6090
    82   304   159  4.9307  1.6059
    86   307   159  4.9259  1.6034
    82   303   159  4.9239  1.6024
    83   301   159  4.9017  1.5910
    84   307   159  4.8915  1.5858
    87   301   159  4.8820  1.5809
    82   305   159  4.8786  1.5791
    82   302   159  4.8593  1.5693
    81   304   154  4.8587  1.5772
    88   302   159  4.8505  1.5648
    81   305   154  4.8354  1.5653
    81   303   154  4.8330  1.5640
    85   300   159  4.8250  1.5519
    87   307   159  4.8212  1.5500
    85   299   154  4.8202  1.5576
    88   306   159  4.8193  1.5490
    84   300   159  4.8021  1.5403
    86   299   154  4.7964  1.5455
    84   299   154  4.7883  1.5414
    86   300   159  4.7803  1.5294
    83   307   159  4.7713  1.5248
    82   306   159  4.7672  1.5228
    81   302   154  4.7652  1.5297
    81   306   154  4.7575  1.5258
    82   301   159  4.7397  1.5091
    86   309   154  4.7208  1.5074
    85   309   154  4.7165  1.5053
    87   299   154  4.7160  1.5050
    83   300   159  4.7151  1.4969
    81   303   156  4.7081  1.4979
    83   299   154  4.7044  1.4993
    81   304   156  4.7031  1.4954
    89   304   159  4.6947  1.4868
    88   301   159  4.6935  1.4862
    84   299   156  4.6921  1.4900
    81   304   159  4.6915  1.4852
    81   303   159  4.6880  1.4835
    85   299   156  4.6866  1.4873
    85   308   159  4.6864  1.4827
    81   302   156  4.6706  1.4794
    89   303   159  4.6695  1.4743
    87   300   159  4.6674  1.4733
    81   301   154  4.6642  1.4794
    86   308   159  4.6622  1.4708
    87   309   154  4.6589  1.4768
    81   305   156  4.6542  1.4713
    84   309   154  4.6522  1.4735
    89   305   159  4.6513  1.4654
    81   305   159  4.6412  1.4605
    81   304   157  4.6403  1.4630
    83   299   156  4.6399  1.4643
    84   308   159  4.6392  1.4595
    81   303   157  4.6365  1.4612
    81   302   159  4.6319  1.4560
    88   307   159  4.6299  1.4550
    86   299   156  4.6248  1.4569
    81   307   154  4.6216  1.4584
    81   305   157  4.6090  1.4477
    81   302   157  4.5996  1.4432
    82   307   159  4.5972  1.4392
    81   301   156  4.5946  1.4422
    88   299   154  4.5818  1.4390
    89   302   159  4.5811  1.4314
    82   299   154  4.5742  1.4354
    82   300   159  4.5698  1.4259
    85   299   159  4.5693  1.4257
    81   306   156  4.5616  1.4262
    87   308   159  4.5591  1.4208
    84   299   159  4.5560  1.4193
    81   300   154  4.5399  1.4188
    81   306   157  4.5394  1.4142
    89   306   159  4.5374  1.4104
    81   306   159  4.5369  1.4101
    83   309   154  4.5359  1.4168
    81   301   157  4.5311  1.4102
    82   299   156  4.5307  1.4114
    83   308   159  4.5307  1.4072
    88   309   154  4.5276  1.4129
    81   303   158  4.5264  1.4065
    81   304   158  4.5260  1.4063
    81   301   159  4.5255  1.4047
    86   299   159  4.5219  1.4030
    91   304   154  4.5187  1.4086
    85   299   155  4.5136  1.4047
    84   299   157  4.5135  1.4017
    87   299   156  4.5100  1.4015
    91   305   154  4.5038  1.4015
    84   299   155  4.5005  1.3984
    85   299   157  4.4999  1.3952
    81   305   158  4.4935  1.3909
    81   302   158  4.4931  1.3906
    88   300   159  4.4895  1.3876
    81   300   156  4.4889  1.3914
    83   299   157  4.4875  1.3894
    86   299   155  4.4858  1.3914
    83   299   159  4.4839  1.3849
    81   304   153  4.4805  1.3919
    81   305   153  4.4745  1.3890
    91   303   154  4.4715  1.3861
    85   309   153  4.4704  1.3870
    86   309   153  4.4663  1.3851
    81   303   155  4.4639  1.3810
    81   304   155  4.4631  1.3807
    81   303   153  4.4571  1.3807
    86   299   157  4.4472  1.3703
    83   299   155  4.4436  1.3714
    89   301   159  4.4389  1.3638
    81   306   153  4.4347  1.3701
    81   300   157  4.4343  1.3643
    81   302   155  4.4302  1.3651
    81   306   158  4.4295  1.3607
    81   307   157  4.4273  1.3610
    81   308   154  4.4271  1.3651
    81   307   156  4.4257  1.3616
    81   301   158  4.4234  1.3578
    81   305   155  4.4226  1.3615
    82   299   157  4.4217  1.3583
    87   299   155  4.4207  1.3607
    84   309   153  4.4206  1.3635
    91   306   154  4.4192  1.3614
    84   299   153  4.4170  1.3618
    87   299   159  4.4145  1.3524
    85   299   153  4.4115  1.3592
    81   302   153  4.4076  1.3573
    81   299   154  4.4038  1.3541
    89   299   154  4.4002  1.3525
    87   309   153  4.3984  1.3530
    85   299   158  4.3968  1.3454
    84   299   158  4.3874  1.3410
    81   307   159  4.3791  1.3359
    82   309   154  4.3751  1.3407
    88   308   159  4.3747  1.3339
    91   302   154  4.3740  1.3402
    83   299   153  4.3735  1.3414
    81   300   159  4.3729  1.3330
    82   308   159  4.3714  1.3323
    86   299   158  4.3705  1.3332
    81   301   155  4.3689  1.3364
    81   299   156  4.3672  1.3343
    85   309   159  4.3672  1.3304
    82   299   159  4.3569  1.3256
    86   299   153  4.3569  1.3337
    81   307   153  4.3565  1.3335
    87   299   157  4.3558  1.3277
    89   307   159  4.3557  1.3251
    88   299   156  4.3469  1.3249
    83   299   158  4.3449  1.3214
    82   299   155  4.3421  1.3240
    86   309   159  4.3391  1.3174
    81   306   155  4.3388  1.3225
    90   304   159  4.3373  1.3166
    81   301   153  4.3361  1.3240
    85   309   157  4.3355  1.3184
    81   307   158  4.3326  1.3157
    84   309   159  4.3297  1.3131
    83   309   153  4.3294  1.3209
    85   309   156  4.3279  1.3161
    89   309   154  4.3278  1.3188
    84   309   157  4.3229  1.3126
    90   303   159  4.3219  1.3095
    88   299   155  4.3211  1.3144
    84   309   156  4.3173  1.3113
    81   299   157  4.3159  1.3093
    81   300   158  4.3148  1.3076
    87   299   158  4.3055  1.3033
    85   309   158  4.3028  1.3020
    86   309   157  4.3012  1.3026
    90   305   159  4.2908  1.2954
    86   309   156  4.2887  1.2982
    81   300   155  4.2882  1.2993
    84   309   158  4.2881  1.2953
    82   299   153  4.2831  1.2996
    82   299   158  4.2709  1.2875
    83   309   157  4.2699  1.2883
    86   309   158  4.2695  1.2869
    81   308   157  4.2687  1.2878
    91   307   154  4.2625  1.2889
    88   309   153  4.2613  1.2896
    83   309   156  4.2609  1.2855
    87   299   153  4.2544  1.2865
    89   300   159  4.2540  1.2787
    88   299   159  4.2509  1.2773
    90   302   159  4.2499  1.2768
    81   300   153  4.2477  1.2835
    81   308   156  4.2471  1.2792
    91   301   154  4.2408  1.2790
    87   309   159  4.2387  1.2718
    83   309   159  4.2359  1.2705
    81   308   153  4.2346  1.2775
    83   309   158  4.2334  1.2705
    88   299   157  4.2259  1.2684
    87   309   157  4.2126  1.2624
    81   307   155  4.2097  1.2636
    82   309   153  4.2080  1.2655
    81   308   158  4.2000  1.2556
    88   299   158  4.1989  1.2551
    81   299   155  4.1976  1.2582
    87   309   156  4.1970  1.2567
    89   299   155  4.1886  1.2542
    82   309   157  4.1819  1.2487
    87   309   158  4.1807  1.2470
    90   306   159  4.1807  1.2458
    81   299   159  4.1806  1.2457
    90   299   154  4.1802  1.2517
    81   309   154  4.1765  1.2500
    81   308   159  4.1705  1.2412
    81   299   158  4.1653  1.2401
    82   309   156  4.1629  1.2414
    81   299   153  4.1495  1.2392
    82   309   158  4.1451  1.2311
    89   299   156  4.1412  1.2318
    90   301   159  4.1297  1.2232
    89   308   159  4.1125  1.2156
    88   299   153  4.1071  1.2204
    82   309   159  4.0953  1.2080
    91   304   156  4.0899  1.2092
    91   300   154  4.0879  1.2107
    91   303   156  4.0719  1.2013
    90   309   154  4.0658  1.2010
    81   309   153  4.0646  1.2017
    88   309   159  4.0639  1.1944
    88   309   157  4.0638  1.1966
    81   309   157  4.0625  1.1960
    89   299   157  4.0576  1.1939
    89   309   153  4.0561  1.1980
    88   309   156  4.0523  1.1927
    91   305   156  4.0501  1.1917
    89   299   158  4.0489  1.1889
    89   299   159  4.0379  1.1830
    91   308   154  4.0374  1.1886
    81   308   155  4.0346  1.1862
    88   309   158  4.0314  1.1813
    81   309   158  4.0272  1.1795
    81   309   156  4.0268  1.1816
    90   299   155  4.0238  1.1815
    84   309   155  4.0230  1.1811
    91   303   158  4.0230  1.1777
    91   304   158  4.0168  1.1750
    85   309   155  4.0105  1.1757
    90   307   159  4.0093  1.1707
    91   302   156  4.0036  1.1716
    85   298   154  4.6109  1.4532
    84   298   154  4.5917  1.4439
    86   298   154  4.5807  1.4385
    80   304   154  4.5733  1.4349
    80   303   154  4.5538  1.4255
    80   305   154  4.5499  1.4236
    83   298   154  4.5257  1.4119
    84   298   156  4.5244  1.4084
    85   298   156  4.5102  1.4016
    87   298   154  4.5014  1.4003
    80   302   154  4.4983  1.3988
    83   298   156  4.4853  1.3897
    80   306   154  4.4778  1.3891
    80   304   157  4.4626  1.3776
    80   303   157  4.4614  1.3770
    80   303   156  4.4578  1.3767
    80   304   156  4.4575  1.3766
    86   298   156  4.4446  1.3705
    80   305   157  4.4310  1.3627
    80   302   157  4.4292  1.3619
    80   302   156  4.4211  1.3594
    80   305   156  4.4181  1.3581
    82   298   154  4.4166  1.3602
    80   301   154  4.4147  1.3593
    80   304   159  4.4116  1.3510
    80   303   159  4.4102  1.3503
    85   298   155  4.3968  1.3495
    82   298   156  4.3928  1.3462
    84   298   155  4.3874  1.3451
    88   298   154  4.3761  1.3412
    86   298   155  4.3679  1.3360
    80   301   157  4.3675  1.3331
    80   305   159  4.3645  1.3292
    80   306   157  4.3636  1.3313
    80   302   159  4.3614  1.3277
    84   298   157  4.3584  1.3289
    80   303   158  4.3541  1.3256
    80   307   154  4.3533  1.3306
    80   301   156  4.3519  1.3272
    80   304   158  4.3504  1.3239
    85   310   154  4.3436  1.3261
    86   310   154  4.3402  1.3245
    85   298   157  4.3402  1.3205
    83   298   157  4.3398  1.3203
    80   306   156  4.3387  1.3211
    83   298   155  4.3365  1.3214
    87   298   156  4.3308  1.3175
    80   302   158  4.3267  1.3130
    80   305   158  4.3180  1.3090
    80   300   154  4.3116  1.3113
    87   298   155  4.3042  1.3066
    84   310   154  4.2923  1.3025
    84   298   153  4.2907  1.3031
    86   298   157  4.2864  1.2958
    82   298   157  4.2830  1.2943
    85   298   159  4.2821  1.2914
    85   298   153  4.2804  1.2984
    80   300   157  4.2793  1.2926
    80   304   153  4.2767  1.2967
    87   310   154  4.2766  1.2953
    84   298   159  4.2766  1.2889
    80   305   153  4.2723  1.2947
    80   304   155  4.2700  1.2909
    81   298   154  4.2688  1.2918
    80   306   159  4.2687  1.2853
    80   301   159  4.2676  1.2848
    80   303   155  4.2674  1.2897
    80   301   158  4.2652  1.2849
    80   300   156  4.2586  1.2845
    80   306   158  4.2573  1.2814
    80   307   157  4.2568  1.2824
    83   298   153  4.2548  1.2867
    80   303   153  4.2547  1.2867
    81   298   156  4.2482  1.2797
    82   298   155  4.2426  1.2785
    80   306   153  4.2376  1.2789
    86   298   159  4.2347  1.2700
    80   305   155  4.2347  1.2749
    80   302   155  4.2326  1.2740
    86   298   153  4.2243  1.2729
    80   307   156  4.2187  1.2664
    83   298   159  4.2187  1.2628
    89   298   154  4.2104  1.2652
    80   302   153  4.2097  1.2663
    88   298   155  4.2085  1.2631
    80   299   154  4.1984  1.2599
    87   298   157  4.1982  1.2560
    83   310   154  4.1931  1.2575
    81   298   157  4.1871  1.2510
    85   310   153  4.1787  1.2523
    80   308   154  4.1750  1.2494
    88   298   156  4.1739  1.2463
    82   298   153  4.1736  1.2500
    80   301   155  4.1732  1.2473
    80   299   157  4.1706  1.2437
    80   307   153  4.1679  1.2475
    80   307   158  4.1667  1.2407
    80   300   158  4.1660  1.2404
    85   298   158  4.1648  1.2398
    84   298   158  4.1644  1.2397
    86   310   153  4.1642  1.2458
    80   306   155  4.1573  1.2402
    80   299   156  4.1539  1.2374
    88   310   154  4.1498  1.2381
    80   301   153  4.1451  1.2373
    84   310   153  4.1444  1.2370
    92   304   154  4.1437  1.2354
    87   298   159  4.1358  1.2259
    80   300   159  4.1324  1.2244
    83   298   158  4.1323  1.2255
    86   298   158  4.1321  1.2254
    80   307   159  4.1248  1.2210
    87   298   153  4.1245  1.2281
    92   305   154  4.1213  1.2255
    82   298   159  4.1109  1.2149
    92   303   154  4.1099  1.2204
    80   308   157  4.1073  1.2156
    81   298   155  4.1070  1.2179
    80   300   155  4.0976  1.2137
    87   310   153  4.0928  1.2141
    80   298   154  4.0859  1.2098
    89   298   155  4.0821  1.2069
    88   298   157  4.0762  1.2020
    83   310   153  4.0715  1.2047
    82   298   158  4.0692  1.1978
    80   300   153  4.0656  1.2021
    87   298   158  4.0648  1.1959
    80   308   153  4.0578  1.1987
    80   308   156  4.0576  1.1950
    80   298   156  4.0542  1.1935
    82   310   154  4.0526  1.1952
    80   298   157  4.0517  1.1913
    81   298   153  4.0499  1.1953
    80   308   158  4.0427  1.1862
    92   306   154  4.0357  1.1878
    80   307   155  4.0355  1.1866
    92   302   154  4.0310  1.1858
    85   310   158  4.0300  1.1807
    84   310   158  4.0293  1.1805
    85   310   157  4.0286  1.1812
    80   299   158  4.0265  1.1792
    84   310   157  4.0263  1.1802
    80   299   155  4.0146  1.1775
    90   298   154  4.0119  1.1775
    84   310   156  4.0099  1.1743
    85   310   156  4.0080  1.1735
    85   310   159  4.0014  1.1673
    85   297   154  4.4261  1.3646
    84   297   154  4.4173  1.3605
    86   297   154  4.3918  1.3485
    84   297   156  4.3808  1.3406
    83   297   154  4.3667  1.3368
    85   297   156  4.3591  1.3305
    83   297   156  4.3541  1.3282
    87   297   154  4.3155  1.3131
    86   297   156  4.2910  1.2992
    85   297   155  4.2859  1.2982
    84   297   155  4.2814  1.2961
    82   297   156  4.2780  1.2933
    82   297   154  4.2764  1.2952
    79   304   154  4.2586  1.2871
    86   297   155  4.2548  1.2840
    79   304   157  4.2532  1.2808
    79   303   157  4.2531  1.2807
    79   303   154  4.2459  1.2813
    83   297   155  4.2377  1.2763
    79   305   154  4.2347  1.2762
    79   302   157  4.2241  1.2676
    79   305   157  4.2227  1.2670
    84   297   157  4.2129  1.2626
    79   302   154  4.2030  1.2619
    88   297   154  4.2002  1.2606
    83   297   157  4.1997  1.2567
    85   297   157  4.1921  1.2532
    87   297   155  4.1914  1.2554
    84   297   153  4.1802  1.2530
    87   297   156  4.1799  1.2490
    79   304   156  4.1735  1.2462
    79   306   154  4.1683  1.2464
    85   297   153  4.1683  1.2476
    79   301   157  4.1679  1.2425
    79   303   156  4.1679  1.2437
    79   306   157  4.1589  1.2384
    82   297   155  4.1529  1.2382
    81   297   156  4.1522  1.2367
    79   303   158  4.1510  1.2337
    82   297   157  4.1505  1.2347
    81   297   154  4.1488  1.2376
    83   297   153  4.1488  1.2389
    79   304   158  4.1454  1.2313
    79   305   156  4.1449  1.2334
    86   297   157  4.1392  1.2297
    79   301   154  4.1367  1.2323
    79   302   156  4.1310  1.2273
    79   302   158  4.1281  1.2236
    79   305   158  4.1139  1.2174
    86   297   153  4.1139  1.2234
    79   304   159  4.0992  1.2098
    79   303   159  4.0990  1.2097
    88   297   155  4.0984  1.2141
    79   300   157  4.0872  1.2068
    79   306   156  4.0800  1.2048
    82   297   153  4.0744  1.2060
    79   301   158  4.0731  1.1995
    79   301   156  4.0677  1.1994
    81   297   157  4.0631  1.1963
    79   307   157  4.0585  1.1942
    79   306   158  4.0569  1.1924
    79   302   159  4.0568  1.1913
    79   305   159  4.0563  1.1910
    87   297   157  4.0558  1.1931
    79   307   154  4.0553  1.1964
    79   300   154  4.0541  1.1959
    79   304   153  4.0515  1.1960
    79   305   153  4.0511  1.1958
    89   297   154  4.0506  1.1944
    79   304   155  4.0377  1.1875
    79   303   155  4.0334  1.1857
    88   297   156  4.0303  1.1831
    79   303   153  4.0283  1.1858
    81   297   155  4.0273  1.1830
    79   306   153  4.0230  1.1835
    87   297   153  4.0190  1.1818
    79   305   155  4.0062  1.1739
    85   296   154  4.2854  1.2993
    84   296   156  4.2840  1.2960
    84   296   154  4.2837  1.2985
    83   296   156  4.2681  1.2888
    85   296   156  4.2559  1.2832
    86   296   154  4.2496  1.2830
    83   296   154  4.2446  1.2807
    82   296   156  4.2064  1.2609
    84   296   155  4.1966  1.2578
    85   296   155  4.1956  1.2573
    86   296   156  4.1860  1.2517
    87   296   154  4.1776  1.2505
    82   296   154  4.1687  1.2465
    86   296   155  4.1612  1.2419
    83   296   155  4.1607  1.2417
    87   296   155  4.0971  1.2135
    81   296   156  4.0971  1.2123
    84   296   153  4.0960  1.2155
    84   296   157  4.0955  1.2104
    83   296   157  4.0857  1.2061
    82   296   155  4.0851  1.2083
    85   296   153  4.0850  1.2107
    87   296   156  4.0773  1.2036
    85   296   157  4.0738  1.2009
    88   296   154  4.0722  1.2038
    83   296   153  4.0663  1.2024
    81   296   154  4.0569  1.1971
    82   296   157  4.0417  1.1870
    86   296   153  4.0342  1.1884
    86   296   157  4.0231  1.1789
    78   304   157  4.0151  1.1754
    78   303   157  4.0147  1.1752
    88   296   155  4.0052  1.1734
    84   295   156  4.2487  1.2800
    83   295   156  4.2412  1.2766
    85   295   156  4.2154  1.2649
    84   295   154  4.2056  1.2631
    85   295   154  4.2044  1.2625
    82   295   156  4.1904  1.2537
    83   295   154  4.1728  1.2483
    86   295   154  4.1695  1.2469
    84   295   155  4.1468  1.2355
    86   295   156  4.1436  1.2328
    85   295   155  4.1400  1.2325
    83   295   155  4.1182  1.2228
    82   295   154  4.1056  1.2185
    87   295   154  4.1024  1.2171
    86   295   155  4.1019  1.2156
    81   295   156  4.0933  1.2106
    82   295   155  4.0507  1.1932
    84   295   153  4.0468  1.1939
    85   295   153  4.0385  1.1903
    87   295   156  4.0358  1.1855
    87   295   155  4.0356  1.1866
    84   295   157  4.0213  1.1781
    83   295   153  4.0165  1.1807
    83   295   157  4.0129  1.1745
    88   295   154  4.0054  1.1747
    81   295   154  4.0036  1.1739
    85   295   157  4.0002  1.1690
    84   294   156  4.2779  1.2932
    83   294   156  4.2755  1.2922
    85   294   156  4.2410  1.2765
    82   294   156  4.2312  1.2720
    85   294   154  4.1912  1.2566
    84   294   154  4.1911  1.2565
    86   294   156  4.1669  1.2432
    86   294   154  4.1595  1.2424
    83   294   154  4.1586  1.2420
    84   294   155  4.1422  1.2335
    81   294   156  4.1409  1.2317
    85   294   155  4.1305  1.2283
    83   294   155  4.1192  1.2233
    87   294   154  4.0971  1.2147
    82   294   154  4.0934  1.2131
    86   294   155  4.0884  1.2097
    87   294   156  4.0579  1.1952
    82   294   155  4.0575  1.1961
    84   294   153  4.0382  1.1902
    85   294   153  4.0336  1.1882
    87   294   155  4.0190  1.1794
    88   294   154  4.0057  1.1748
    83   294   153  4.0054  1.1759
    84   293   156  4.3630  1.3324
    83   293   156  4.3619  1.3319
    85   293   156  4.3246  1.3146
    82   293   156  4.3189  1.3120
    86   293   156  4.2485  1.2799
    85   293   154  4.2452  1.2810
    84   293   154  4.2395  1.2784
    81   293   156  4.2298  1.2714
    86   293   154  4.2185  1.2689
    83   293   154  4.2015  1.2612
    84   293   155  4.1872  1.2535
    85   293   155  4.1723  1.2469
    83   293   155  4.1671  1.2446
    87   293   154  4.1598  1.2426
    87   293   156  4.1366  1.2297
    82   293   154  4.1315  1.2300
    86   293   155  4.1268  1.2266
    82   293   155  4.1077  1.2182
    80   293   156  4.0889  1.2087
    84   293   153  4.0713  1.2046
    85   293   153  4.0707  1.2044
    88   293   154  4.0707  1.2031
    87   293   155  4.0535  1.1944
    83   293   153  4.0347  1.1886
    86   293   153  4.0331  1.1879
    81   293   154  4.0289  1.1849
    84   293   157  4.0266  1.1804
    83   293   157  4.0155  1.1756
    85   293   157  4.0093  1.1729
    81   293   155  4.0056  1.1736
    84   292   156  4.4875  1.3908
    83   292   156  4.4835  1.3889
    85   292   156  4.4504  1.3732
    82   292   156  4.4366  1.3667
    86   292   156  4.3732  1.3371
    85   292   154  4.3565  1.3321
    81   292   156  4.3429  1.3231
    84   292   154  4.3419  1.3253
    86   292   154  4.3359  1.3226
    83   292   154  4.2934  1.3030
    87   292   154  4.2800  1.2968
    84   292   155  4.2778  1.2945
    85   292   155  4.2623  1.2875
    87   292   156  4.2575  1.2839
    83   292   155  4.2572  1.2851
    86   292   155  4.2148  1.2659
    82   292   154  4.2125  1.2662
    80   292   156  4.1968  1.2566
    82   292   155  4.1961  1.2575
    88   292   154  4.1897  1.2560
    85   292   153  4.1455  1.2375
    84   292   153  4.1424  1.2361
    87   292   155  4.1373  1.2313
    86   292   153  4.1107  1.2220
    88   292   156  4.1065  1.2164
    83   292   153  4.1013  1.2178
    81   292   154  4.0997  1.2159
    84   292   157  4.0965  1.2109
    81   292   155  4.0910  1.2108
    85   292   157  4.0822  1.2046
    83   292   157  4.0815  1.2043
    89   292   154  4.0669  1.2015
    86   292   157  4.0411  1.1867
    87   292   153  4.0385  1.1903
    82   292   157  4.0336  1.1834
    88   292   155  4.0298  1.1841
    82   292   153  4.0225  1.1833
    84   291   156  4.6312  1.4601
    83   291   156  4.6201  1.4546
    85   291   156  4.5986  1.4441
    82   291   156  4.5644  1.4276
    86   291   156  4.5221  1.4073
    85   291   154  4.5083  1.4036
    86   291   154  4.4944  1.3970
    84   291   154  4.4826  1.3913
    81   291   156  4.4612  1.3783
    87   291   154  4.4400  1.3712
    83   291   154  4.4199  1.3617
    87   291   156  4.4026  1.3508
    84   291   155  4.4018  1.3518
    85   291   155  4.3886  1.3456
    83   291   155  4.3771  1.3403
    88   291   154  4.3461  1.3273
    86   291   155  4.3408  1.3234
    82   291   154  4.3237  1.3169
    82   291   155  4.3105  1.3095
    80   291   156  4.3053  1.3058
    87   291   155  4.2596  1.2862
    85   291   153  4.2498  1.2844
    84   291   153  4.2436  1.2816
    88   291   156  4.2435  1.2776
    86   291   153  4.2164  1.2693
    89   291   154  4.2146  1.2671
    81   291   155  4.1988  1.2587
    83   291   153  4.1976  1.2608
    81   291   154  4.1956  1.2586
    84   291   157  4.1942  1.2542
    85   291   157  4.1838  1.2495
    83   291   157  4.1740  1.2452
    86   291   157  4.1449  1.2322
    88   291   155  4.1443  1.2344
    87   291   153  4.1439  1.2368
    82   291   157  4.1196  1.2210
    82   291   153  4.1125  1.2228
    79   291   156  4.0913  1.2097
    87   291   157  4.0784  1.2029
    89   291   156  4.0513  1.1923
    90   291   154  4.0475  1.1930
    80   291   155  4.0403  1.1886
    80   291   154  4.0351  1.1876
    88   291   153  4.0335  1.1881
    81   291   157  4.0261  1.1802
    84   290   156  4.7744  1.5311
    83   290   156  4.7526  1.5201
    85   290   156  4.7489  1.5183
    82   290   156  4.6840  1.4860
    85   290   154  4.6786  1.4865
    86   290   156  4.6749  1.4815
    86   290   154  4.6713  1.4829
    84   290   154  4.6411  1.4680
    87   290   154  4.6177  1.4565
    81   290   156  4.5672  1.4289
    83   290   154  4.5628  1.4298
    87   290   156  4.5526  1.4219
    84   290   155  4.5406  1.4176
    85   290   155  4.5322  1.4136
    88   290   154  4.5186  1.4086
    83   290   155  4.5089  1.4024
    86   290   155  4.4857  1.3914
    82   290   154  4.4488  1.3753
    82   290   155  4.4339  1.3669
    87   290   155  4.4015  1.3517
    80   290   156  4.3981  1.3487
    88   290   156  4.3854  1.3428
    89   290   154  4.3766  1.3414
    85   290   153  4.3721  1.3408
    84   290   153  4.3635  1.3367
    86   290   153  4.3387  1.3252
    81   290   155  4.3131  1.3107
    83   290   153  4.3126  1.3132
    84   290   157  4.3035  1.3036
    81   290   154  4.3028  1.3073
    85   290   157  4.2975  1.3009
    88   290   155  4.2781  1.2946
    83   290   157  4.2769  1.2915
    87   290   153  4.2642  1.2910
    86   290   157  4.2610  1.2843
    82   290   153  4.2204  1.2711
    82   290   157  4.2142  1.2632
    87   290   157  4.1948  1.2545
    90   290   154  4.1941  1.2579
    89   290   156  4.1803  1.2492
    79   290   156  4.1717  1.2454
    88   290   153  4.1503  1.2396
    80   290   155  4.1450  1.2347
    80   290   154  4.1256  1.2273
    89   290   155  4.1133  1.2207
    81   290   157  4.1110  1.2173
    88   290   157  4.0986  1.2118
    81   290   153  4.0885  1.2122
    84   289   156  4.8990  1.5945
    85   289   156  4.8827  1.5861
    83   289   156  4.8640  1.5766
    85   289   154  4.8434  1.5694
    86   289   154  4.8421  1.5687
    86   289   156  4.8128  1.5504
    84   289   154  4.7948  1.5447
    87   289   154  4.7888  1.5416
    82   289   156  4.7800  1.5339
    83   289   154  4.7014  1.4978
    87   289   156  4.6888  1.4884
    88   289   154  4.6843  1.4893
    84   289   155  4.6726  1.4819
    85   289   155  4.6703  1.4808
    81   289   156  4.6469  1.4678
    83   289   155  4.6323  1.4621
    86   289   155  4.6262  1.4591
    82   289   154  4.5697  1.4332
    82   289   155  4.5477  1.4210
    87   289   155  4.5394  1.4171
    89   289   154  4.5315  1.4147
    88   289   156  4.5141  1.4035
    85   289   153  4.4988  1.4006
    84   289   153  4.4884  1.3956
    86   289   153  4.4643  1.3841
    80   289   156  4.4625  1.3789
    83   289   153  4.4326  1.3691
    81   289   155  4.4170  1.3589
    88   289   155  4.4080  1.3547
    84   289   157  4.4076  1.3518
    85   289   157  4.4067  1.3513
    81   289   154  4.4054  1.3549
    87   289   153  4.3864  1.3474
    83   289   157  4.3737  1.3360
    86   289   157  4.3729  1.3356
    90   289   154  4.3336  1.3215
    82   289   153  4.3327  1.3224
    87   289   157  4.3068  1.3052
    82   289   157  4.3015  1.3027
    89   289   156  4.2967  1.3018
    88   289   153  4.2676  1.2925
    80   289   155  4.2393  1.2770
    89   289   155  4.2299  1.2728
    79   289   156  4.2228  1.2683
    80   289   154  4.2110  1.2655
    88   289   157  4.2086  1.2606
    81   289   153  4.1911  1.2579
    81   289   157  4.1871  1.2510
    89   289   153  4.1102  1.2218
    91   289   154  4.0940  1.2134
    89   289   157  4.0779  1.2027
    90   289   156  4.0485  1.1910
    80   289   157  4.0266  1.1804
    79   289   155  4.0148  1.1776
    80   289   153  4.0111  1.1784
    90   289   155  4.0055  1.1736
    84   288   156  4.9897  1.6417
    85   288   156  4.9834  1.6384
    86   288   154  4.9825  1.6415
    85   288   154  4.9787  1.6395
    83   288   156  4.9408  1.6161
    87   288   154  4.9294  1.6137
    84   288   154  4.9207  1.6092
    86   288   156  4.9184  1.6045
    82   288   156  4.8403  1.5644
    88   288   154  4.8202  1.5575
    83   288   154  4.8144  1.5546
    87   288   156  4.7938  1.5408
    85   288   155  4.7801  1.5356
    84   288   155  4.7764  1.5337
    86   288   155  4.7383  1.5146
    83   288   155  4.7279  1.5093
    81   288   156  4.6901  1.4890
    82   288   154  4.6675  1.4810
    89   288   154  4.6579  1.4763
    87   288   155  4.6492  1.4704
    82   288   155  4.6342  1.4630
    85   288   153  4.6151  1.4568
    88   288   156  4.6131  1.4512
    84   288   153  4.6030  1.4509
    86   288   153  4.5789  1.4392
    83   288   153  4.5422  1.4214
    88   288   155  4.5103  1.4031
    87   288   153  4.4969  1.3997
    85   288   157  4.4953  1.3931
    81   288   155  4.4947  1.3957
    84   288   157  4.4906  1.3909
    80   288   156  4.4897  1.3918
    81   288   154  4.4871  1.3935
    86   288   157  4.4644  1.3785
    83   288   157  4.4485  1.3710
    90   288   154  4.4463  1.3741
    82   288   153  4.4343  1.3699
    87   288   157  4.3990  1.3477
    89   288   156  4.3852  1.3427
    88   288   153  4.3725  1.3409
    82   288   157  4.3659  1.3324
    89   288   155  4.3200  1.3138
    80   288   155  4.3090  1.3088
    88   288   157  4.2990  1.3016
    81   288   153  4.2825  1.2993
    80   288   154  4.2773  1.2956
    81   288   157  4.2394  1.2745
    79   288   156  4.2368  1.2746
    89   288   153  4.2089  1.2659
    91   288   154  4.1893  1.2558
    89   288   157  4.1644  1.2409
    90   288   156  4.1232  1.2238
    80   288   153  4.0913  1.2134
    90   288   155  4.0797  1.2059
    79   288   155  4.0772  1.2048
    80   288   157  4.0660  1.1975
    79   288   154  4.0374  1.1886
    90   288   153  4.0089  1.1774
    86   287   154  5.0706  1.6882
    85   287   154  5.0629  1.6841
    85   287   156  5.0369  1.6666
    84   287   156  5.0336  1.6649
    87   287   154  5.0179  1.6602
    84   287   154  4.9979  1.6496
    86   287   156  4.9770  1.6350
    83   287   156  4.9714  1.6321
    88   287   154  4.9055  1.6013
    83   287   154  4.8820  1.5892
    82   287   156  4.8552  1.5720
    87   287   156  4.8529  1.5708
    85   287   155  4.8418  1.5669
    84   287   155  4.8337  1.5627
    86   287   155  4.8013  1.5463
    83   287   155  4.7790  1.5350
    89   287   154  4.7362  1.5151
    82   287   154  4.7239  1.5090
    87   287   155  4.7095  1.5002
    85   287   153  4.7055  1.5015
    84   287   153  4.6916  1.4945
    81   287   156  4.6886  1.4883
    82   287   155  4.6787  1.4849
    88   287   156  4.6683  1.4783
    86   287   153  4.6681  1.4829
    83   287   153  4.6255  1.4619
    87   287   153  4.5823  1.4408
    88   287   155  4.5639  1.4288
    85   287   157  4.5483  1.4184
    84   287   157  4.5374  1.4132
    81   287   155  4.5330  1.4140
    81   287   154  4.5315  1.4147
    86   287   157  4.5212  1.4054
    90   287   154  4.5138  1.4063
    82   287   153  4.5093  1.4056
    83   287   157  4.4865  1.3889
    80   287   156  4.4732  1.3840
    87   287   157  4.4571  1.3750
    88   287   153  4.4525  1.3785
    89   287   156  4.4328  1.3649
    82   287   157  4.3930  1.3449
    89   287   155  4.3635  1.3340
    88   287   157  4.3562  1.3279
    81   287   153  4.3473  1.3292
    80   287   155  4.3421  1.3240
    80   287   154  4.3099  1.3105
    89   287   153  4.2828  1.2995
    81   287   157  4.2541  1.2812
    91   287   154  4.2432  1.2801
    89   287   157  4.2189  1.2653
    79   287   156  4.2085  1.2618
    90   287   156  4.1608  1.2405
    80   287   153  4.1452  1.2373
    90   287   155  4.1109  1.2196
    79   287   155  4.1061  1.2175
    90   287   153  4.0766  1.2069
    80   287   157  4.0682  1.1985
    79   287   154  4.0595  1.1982
    90   287   157  4.0458  1.1887
    86   286   154  5.0889  1.6980
    85   286   154  5.0784  1.6924
    87   286   154  5.0372  1.6704
    85   286   156  5.0321  1.6640
    84   286   156  5.0204  1.6579
    84   286   154  5.0089  1.6554
    86   286   156  4.9771  1.6351
    83   286   156  4.9467  1.6192
    88   286   154  4.9232  1.6105
    83   286   154  4.8874  1.5920
    87   286   156  4.8546  1.5717
    85   286   155  4.8403  1.5661
    84   286   155  4.8307  1.5612
    82   286   156  4.8168  1.5525
    86   286   155  4.7993  1.5452
    83   286   155  4.7732  1.5321
    85   286   153  4.7554  1.5264
    89   286   154  4.7496  1.5219
    84   286   153  4.7387  1.5180
    82   286   154  4.7228  1.5084
    86   286   153  4.7179  1.5076
    87   286   155  4.7044  1.4977
    82   286   155  4.6698  1.4805
    88   286   156  4.6687  1.4784
    83   286   153  4.6669  1.4823
    81   286   156  4.6361  1.4624
    87   286   153  4.6297  1.4640
    88   286   155  4.5534  1.4238
    85   286   157  4.5524  1.4204
    82   286   153  4.5425  1.4215
    84   286   157  4.5342  1.4117
    86   286   157  4.5303  1.4098
    81   286   154  4.5233  1.4108
    81   286   155  4.5216  1.4085
    90   286   154  4.5205  1.4095
    88   286   153  4.4959  1.3992
    83   286   157  4.4741  1.3830
    87   286   157  4.4690  1.3806
    89   286   156  4.4297  1.3635
    80   286   156  4.4080  1.3533
    81   286   153  4.3708  1.3402
    82   286   157  4.3697  1.3341
    88   286   157  4.3689  1.3338
    89   286   155  4.3460  1.3259
    80   286   155  4.3289  1.3180
    89   286   153  4.3212  1.3171
    80   286   154  4.2946  1.3035
    91   286   154  4.2408  1.2790
    89   286   157  4.2306  1.2705
    81   286   157  4.2194  1.2655
    80   286   153  4.1588  1.2434
    90   286   156  4.1526  1.2369
    79   286   156  4.1339  1.2285
    90   286   153  4.1097  1.2216
    79   286   155  4.0921  1.2113
    90   286   155  4.0860  1.2086
    90   286   157  4.0548  1.1926
    79   286   154  4.0380  1.1888
    80   286   157  4.0225  1.1786
    86   285   154  5.0249  1.6639
    85   285   154  5.0125  1.6573
    87   285   154  4.9745  1.6373
    85   285   156  4.9612  1.6268
    84   285   156  4.9425  1.6170
    84   285   154  4.9412  1.6199
    86   285   156  4.9110  1.6007
    88   285   154  4.8608  1.5783
    83   285   156  4.8595  1.5742
    83   285   154  4.8178  1.5563
    87   285   156  4.7914  1.5396
    85   285   155  4.7660  1.5284
    84   285   155  4.7579  1.5244
    85   285   153  4.7511  1.5243
    84   285   153  4.7301  1.5138
    86   285   155  4.7225  1.5067
    82   285   156  4.7188  1.5032
    86   285   153  4.7156  1.5065
    83   285   155  4.7015  1.4963
    89   285   154  4.6861  1.4902
    83   285   153  4.6520  1.4750
    82   285   154  4.6512  1.4730
    87   285   153  4.6274  1.4628
    87   285   155  4.6245  1.4583
    88   285   156  4.6074  1.4484
    82   285   155  4.5992  1.4460
    81   285   156  4.5269  1.4096
    82   285   153  4.5198  1.4106
    85   285   157  4.4967  1.3937
    88   285   153  4.4919  1.3973
    86   285   157  4.4813  1.3864
    84   285   157  4.4702  1.3812
    88   285   155  4.4699  1.3839
    90   285   154  4.4544  1.3779
    81   285   155  4.4524  1.3756
    81   285   154  4.4498  1.3758
    87   285   157  4.4248  1.3598
    83   285   157  4.4004  1.3484
    89   285   156  4.3695  1.3354
    81   285   153  4.3398  1.3257
    88   285   157  4.3277  1.3147
    89   285   153  4.3144  1.3140
    80   285   156  4.2892  1.2984
    82   285   157  4.2858  1.2956
    80   285   155  4.2617  1.2872
    89   285   155  4.2596  1.2862
    80   285   154  4.2191  1.2692
    89   285   157  4.1906  1.2526
    91   285   154  4.1711  1.2476
    81   285   157  4.1257  1.2237
    80   285   153  4.1199  1.2261
    90   285   153  4.0994  1.2170
    90   285   156  4.0931  1.2106
    79   285   155  4.0273  1.1830
    90   285   157  4.0146  1.1752
    79   285   156  4.0091  1.1740
    86   284   154  4.8709  1.5835
    85   284   154  4.8577  1.5767
    87   284   154  4.8221  1.5585
    85   284   156  4.8199  1.5540
    84   284   156  4.7952  1.5415
    84   284   154  4.7867  1.5406
    86   284   156  4.7749  1.5313
    88   284   154  4.7104  1.5023
    83   284   156  4.7050  1.4964
    85   284   153  4.6812  1.4894
    83   284   154  4.6649  1.4797
    87   284   156  4.6603  1.4743
    84   284   153  4.6543  1.4761
    86   284   153  4.6503  1.4741
    85   284   155  4.6141  1.4532
    84   284   155  4.6104  1.4514
    83   284   153  4.5694  1.4346
    86   284   155  4.5670  1.4303
    87   284   153  4.5653  1.4326
    83   284   155  4.5587  1.4263
    82   284   156  4.5562  1.4236
    89   284   154  4.5377  1.4177
    82   284   154  4.5007  1.4000
    88   284   156  4.4816  1.3880
    87   284   155  4.4663  1.3822
    82   284   155  4.4613  1.3798
    88   284   153  4.4314  1.3686
    82   284   153  4.4302  1.3680
    85   284   157  4.3735  1.3359
    86   284   157  4.3667  1.3327
    81   284   156  4.3565  1.3294
    84   284   157  4.3376  1.3193
    81   284   155  4.3196  1.3137
    87   284   157  4.3173  1.3100
    88   284   155  4.3110  1.3097
    90   284   154  4.3079  1.3096
    81   284   154  4.3020  1.3069
    83   284   157  4.2582  1.2830
    89   284   153  4.2541  1.2864
    89   284   156  4.2498  1.2805
    81   284   153  4.2437  1.2816
    88   284   157  4.2258  1.2684
    82   284   157  4.1346  1.2277
    80   284   155  4.1342  1.2299
    80   284   156  4.1130  1.2193
    89   284   155  4.1022  1.2158
    89   284   157  4.0926  1.2092
    80   284   154  4.0742  1.2047
    90   284   153  4.0381  1.1901
    91   284   154  4.0270  1.1840
    80   284   153  4.0186  1.1816
    86   283   154  4.6245  1.4598
    85   283   154  4.6115  1.4535
    85   283   156  4.6077  1.4486
    87   283   154  4.5776  1.4370
    84   283   156  4.5771  1.4337
    86   283   156  4.5690  1.4298
    84   283   154  4.5430  1.4203
    85   283   153  4.5377  1.4192
    86   283   153  4.5143  1.4080
    84   283   153  4.5031  1.4026
    83   283   156  4.4810  1.3877
    88   283   154  4.4696  1.3851
    87   283   156  4.4619  1.3786
    87   283   153  4.4360  1.3707
    83   283   154  4.4258  1.3645
    83   283   153  4.4111  1.3590
    84   283   155  4.3864  1.3446
    85   283   155  4.3843  1.3436
    83   283   155  4.3420  1.3240
    86   283   155  4.3334  1.3200
    82   283   156  4.3266  1.3155
    88   283   153  4.3074  1.3108
    89   283   154  4.3019  1.3069
    88   283   156  4.2924  1.2999
    82   283   154  4.2677  1.2912
    82   283   153  4.2661  1.2918
    82   283   155  4.2526  1.2830
    87   283   155  4.2319  1.2736
    86   283   157  4.1828  1.2491
    85   283   157  4.1795  1.2476
    87   283   157  4.1430  1.2314
    89   283   153  4.1338  1.2322
    84   283   157  4.1335  1.2272
    81   283   156  4.1225  1.2235
    81   283   155  4.1190  1.2232
    88   283   155  4.0792  1.2056
    90   283   154  4.0788  1.2067
    81   283   154  4.0761  1.2055
    81   283   153  4.0756  1.2065
    89   283   156  4.0715  1.2011
    88   283   157  4.0597  1.1948
    83   283   157  4.0448  1.1883
    85   282   156  4.3275  1.3160
    85   282   153  4.3166  1.3150
    86   282   153  4.3034  1.3089
    86   282   156  4.2972  1.3021
    84   282   156  4.2903  1.2989
    86   282   154  4.2893  1.3011
    85   282   154  4.2775  1.2957
    84   282   153  4.2730  1.2950
    87   282   154  4.2445  1.2807
    87   282   153  4.2352  1.2778
    84   282   154  4.2135  1.2667
    87   282   156  4.2006  1.2583
    83   282   156  4.1891  1.2531
    83   282   153  4.1741  1.2502
    88   282   154  4.1417  1.2345
    88   282   153  4.1156  1.2242
    83   282   154  4.1036  1.2176
    84   282   155  4.0884  1.2097
    85   282   155  4.0803  1.2061
    83   282   155  4.0523  1.1939
    88   282   156  4.0441  1.1891
    82   282   156  4.0310  1.1834
    86   282   155  4.0270  1.1828
    82   282   153  4.0248  1.1843
    85   281   153  4.0193  1.1819
    86   281   153  4.0180  1.1814
