#   X     Y     Z      S       D
   103   395   309  4.3430  1.6002
   103   396   309  4.3408  1.5990
   104   396   308  4.3375  1.5919
   103   396   308  4.3368  1.5915
   104   395   309  4.3362  1.5963
   104   396   309  4.3343  1.5952
   104   395   308  4.3188  1.5810
   103   395   308  4.3131  1.5777
   103   394   309  4.3003  1.5753
   102   395   309  4.2998  1.5750
   102   396   309  4.2981  1.5740
   104   394   309  4.2960  1.5728
   102   396   308  4.2865  1.5623
   104   394   308  4.2681  1.5516
   103   394   308  4.2568  1.5451
   102   395   308  4.2553  1.5443
   102   394   309  4.2548  1.5489
   102   394   308  4.1923  1.5084
   104   395   310  4.1554  1.4970
   104   394   310  4.1451  1.4911
   104   396   310  4.1394  1.4879
   103   395   310  4.1261  1.4804
   103   394   310  4.1162  1.4749
   103   396   310  4.1099  1.4713
   102   395   310  4.0399  1.4324
   102   394   310  4.0292  1.4265
   102   396   310  4.0258  1.4247
   103   397   308  4.3285  1.5867
   104   397   308  4.3246  1.5844
   103   393   307  4.3234  1.5786
   103   394   307  4.3037  1.5672
   103   397   309  4.2954  1.5724
   104   393   307  4.2925  1.5607
   104   397   309  4.2914  1.5701
   105   396   308  4.2884  1.5633
   102   393   307  4.2883  1.5583
   102   397   308  4.2861  1.5620
   105   395   309  4.2775  1.5620
   105   396   309  4.2755  1.5609
   105   397   308  4.2740  1.5550
   104   394   307  4.2731  1.5496
   105   395   308  4.2723  1.5541
   102   394   307  4.2680  1.5466
   102   397   309  4.2517  1.5471
   105   394   309  4.2405  1.5407
   105   397   309  4.2354  1.5377
   103   395   307  4.2330  1.5266
   105   394   308  4.2260  1.5275
   104   393   309  4.2144  1.5257
   103   393   309  4.2141  1.5256
   101   396   309  4.2123  1.5245
   101   395   309  4.2116  1.5241
   104   395   307  4.2027  1.5095
   105   393   307  4.2002  1.5081
   101   397   308  4.1998  1.5126
   102   395   307  4.1987  1.5072
   101   393   307  4.1898  1.5022
   101   396   308  4.1897  1.5069
   104   393   308  4.1855  1.5045
   105   394   307  4.1802  1.4968
   101   394   307  4.1694  1.4907
   103   393   308  4.1684  1.4949
   101   397   309  4.1673  1.4989
   105   393   309  4.1653  1.4978
   102   393   309  4.1649  1.4976
   101   394   309  4.1635  1.4968
   105   393   308  4.1493  1.4841
   101   395   308  4.1492  1.4841
   105   395   310  4.1260  1.4804
   103   396   307  4.1186  1.4623
   105   394   310  4.1144  1.4738
   105   396   310  4.1124  1.4727
   105   395   307  4.1112  1.4583
   101   395   307  4.1041  1.4543
   104   393   310  4.1039  1.4680
   104   397   310  4.1007  1.4662
   102   393   308  4.0986  1.4558
   104   396   307  4.0885  1.4457
   102   396   307  4.0879  1.4454
   101   394   308  4.0790  1.4450
   105   397   310  4.0768  1.4529
   103   393   310  4.0754  1.4521
   105   393   310  4.0736  1.4511
   103   397   310  4.0713  1.4498
   101   393   309  4.0702  1.4446
   101   396   307  4.0008  1.3979
   103   398   308  4.2891  1.5638
   103   392   307  4.2879  1.5581
   104   398   308  4.2808  1.5590
   104   392   307  4.2572  1.5405
   102   392   307  4.2550  1.5392
   102   398   308  4.2547  1.5439
   105   398   308  4.2292  1.5293
   103   398   309  4.2110  1.5237
   104   398   309  4.2107  1.5236
   106   396   308  4.1932  1.5089
   106   397   308  4.1796  1.5012
   101   398   308  4.1795  1.5011
   106   395   308  4.1781  1.5003
   106   395   309  4.1689  1.4999
   105   392   307  4.1680  1.4900
   106   396   309  4.1656  1.4980
   102   398   309  4.1654  1.4979
   101   392   307  4.1600  1.4855
   105   398   309  4.1593  1.4944
   106   394   309  4.1370  1.4819
   106   398   308  4.1363  1.4769
   106   394   308  4.1351  1.4761
   106   397   309  4.1276  1.4766
   104   392   309  4.0946  1.4582
   100   396   309  4.0898  1.4555
   103   392   309  4.0881  1.4546
   100   395   309  4.0846  1.4526
   101   398   309  4.0821  1.4512
   100   397   308  4.0728  1.4416
   104   392   308  4.0722  1.4412
   106   393   309  4.0704  1.4447
   100   398   308  4.0653  1.4374
   106   393   308  4.0641  1.4368
   106   393   307  4.0578  1.4289
   106   398   309  4.0563  1.4370
   105   392   309  4.0541  1.4358
   100   396   308  4.0510  1.4296
   103   392   308  4.0496  1.4288
   100   397   309  4.0493  1.4331
   106   395   310  4.0432  1.4342
   105   392   308  4.0428  1.4251
   104   398   310  4.0416  1.4333
   100   393   307  4.0369  1.4175
   106   394   307  4.0357  1.4168
   102   392   309  4.0346  1.4251
   106   396   310  4.0336  1.4290
   100   394   309  4.0322  1.4237
   106   392   307  4.0317  1.4146
   106   394   310  4.0299  1.4269
   104   392   310  4.0279  1.4258
   105   398   310  4.0207  1.4219
   100   394   307  4.0180  1.4072
   103   398   310  4.0127  1.4174
   100   392   307  4.0107  1.4032
   106   397   310  4.0036  1.4125
   100   395   308  4.0006  1.4021
   103   399   308  4.2202  1.5242
   104   399   308  4.2071  1.5167
   103   391   307  4.1972  1.5063
   102   399   308  4.1940  1.5093
   104   391   307  4.1677  1.4897
   102   391   307  4.1673  1.4895
   105   399   308  4.1540  1.4868
   101   399   308  4.1298  1.4732
   104   399   309  4.0976  1.4598
   103   399   309  4.0942  1.4580
   105   391   307  4.0845  1.4435
   101   391   307  4.0785  1.4402
   106   399   308  4.0622  1.4358
   107   396   308  4.0599  1.4345
   105   399   309  4.0513  1.4342
   107   397   308  4.0482  1.4281
   102   399   309  4.0473  1.4320
   107   395   308  4.0449  1.4263
   100   399   308  4.0282  1.4171
   107   395   309  4.0175  1.4157
   107   396   309  4.0113  1.4123
   107   398   308  4.0078  1.4060
   107   394   308  4.0045  1.4042
   103   400   308  4.1233  1.4696
   102   400   308  4.1055  1.4597
   104   400   308  4.1046  1.4592
   103   390   307  4.0557  1.4277
   101   400   308  4.0521  1.4302
   105   400   308  4.0488  1.4284
   104   390   307  4.0290  1.4132
   102   390   307  4.0287  1.4130
   103   401   308  4.0002  1.4019
