#   X     Y     Z      S       D
   155   214   303  5.1167  2.0548
   155   215   303  5.1113  2.0511
   154   214   303  5.0862  2.0340
   156   215   303  5.0861  2.0339
   156   214   303  5.0800  2.0298
   154   215   303  5.0747  2.0262
   155   213   303  5.0588  2.0155
   154   213   303  5.0354  1.9998
   156   213   303  5.0096  1.9826
   156   215   304  4.0827  1.4292
   156   214   304  4.0665  1.4204
   156   213   304  4.0304  1.4009
   155   215   304  4.0222  1.3965
   155   214   304  4.0070  1.3883
   155   216   303  5.0456  2.0066
   156   216   303  5.0282  1.9950
   154   216   303  5.0067  1.9806
   153   214   303  5.0015  1.9771
   157   215   303  4.9902  1.9697
   153   215   303  4.9895  1.9692
   157   214   303  4.9677  1.9548
   153   213   303  4.9522  1.9446
   157   216   303  4.9458  1.9403
   155   212   303  4.9370  1.9346
   153   216   303  4.9242  1.9262
   154   212   303  4.9196  1.9232
   157   213   303  4.8806  1.8978
   156   212   303  4.8772  1.8956
   153   212   303  4.8373  1.8699
   157   212   303  4.7346  1.8049
   157   216   304  4.0982  1.4376
   157   215   304  4.0945  1.4356
   156   216   304  4.0831  1.4294
   157   214   304  4.0751  1.4251
   157   213   304  4.0363  1.4041
   155   216   304  4.0214  1.3960
   155   217   303  4.9252  1.9269
   156   217   303  4.9100  1.9169
   154   217   303  4.8897  1.9037
   152   214   303  4.8778  1.8961
   152   215   303  4.8705  1.8913
   157   217   303  4.8361  1.8691
   152   213   303  4.8247  1.8619
   158   215   303  4.8215  1.8598
   153   217   303  4.8150  1.8557
   152   216   303  4.8122  1.8539
   158   216   303  4.7956  1.8433
   158   214   303  4.7789  1.8327
   155   211   303  4.7547  1.8175
   154   211   303  4.7404  1.8085
   152   217   303  4.7142  1.7921
   152   212   303  4.7060  1.7870
   158   217   303  4.7010  1.7839
   156   211   303  4.6888  1.7763
   158   213   303  4.6728  1.7664
   153   211   303  4.6579  1.7572
   157   211   303  4.5388  1.6848
   152   211   303  4.5234  1.6756
   158   212   303  4.5125  1.6691
   158   211   303  4.3101  1.5511
   157   217   304  4.0902  1.4333
   156   217   304  4.0724  1.4236
   158   216   304  4.0635  1.4188
   158   217   304  4.0589  1.4162
   158   215   304  4.0555  1.4144
   158   214   304  4.0314  1.4014
   155   217   304  4.0097  1.3898
   155   218   303  4.7586  1.8199
   156   218   303  4.7393  1.8078
   154   218   303  4.7331  1.8039
   151   215   303  4.7316  1.8030
   151   214   303  4.7298  1.8018
   151   216   303  4.6840  1.7733
   153   218   303  4.6724  1.7661
   157   218   303  4.6686  1.7638
   151   213   303  4.6683  1.7636
   151   217   303  4.5996  1.7215
   152   218   303  4.5881  1.7146
   159   215   303  4.5854  1.7129
   159   216   303  4.5818  1.7107
   158   218   303  4.5450  1.6885
   151   212   303  4.5422  1.6868
   155   210   303  4.5217  1.6746
   159   214   303  4.5209  1.6741
   159   217   303  4.5085  1.6667
   154   210   303  4.5073  1.6660
   151   218   303  4.4912  1.6564
   156   210   303  4.4556  1.6354
   153   210   303  4.4238  1.6167
   159   213   303  4.3963  1.6007
   159   218   303  4.3718  1.5865
   151   211   303  4.3544  1.5765
   157   210   303  4.3060  1.5488
   152   210   303  4.2878  1.5384
   159   212   303  4.2238  1.5024
   151   210   303  4.1178  1.4438
   158   210   303  4.0804  1.4235
   157   218   304  4.0748  1.4248
   156   218   304  4.0555  1.4144
   158   218   304  4.0450  1.4087
   159   211   303  4.0185  1.3902
   150   215   303  4.5831  1.7115
   150   214   303  4.5687  1.7028
   155   219   303  4.5586  1.6967
   150   216   303  4.5493  1.6911
   154   219   303  4.5490  1.6909
   156   219   303  4.5296  1.6793
   153   219   303  4.5083  1.6666
   150   213   303  4.4956  1.6590
   150   217   303  4.4804  1.6500
   157   219   303  4.4576  1.6365
   152   219   303  4.4458  1.6296
   150   218   303  4.3901  1.5971
   151   219   303  4.3706  1.5858
   150   212   303  4.3599  1.5796
   158   219   303  4.3420  1.5694
   160   216   303  4.3155  1.5542
   160   215   303  4.2950  1.5425
   150   219   303  4.2900  1.5397
   160   217   303  4.2678  1.5271
   155   209   303  4.2548  1.5198
   154   209   303  4.2375  1.5101
   160   214   303  4.2097  1.4945
   156   209   303  4.1941  1.4858
   159   219   303  4.1864  1.4816
   150   211   303  4.1664  1.4705
   160   218   303  4.1571  1.4654
   153   209   303  4.1533  1.4633
   160   213   303  4.0700  1.4179
   157   219   304  4.0556  1.4145
   157   209   303  4.0531  1.4088
   156   219   304  4.0367  1.4043
   158   219   304  4.0253  1.3981
   152   209   303  4.0192  1.3906
   149   215   303  4.4317  1.6213
   149   216   303  4.4139  1.6110
   149   214   303  4.4020  1.6040
   149   217   303  4.3620  1.5809
   154   220   303  4.3525  1.5754
   155   220   303  4.3421  1.5694
   153   220   303  4.3358  1.5658
   149   213   303  4.3154  1.5541
   156   220   303  4.2998  1.5452
   152   220   303  4.2986  1.5446
   149   218   303  4.2897  1.5395
   151   220   303  4.2478  1.5158
   157   220   303  4.2235  1.5022
   149   219   303  4.2084  1.4938
   150   220   303  4.1891  1.4831
   149   212   303  4.1693  1.4721
   149   220   303  4.1263  1.4485
   158   220   303  4.1138  1.4416
   157   220   304  4.0363  1.4041
   156   220   304  4.0197  1.3951
   161   216   303  4.0133  1.3875
   158   220   304  4.0033  1.3864
   148   215   303  4.2797  1.5338
   148   216   303  4.2796  1.5338
   148   217   303  4.2457  1.5147
   148   214   303  4.2334  1.5078
   148   218   303  4.1912  1.4842
   153   221   303  4.1681  1.4714
   154   221   303  4.1598  1.4669
   152   221   303  4.1569  1.4653
   148   213   303  4.1326  1.4519
   151   221   303  4.1307  1.4509
   155   221   303  4.1284  1.4497
   148   219   303  4.1270  1.4489
   150   221   303  4.0934  1.4306
   156   221   303  4.0719  1.4189
   148   220   303  4.0607  1.4129
   149   221   303  4.0480  1.4061
   157   221   304  4.0198  1.3952
   156   221   304  4.0071  1.3884
   147   216   303  4.1453  1.4589
   147   217   303  4.1299  1.4505
   147   215   303  4.1269  1.4488
   147   218   303  4.0928  1.4303
   147   214   303  4.0637  1.4145
   147   219   303  4.0445  1.4042
   152   222   303  4.0289  1.3958
   151   222   303  4.0245  1.3935
   153   222   303  4.0167  1.3893
   157   222   304  4.0084  1.3891
   150   222   303  4.0059  1.3835
   156   222   304  4.0005  1.3849
   146   217   303  4.0112  1.3863
   146   216   303  4.0082  1.3847
   157   223   304  4.0038  1.3867
   156   223   304  4.0005  1.3849
   156   224   304  4.0060  1.3878
   157   224   304  4.0058  1.3877
   156   225   304  4.0139  1.3920
   157   225   304  4.0114  1.3907
   156   226   304  4.0177  1.3941
   157   226   304  4.0141  1.3922
   156   227   304  4.0080  1.3889
   157   227   304  4.0039  1.3867
   156   227   305  4.0028  1.3904
