#   X     Y     Z      S       D
   329   288   218  4.3290  1.3003
   329   289   218  4.3224  1.2974
   330   288   218  4.3171  1.2949
   330   287   218  4.3128  1.2930
   329   287   218  4.3104  1.2919
   330   289   218  4.2962  1.2855
   328   289   218  4.2865  1.2812
   328   288   218  4.2815  1.2789
   328   287   218  4.2520  1.2657
   330   288   217  3.9537  1.1355
   330   287   217  3.9533  1.1354
   329   288   217  3.9400  1.1298
   330   289   217  3.9352  1.1278
   329   289   217  3.9327  1.1268
   329   287   217  3.9274  1.1245
   328   288   217  3.8738  1.1022
   328   289   217  3.8723  1.1016
   328   287   217  3.8549  1.0944
   330   287   219  3.3599  0.9011
   329   287   219  3.3246  0.8880
   330   288   219  3.3002  0.8789
   329   288   219  3.2757  0.8699
   328   287   219  3.2714  0.8683
   330   289   219  3.2339  0.8545
   328   288   219  3.2321  0.8538
   329   289   219  3.2187  0.8490
   328   289   219  3.1830  0.8360
   329   290   218  4.2869  1.2814
   330   286   218  4.2839  1.2800
   329   286   218  4.2678  1.2728
   328   290   218  4.2624  1.2704
   331   287   218  4.2532  1.2662
   330   290   218  4.2475  1.2637
   331   286   218  4.2421  1.2613
   331   288   218  4.2396  1.2602
   331   289   218  4.2020  1.2435
   328   286   218  4.2000  1.2426
   327   289   218  4.1963  1.2410
   327   288   218  4.1824  1.2349
   327   290   218  4.1814  1.2344
   327   287   218  4.1453  1.2186
   331   290   218  4.1387  1.2157
   327   286   218  4.0878  1.1936
   330   286   217  3.9362  1.1282
   331   286   217  3.9299  1.1256
   331   287   217  3.9289  1.1252
   331   288   217  3.9115  1.1179
   329   290   217  3.9009  1.1135
   329   286   217  3.8977  1.1121
   330   290   217  3.8933  1.1103
   331   289   217  3.8764  1.1033
   328   290   217  3.8457  1.0906
   331   290   217  3.8200  1.0801
   328   286   217  3.8184  1.0794
   327   288   217  3.7593  1.0554
   327   289   217  3.7585  1.0550
   327   287   217  3.7394  1.0473
   327   290   217  3.7323  1.0444
   327   286   217  3.7016  1.0321
   331   286   219  3.4342  0.9292
   330   286   219  3.4087  0.9195
   331   287   219  3.3733  0.9062
   329   286   219  3.3619  0.9019
   331   288   219  3.3021  0.8796
   328   286   219  3.2985  0.8783
   331   289   219  3.2257  0.8515
   327   286   219  3.2223  0.8503
   327   287   219  3.2040  0.8436
   331   286   220  3.1987  0.8423
   331   287   220  3.1765  0.8343
   327   288   219  3.1726  0.8322
   330   290   219  3.1605  0.8279
   330   286   220  3.1567  0.8271
   329   290   219  3.1522  0.8249
   330   287   220  3.1473  0.8237
   331   290   219  3.1448  0.8222
   331   288   220  3.1430  0.8222
   327   289   219  3.1301  0.8169
   330   288   220  3.1283  0.8169
   328   290   219  3.1224  0.8142
   330   289   220  3.1022  0.8076
   331   289   220  3.1018  0.8074
   329   287   220  3.0818  0.8003
   329   286   220  3.0809  0.8000
   329   288   220  3.0753  0.7980
   327   290   219  3.0741  0.7970
   330   290   220  3.0686  0.7956
   329   289   220  3.0624  0.7934
   331   290   220  3.0539  0.7904
   329   290   220  3.0412  0.7860
   330   285   218  4.2272  1.2547
   329   291   218  4.2177  1.2505
   328   291   218  4.2034  1.2441
   331   285   218  4.2025  1.2437
   329   285   218  4.1991  1.2422
   330   291   218  4.1671  1.2281
   332   286   218  4.1400  1.2163
   327   291   218  4.1309  1.2123
   332   287   218  4.1293  1.2116
   328   285   218  4.1241  1.2093
   332   285   218  4.1223  1.2086
   332   288   218  4.0950  1.1967
   326   289   218  4.0594  1.1813
   326   290   218  4.0512  1.1778
   331   291   218  4.0471  1.1761
   326   288   218  4.0395  1.1728
   332   289   218  4.0390  1.1726
   327   285   218  4.0089  1.1597
   326   291   218  4.0074  1.1591
   326   287   218  3.9981  1.1551
   332   290   218  3.9610  1.1395
   326   286   218  3.9385  1.1300
   330   286   221  3.9195  1.1247
   331   285   217  3.9124  1.1183
   330   287   221  3.9095  1.1206
   331   286   221  3.9082  1.1200
   330   285   217  3.9011  1.1135
   330   285   221  3.9007  1.1169
   331   285   221  3.8976  1.1156
   329   286   221  3.8882  1.1117
   331   287   221  3.8879  1.1115
   329   287   221  3.8877  1.1114
   330   288   221  3.8813  1.1088
   332   285   217  3.8812  1.1053
   332   286   217  3.8765  1.1033
   329   288   221  3.8706  1.1043
   329   285   221  3.8627  1.1011
   326   285   218  3.8607  1.0976
   332   291   218  3.8595  1.0971
   332   286   221  3.8535  1.0972
   332   287   217  3.8525  1.0934
   332   285   221  3.8521  1.0967
   329   285   217  3.8504  1.0925
   331   288   221  3.8476  1.0948
   329   289   221  3.8417  1.0924
   330   289   221  3.8406  1.0919
   329   291   217  3.8386  1.0877
   328   287   221  3.8250  1.0855
   332   287   221  3.8224  1.0844
   330   291   217  3.8224  1.0810
   328   288   221  3.8175  1.0824
   328   286   221  3.8175  1.0824
   332   288   217  3.8125  1.0770
   329   290   221  3.8006  1.0755
   328   289   221  3.7985  1.0746
   331   289   221  3.7944  1.0729
   330   290   221  3.7884  1.0705
   328   291   217  3.7879  1.0670
   328   285   221  3.7866  1.0697
   332   288   221  3.7704  1.0631
   328   290   221  3.7664  1.0615
   328   285   217  3.7642  1.0573
   332   289   217  3.7567  1.0543
   329   291   221  3.7430  1.0520
   331   291   217  3.7371  1.0464
   331   290   221  3.7304  1.0469
   330   291   221  3.7214  1.0433
   328   291   221  3.7160  1.0411
   332   289   221  3.7052  1.0367
   332   290   217  3.6826  1.0245
   327   291   217  3.6753  1.0216
   331   291   221  3.6535  1.0161
   327   285   217  3.6457  1.0099
   332   290   221  3.6302  1.0068
   326   288   217  3.6007  0.9921
   326   289   217  3.5962  0.9904
   332   291   217  3.5861  0.9864
   326   287   217  3.5844  0.9858
   326   290   217  3.5668  0.9789
   326   286   217  3.5500  0.9724
   332   291   221  3.5445  0.9731
   326   291   217  3.5078  0.9560
   326   285   217  3.4973  0.9520
   332   285   219  3.4879  0.9497
   331   285   219  3.4749  0.9447
   330   285   219  3.4374  0.9304
   332   286   219  3.4353  0.9296
   329   285   219  3.3794  0.9085
   332   287   219  3.3622  0.9020
   328   285   219  3.3058  0.8810
   332   288   219  3.2792  0.8711
   327   285   219  3.2211  0.8498
   332   285   220  3.2170  0.8490
   331   285   220  3.2027  0.8438
   332   286   220  3.2003  0.8429
   332   289   219  3.1927  0.8395
   332   287   220  3.1635  0.8296
   330   285   220  3.1507  0.8249
   326   286   219  3.1363  0.8192
   326   285   219  3.1288  0.8165
   326   287   219  3.1249  0.8151
   332   288   220  3.1142  0.8119
   332   290   219  3.1045  0.8078
   326   288   219  3.0997  0.8061
   330   291   219  3.0765  0.7978
   329   291   219  3.0721  0.7963
   329   285   220  3.0676  0.7953
   326   289   219  3.0621  0.7927
   332   289   220  3.0574  0.7917
   331   291   219  3.0567  0.7908
   328   291   219  3.0458  0.7870
   330   291   220  3.0252  0.7803
   332   291   219  3.0129  0.7754
   326   290   219  3.0094  0.7742
   329   291   220  3.0083  0.7744
   327   291   219  3.0002  0.7710
   330   284   218  4.1370  1.2149
   331   284   218  4.1280  1.2110
   329   292   218  4.1111  1.2037
   328   292   218  4.1047  1.2009
   329   284   218  4.0990  1.1984
   332   284   218  4.0692  1.1856
   330   292   218  4.0525  1.1784
   327   292   218  4.0390  1.1726
   328   284   218  4.0193  1.1642
   333   285   218  3.9897  1.1516
   333   286   218  3.9818  1.1483
   333   284   218  3.9623  1.1400
   333   287   218  3.9467  1.1334
   331   292   218  3.9256  1.1246
   326   292   218  3.9210  1.1227
   327   284   218  3.9045  1.1158
   333   288   218  3.8901  1.1098
   325   289   218  3.8838  1.1072
   325   290   218  3.8797  1.1055
   331   284   217  3.8710  1.1010
   325   288   218  3.8610  1.0977
   332   284   217  3.8602  1.0966
   330   284   217  3.8434  1.0897
   331   284   221  3.8420  1.0925
   325   291   218  3.8401  1.0891
   330   284   221  3.8391  1.0913
   325   287   218  3.8185  1.0802
   333   289   218  3.8156  1.0790
   333   284   217  3.8093  1.0757
   333   285   217  3.8068  1.0747
   332   284   221  3.8048  1.0772
   329   284   221  3.7972  1.0741
   329   284   217  3.7813  1.0643
   333   286   217  3.7768  1.0624
   333   285   221  3.7659  1.0613
   326   284   218  3.7611  1.0568
   325   286   218  3.7605  1.0566
   333   286   221  3.7576  1.0579
   325   292   218  3.7575  1.0554
   329   292   217  3.7403  1.0476
   332   292   218  3.7338  1.0458
   333   284   221  3.7287  1.0462
   333   287   217  3.7268  1.0422
   327   287   221  3.7249  1.0447
   327   288   221  3.7246  1.0446
   333   290   218  3.7241  1.0419
   328   284   221  3.7189  1.0423
   330   292   217  3.7170  1.0383
   333   287   221  3.7164  1.0413
   327   289   221  3.7125  1.0397
   327   286   221  3.7113  1.0392
   328   292   217  3.6939  1.0291
   328   284   217  3.6886  1.0269
   325   285   218  3.6874  1.0272
   327   290   221  3.6861  1.0291
   327   285   221  3.6763  1.0252
   329   292   221  3.6627  1.0197
   333   288   217  3.6615  1.0161
   333   288   221  3.6540  1.0163
   328   292   221  3.6406  1.0110
   327   291   221  3.6397  1.0106
   330   292   221  3.6341  1.0084
   331   292   217  3.6230  1.0009
   333   291   218  3.6154  0.9986
   327   284   221  3.6080  0.9980
   325   284   218  3.5963  0.9911
   327   292   217  3.5829  0.9852
   333   289   217  3.5827  0.9851
   333   289   221  3.5790  0.9866
   327   284   217  3.5684  0.9795
   327   292   221  3.5661  0.9816
   331   285   222  3.5647  0.9819
   332   284   222  3.5627  0.9811
   331   284   222  3.5610  0.9804
   331   292   221  3.5589  0.9788
   332   285   222  3.5492  0.9758
   330   285   222  3.5269  0.9671
   331   286   222  3.5260  0.9668
   333   284   222  3.5139  0.9621
   330   284   222  3.5079  0.9597
   332   284   219  3.5067  0.9570
   330   286   222  3.5047  0.9585
   333   284   219  3.5039  0.9559
   333   290   221  3.4955  0.9542
   332   286   222  3.4932  0.9541
   333   292   218  3.4898  0.9498
   333   290   217  3.4897  0.9491
   333   285   222  3.4831  0.9502
   331   284   219  3.4821  0.9475
   333   285   219  3.4740  0.9444
   331   287   222  3.4655  0.9434
   332   292   217  3.4632  0.9389
   330   287   222  3.4613  0.9418
   332   292   221  3.4443  0.9345
   329   285   222  3.4385  0.9331
   330   284   219  3.4333  0.9289
   329   286   222  3.4310  0.9302
   326   284   217  3.4228  0.9236
   332   287   222  3.4159  0.9244
   326   292   217  3.4150  0.9206
   330   288   222  3.4115  0.9228
   333   286   222  3.4109  0.9226
   333   286   219  3.4102  0.9201
   329   284   222  3.4073  0.9212
   333   291   221  3.4038  0.9191
   329   287   222  3.4035  0.9197
   325   288   217  3.4028  0.9160
   331   288   222  3.3990  0.9181
   325   287   217  3.3937  0.9126
   325   289   217  3.3918  0.9119
   333   291   217  3.3798  0.9074
   329   288   222  3.3698  0.9070
   325   286   217  3.3666  0.9024
   329   284   219  3.3649  0.9030
   330   289   222  3.3631  0.9045
   325   290   217  3.3571  0.8988
   329   289   222  3.3367  0.8946
   331   289   222  3.3353  0.8941
   332   288   222  3.3336  0.8934
   333   287   219  3.3258  0.8884
   325   285   217  3.3212  0.8855
   333   287   222  3.3185  0.8878
   330   290   222  3.3170  0.8872
   328   286   222  3.3118  0.8853
   328   285   222  3.3074  0.8837
   329   290   222  3.3044  0.8825
   333   292   221  3.3011  0.8806
   328   287   222  3.2981  0.8802
   325   291   217  3.2946  0.8756
   328   284   219  3.2822  0.8723
   328   288   222  3.2789  0.8731
   331   290   222  3.2758  0.8719
   330   291   222  3.2694  0.8696
   329   291   222  3.2681  0.8691
   328   284   222  3.2674  0.8688
   328   289   222  3.2596  0.8660
   332   289   222  3.2558  0.8646
   325   284   217  3.2538  0.8606
   333   292   217  3.2503  0.8593
   328   290   222  3.2396  0.8586
   333   288   219  3.2320  0.8538
   333   288   222  3.2229  0.8525
   329   292   222  3.2217  0.8520
   331   291   222  3.2173  0.8504
   330   292   222  3.2142  0.8493
   328   291   222  3.2137  0.8491
   332   284   220  3.2040  0.8442
   325   292   217  3.2010  0.8413
   333   284   220  3.1908  0.8394
   327   284   219  3.1904  0.8387
   333   285   220  3.1902  0.8392
   332   290   222  3.1848  0.8386
   331   284   220  3.1793  0.8353
   328   292   222  3.1753  0.8352
   327   286   222  3.1587  0.8291
   333   286   220  3.1585  0.8278
   327   287   222  3.1558  0.8281
   331   292   222  3.1543  0.8276
   327   288   222  3.1479  0.8252
   327   285   222  3.1454  0.8244
   327   289   222  3.1394  0.8222
   333   289   219  3.1364  0.8192
   333   289   222  3.1340  0.8203
   327   290   222  3.1288  0.8184
   330   284   220  3.1203  0.8140
   332   291   222  3.1177  0.8144
   327   291   222  3.1107  0.8119
   333   287   220  3.1061  0.8090
   327   284   222  3.1000  0.8081
   326   284   219  3.0934  0.8038
   327   292   222  3.0782  0.8003
   333   290   222  3.0546  0.7919
   332   292   222  3.0493  0.7900
   325   286   219  3.0422  0.7857
   333   290   219  3.0420  0.7857
   333   288   220  3.0414  0.7860
   325   287   219  3.0353  0.7833
   329   284   220  3.0331  0.7831
   325   285   219  3.0309  0.7817
   325   288   219  3.0143  0.7759
   331   283   218  4.0105  1.1604
   330   283   218  4.0053  1.1582
   331   285   223  3.9732  1.1494
   332   283   218  3.9724  1.1443
   331   286   223  3.9688  1.1476
   332   285   223  3.9680  1.1472
   329   293   218  3.9666  1.1418
   328   293   218  3.9647  1.1410
   329   283   218  3.9597  1.1389
   332   284   223  3.9585  1.1432
   330   286   223  3.9544  1.1415
   331   284   223  3.9532  1.1409
   332   286   223  3.9527  1.1407
   331   287   223  3.9492  1.1393
   330   285   223  3.9486  1.1390
   330   287   223  3.9451  1.1375
   333   284   223  3.9358  1.1336
   333   285   223  3.9348  1.1332
   330   288   223  3.9266  1.1297
   332   287   223  3.9222  1.1279
   331   288   223  3.9208  1.1273
   330   284   223  3.9190  1.1265
   332   283   223  3.9132  1.1241
   333   286   223  3.9089  1.1223
   329   286   223  3.9086  1.1222
   329   287   223  3.9083  1.1221
   330   293   218  3.9040  1.1156
   327   293   218  3.9034  1.1153
   330   289   223  3.9017  1.1193
   333   283   223  3.9010  1.1190
   329   288   223  3.8983  1.1179
   331   283   223  3.8979  1.1177
   329   285   223  3.8940  1.1160
   333   283   218  3.8914  1.1103
   334   284   223  3.8870  1.1131
   331   289   223  3.8869  1.1131
   332   288   223  3.8833  1.1116
   329   289   223  3.8810  1.1106
   328   283   218  3.8786  1.1050
   334   285   223  3.8768  1.1089
   330   290   223  3.8707  1.1063
   333   287   223  3.8677  1.1051
   334   283   223  3.8617  1.1026
   329   284   223  3.8564  1.1004
   329   290   223  3.8564  1.1004
   330   283   223  3.8552  1.0999
   331   290   223  3.8477  1.0968
   334   286   223  3.8415  1.0942
   332   289   223  3.8393  1.0933
   328   287   223  3.8389  1.0931
   328   288   223  3.8354  1.0917
   328   286   223  3.8322  1.0903
   330   291   223  3.8320  1.0903
   328   289   223  3.8237  1.0868
   329   291   223  3.8231  1.0866
   333   288   223  3.8181  1.0846
   334   284   218  3.8149  1.0787
   334   285   218  3.8143  1.0785
   328   285   223  3.8107  1.0815
   332   283   217  3.8050  1.0739
   328   290   223  3.8034  1.0785
   331   291   223  3.8019  1.0779
   331   283   217  3.7973  1.0708
   332   290   223  3.7909  1.0734
   334   287   223  3.7907  1.0733
   326   293   218  3.7887  1.0680
   329   283   223  3.7865  1.0716
   330   292   223  3.7838  1.0704
   334   286   218  3.7797  1.0644
   329   292   223  3.7791  1.0685
   331   293   218  3.7755  1.0627
   333   283   217  3.7753  1.0618
   328   291   223  3.7733  1.0662
   334   283   218  3.7725  1.0614
   327   283   218  3.7678  1.0596
   328   284   223  3.7677  1.0639
   333   289   223  3.7640  1.0624
   330   283   217  3.7553  1.0537
   331   292   223  3.7476  1.0557
   327   288   223  3.7389  1.0522
   327   287   223  3.7384  1.0520
   332   291   223  3.7369  1.0514
   334   288   223  3.7316  1.0492
   328   292   223  3.7314  1.0491
   327   289   223  3.7301  1.0486
   327   286   223  3.7274  1.0475
   331   283   221  3.7265  1.0453
   330   293   223  3.7239  1.0461
   329   293   223  3.7226  1.0456
   334   287   218  3.7197  1.0401
   334   284   217  3.7192  1.0392
   330   283   221  3.7189  1.0422
   327   290   223  3.7118  1.0412
   334   283   217  3.7070  1.0343
   333   290   223  3.7062  1.0390
   327   285   223  3.7021  1.0373
   332   283   221  3.6978  1.0338
   328   283   223  3.6947  1.0343
   334   285   217  3.6928  1.0286
   329   283   217  3.6831  1.0247
   331   293   223  3.6828  1.0296
   327   291   223  3.6825  1.0294
   324   289   218  3.6789  1.0238
   328   293   223  3.6760  1.0268
   329   283   221  3.6756  1.0249
   324   290   218  3.6756  1.0225
   332   292   223  3.6755  1.0266
   334   289   223  3.6683  1.0237
   327   284   223  3.6569  1.0192
   324   288   218  3.6566  1.0149
   333   291   223  3.6439  1.0140
   334   285   221  3.6437  1.0122
   334   288   218  3.6416  1.0090
   327   292   223  3.6404  1.0126
   324   291   218  3.6375  1.0074
   334   286   217  3.6371  1.0065
   333   283   221  3.6335  1.0081
   326   283   218  3.6333  1.0057
   325   293   218  3.6276  1.0034
   334   286   221  3.6265  1.0054
   334   284   221  3.6170  1.0016
   324   287   218  3.6165  0.9990
   326   288   223  3.6109  1.0009
   326   287   223  3.6099  1.0005
   332   293   223  3.6049  0.9985
   329   293   217  3.6024  0.9928
   326   289   223  3.6021  0.9974
   334   290   223  3.6020  0.9974
   328   283   221  3.5988  0.9944
   326   286   223  3.5982  0.9959
   326   288   221  3.5946  0.9928
   326   287   221  3.5909  0.9913
   332   293   218  3.5861  0.9871
   326   289   221  3.5856  0.9892
   328   283   217  3.5846  0.9858
   327   283   223  3.5843  0.9904
   327   293   223  3.5839  0.9903
   326   290   223  3.5830  0.9899
   334   287   221  3.5774  0.9860
   333   292   223  3.5754  0.9869
   330   293   217  3.5738  0.9816
   326   286   221  3.5736  0.9845
   326   285   223  3.5729  0.9859
   324   286   218  3.5632  0.9782
   326   290   221  3.5608  0.9795
   334   287   217  3.5607  0.9765
   328   293   217  3.5603  0.9764
   324   292   218  3.5566  0.9756
   329   293   221  3.5537  0.9767
   326   291   223  3.5521  0.9778
   334   289   218  3.5503  0.9732
   326   285   221  3.5365  0.9700
   334   283   221  3.5353  0.9696
   328   293   221  3.5342  0.9691
   334   291   223  3.5322  0.9700
   326   284   223  3.5292  0.9689
   330   293   221  3.5211  0.9641
   326   291   221  3.5140  0.9613
   332   283   222  3.5123  0.9614
   334   288   221  3.5076  0.9588
   326   292   223  3.5075  0.9604
   333   293   223  3.4988  0.9571
   324   285   218  3.4979  0.9529
   331   283   222  3.4937  0.9543
   327   283   221  3.4913  0.9525
   333   283   219  3.4868  0.9493
   333   283   222  3.4818  0.9497
   325   283   218  3.4812  0.9465
   332   283   219  3.4783  0.9461
   331   293   217  3.4747  0.9433
   334   284   219  3.4726  0.9439
   334   288   217  3.4700  0.9415
   326   284   221  3.4689  0.9439
   334   283   219  3.4655  0.9411
   327   283   217  3.4629  0.9388
   326   283   223  3.4604  0.9423
   327   293   221  3.4595  0.9403
   327   293   217  3.4521  0.9347
   334   290   218  3.4484  0.9339
   326   293   223  3.4477  0.9374
   331   283   219  3.4423  0.9323
   331   293   221  3.4423  0.9337
   326   292   221  3.4384  0.9322
   334   285   219  3.4333  0.9289
   324   293   218  3.4279  0.9262
   330   283   222  3.4271  0.9287
   334   289   221  3.4261  0.9276
   334   284   222  3.4200  0.9260
   324   284   218  3.4179  0.9223
   334   283   222  3.4050  0.9203
   330   283   219  3.3828  0.9097
   334   285   222  3.3743  0.9087
   334   289   217  3.3688  0.9032
   334   286   219  3.3600  0.9012
   326   283   221  3.3572  0.9015
   333   293   218  3.3496  0.8967
   334   290   221  3.3381  0.8944
   334   291   218  3.3366  0.8918
   326   293   221  3.3285  0.8908
   332   293   221  3.3259  0.8898
   326   283   217  3.3201  0.8851
   324   283   218  3.3179  0.8848
   329   283   222  3.3175  0.8874
   332   293   217  3.3118  0.8820
   329   283   219  3.3050  0.8807
   334   286   222  3.2891  0.8769
   326   293   217  3.2864  0.8726
   334   287   219  3.2661  0.8663
   334   290   217  3.2582  0.8622
   334   291   221  3.2445  0.8597
   334   292   218  3.2160  0.8474
   328   283   219  3.2151  0.8476
   334   287   222  3.1856  0.8389
   333   293   221  3.1845  0.8378
   324   287   217  3.1732  0.8313
   328   283   222  3.1730  0.8343
   324   288   217  3.1730  0.8312
   334   288   219  3.1635  0.8290
   329   293   222  3.1594  0.8294
   325   283   217  3.1581  0.8259
   324   286   217  3.1563  0.8252
   324   289   217  3.1542  0.8245
   332   283   220  3.1512  0.8251
   333   283   220  3.1499  0.8247
   330   293   222  3.1461  0.8246
   334   292   221  3.1434  0.8230
   334   284   220  3.1390  0.8208
   334   291   217  3.1375  0.8184
   334   285   220  3.1231  0.8150
   324   285   217  3.1213  0.8127
   328   293   222  3.1187  0.8148
   331   283   220  3.1184  0.8133
   327   283   219  3.1183  0.8127
   324   290   217  3.1137  0.8100
   334   283   220  3.1127  0.8113
   333   293   217  3.0996  0.8049
   334   293   218  3.0888  0.8016
   331   293   222  3.0818  0.8016
   334   288   222  3.0808  0.8012
   334   286   220  3.0759  0.7982
   325   293   217  3.0749  0.7962
   324   284   217  3.0645  0.7925
   334   289   219  3.0609  0.7923
   330   283   220  3.0553  0.7909
   324   291   217  3.0480  0.7867
   334   293   221  3.0324  0.7835
   327   293   222  3.0258  0.7818
   326   283   219  3.0194  0.7777
   334   287   220  3.0085  0.7745
   327   283   222  3.0052  0.7745
   334   292   217  3.0050  0.7716
   331   282   218  3.8423  1.0900
   330   282   218  3.8243  1.0826
   332   282   218  3.8243  1.0826
   332   282   223  3.8222  1.0862
   333   282   223  3.8207  1.0856
   335   284   223  3.8141  1.0829
   335   285   223  3.7974  1.0761
   331   282   223  3.7972  1.0760
   335   283   223  3.7953  1.0752
   334   282   223  3.7914  1.0736
   329   294   218  3.7880  1.0678
   328   294   218  3.7867  1.0672
   329   282   218  3.7734  1.0618
   333   282   218  3.7694  1.0602
   335   286   223  3.7553  1.0588
   330   282   223  3.7474  1.0556
   335   282   223  3.7323  1.0495
   330   294   218  3.7263  1.0428
   327   294   218  3.7262  1.0427
   332   282   217  3.7063  1.0340
   335   287   223  3.6973  1.0354
   333   282   217  3.6958  1.0298
   328   282   218  3.6941  1.0299
   331   282   217  3.6821  1.0243
   334   282   218  3.6797  1.0241
   329   282   223  3.6749  1.0264
   329   294   223  3.6520  1.0172
   330   294   223  3.6509  1.0168
   334   282   217  3.6474  1.0105
   335   284   218  3.6388  1.0079
   335   288   223  3.6308  1.0088
   330   282   217  3.6273  1.0026
   335   283   218  3.6241  1.0020
   326   294   218  3.6121  0.9973
   335   285   218  3.6118  0.9972
   328   294   223  3.6060  0.9990
   331   294   223  3.6058  0.9989
   331   294   218  3.6020  0.9933
   335   283   217  3.6015  0.9924
   335   284   217  3.5944  0.9897
   327   282   218  3.5913  0.9892
   328   282   223  3.5830  0.9899
   335   289   223  3.5603  0.9810
   335   282   218  3.5600  0.9769
   335   282   217  3.5599  0.9762
   335   286   218  3.5524  0.9740
   335   285   217  3.5469  0.9711
   329   282   217  3.5462  0.9709
   331   282   221  3.5378  0.9706
   330   282   221  3.5257  0.9658
   332   294   223  3.5231  0.9665
   332   282   221  3.5193  0.9633
   327   294   223  3.5121  0.9622
   335   285   221  3.4926  0.9530
   335   290   223  3.4876  0.9527
   329   282   221  3.4830  0.9494
   327   282   223  3.4762  0.9483
   335   284   221  3.4745  0.9461
   335   287   218  3.4703  0.9423
   326   282   218  3.4700  0.9422
   333   282   221  3.4699  0.9443
   335   286   221  3.4694  0.9441
   335   286   217  3.4686  0.9410
   325   287   223  3.4581  0.9414
   334   292   223  3.4574  0.9411
   323   289   218  3.4559  0.9368
   325   288   223  3.4557  0.9405
   325   294   218  3.4514  0.9351
   325   286   223  3.4500  0.9383
   323   290   218  3.4496  0.9344
   325   289   223  3.4434  0.9358
   328   282   217  3.4428  0.9312
   323   288   218  3.4379  0.9299
   325   288   221  3.4300  0.9291
   325   285   223  3.4289  0.9302
   325   287   221  3.4265  0.9277
   329   294   217  3.4249  0.9243
   332   294   218  3.4215  0.9237
   325   290   223  3.4206  0.9270
   325   289   221  3.4196  0.9251
   335   287   221  3.4159  0.9237
   329   294   221  3.4133  0.9227
   335   284   219  3.4130  0.9212
   335   283   219  3.4130  0.9211
   333   282   219  3.4127  0.9211
   335   291   223  3.4123  0.9239
   333   294   223  3.4122  0.9238
   328   282   221  3.4110  0.9218
   323   291   218  3.4098  0.9193
   325   286   221  3.4088  0.9210
   335   283   221  3.4054  0.9197
   323   287   218  3.4034  0.9169
   334   282   219  3.4025  0.9172
   328   294   221  3.3938  0.9153
   330   294   217  3.3931  0.9123
   332   282   219  3.3919  0.9132
   325   290   221  3.3916  0.9145
   325   284   223  3.3905  0.9156
   334   282   221  3.3897  0.9138
   328   294   217  3.3869  0.9100
   325   291   223  3.3854  0.9137
   332   282   222  3.3811  0.9113
   330   294   221  3.3801  0.9101
   334   293   223  3.3757  0.9100
   335   288   218  3.3741  0.9058
   326   294   223  3.3721  0.9087
   325   285   221  3.3719  0.9071
   333   282   222  3.3700  0.9071
   335   287   217  3.3690  0.9033
   335   285   219  3.3671  0.9039
   326   282   223  3.3593  0.9038
   335   282   219  3.3583  0.9006
   323   286   218  3.3575  0.8996
   331   282   222  3.3463  0.8982
   331   282   219  3.3439  0.8952
   335   288   221  3.3430  0.8962
   325   291   221  3.3400  0.8951
   325   292   223  3.3362  0.8952
   325   282   218  3.3351  0.8912
   335   292   223  3.3329  0.8939
   325   283   223  3.3289  0.8924
   323   292   218  3.3279  0.8886
   327   282   217  3.3203  0.8851
   327   294   221  3.3173  0.8866
   334   282   222  3.3130  0.8857
   327   282   221  3.3115  0.8845
   325   284   221  3.3068  0.8827
   323   285   218  3.3016  0.8788
   331   294   221  3.3015  0.8807
   331   294   217  3.2930  0.8750
   335   284   222  3.2903  0.8773
   335   283   222  3.2884  0.8766
   335   286   219  3.2872  0.8741
   334   294   223  3.2847  0.8760
   327   294   217  3.2832  0.8714
   335   282   221  3.2776  0.8719
   330   282   219  3.2740  0.8692
   325   293   223  3.2715  0.8711
   335   289   218  3.2701  0.8672
   330   282   222  3.2686  0.8693
   335   289   221  3.2599  0.8654
   325   292   221  3.2585  0.8648
   335   288   217  3.2561  0.8614
   324   294   218  3.2523  0.8606
   325   282   223  3.2371  0.8584
   335   285   222  3.2348  0.8569
   323   284   218  3.2336  0.8538
   335   282   222  3.2133  0.8490
   325   283   221  3.2015  0.8440
   333   294   218  3.1999  0.8415
   323   293   218  3.1993  0.8413
   324   282   218  3.1911  0.8383
   325   294   223  3.1906  0.8414
   329   282   219  3.1882  0.8379
   332   294   221  3.1880  0.8391
   326   282   221  3.1877  0.8390
   335   287   219  3.1868  0.8374
   326   294   221  3.1825  0.8371
   326   282   217  3.1807  0.8340
   335   290   221  3.1720  0.8333
   335   290   218  3.1622  0.8279
   329   282   222  3.1537  0.8273
   323   283   218  3.1489  0.8231
   325   293   221  3.1425  0.8226
   335   286   222  3.1422  0.8232
   335   289   217  3.1358  0.8179
   332   294   217  3.1330  0.8169
   326   294   217  3.1225  0.8131
   328   282   219  3.0929  0.8037
   335   291   221  3.0810  0.8007
   335   288   219  3.0785  0.7986
   329   294   222  3.0782  0.8003
   330   294   222  3.0621  0.7946
   333   282   220  3.0592  0.7923
   333   294   221  3.0528  0.7907
   335   291   218  3.0522  0.7887
   335   284   220  3.0515  0.7896
   332   282   220  3.0503  0.7892
   325   282   221  3.0440  0.7875
   323   282   218  3.0412  0.7848
   328   294   222  3.0408  0.7870
   335   283   220  3.0396  0.7854
   334   282   220  3.0353  0.7839
   335   287   222  3.0332  0.7843
   325   282   217  3.0258  0.7789
   323   294   218  3.0242  0.7789
   335   285   220  3.0210  0.7788
   335   290   217  3.0115  0.7739
   331   282   220  3.0115  0.7755
   328   282   222  3.0096  0.7761
   336   284   223  3.7186  1.0439
   336   283   223  3.7016  1.0371
   336   285   223  3.6997  1.0363
   333   281   223  3.6884  1.0318
   332   281   223  3.6786  1.0279
   334   281   223  3.6701  1.0245
   336   286   223  3.6546  1.0182
   331   281   223  3.6444  1.0142
   336   282   223  3.6410  1.0129
   332   281   218  3.6202  1.0005
   335   281   223  3.6195  1.0043
   331   281   218  3.6182  0.9997
   336   287   223  3.5928  0.9937
   333   281   218  3.5917  0.9893
   330   281   223  3.5889  0.9922
   330   281   218  3.5885  0.9880
   329   295   218  3.5836  0.9861
   328   295   218  3.5784  0.9841
   329   295   223  3.5662  0.9833
   333   281   217  3.5640  0.9778
   330   295   223  3.5631  0.9821
   332   281   217  3.5568  0.9750
   334   281   217  3.5344  0.9663
   329   281   218  3.5344  0.9670
   334   281   218  3.5321  0.9661
   336   281   223  3.5320  0.9699
   330   295   218  3.5280  0.9645
   336   288   223  3.5220  0.9661
   328   295   223  3.5202  0.9654
   331   281   217  3.5174  0.9597
   329   281   223  3.5150  0.9633
   327   295   218  3.5148  0.9594
   331   295   223  3.5146  0.9632
   335   281   217  3.4642  0.9393
   336   283   217  3.4625  0.9387
   328   281   218  3.4599  0.9383
   336   283   218  3.4564  0.9370
   330   281   217  3.4509  0.9342
   336   284   218  3.4480  0.9338
   336   289   223  3.4474  0.9373
   335   281   218  3.4420  0.9315
   336   284   217  3.4418  0.9308
   336   282   217  3.4339  0.9278
   332   295   223  3.4279  0.9298
   328   281   223  3.4262  0.9292
   327   295   223  3.4242  0.9284
   336   282   218  3.4166  0.9218
   331   295   218  3.4135  0.9207
   336   285   218  3.3995  0.9154
   326   295   218  3.3983  0.9149
   336   285   217  3.3794  0.9072
   336   290   223  3.3710  0.9083
   327   281   218  3.3688  0.9039
   329   281   217  3.3620  0.9007
   336   281   217  3.3516  0.8968
   336   283   219  3.3285  0.8894
   327   281   223  3.3263  0.8915
   336   284   219  3.3259  0.8884
   336   281   218  3.3238  0.8870
   336   286   218  3.3207  0.8859
   336   285   221  3.3205  0.8878
   333   295   223  3.3129  0.8864
   336   284   221  3.3067  0.8827
   336   286   221  3.2961  0.8788
   336   291   223  3.2927  0.8790
   324   287   223  3.2891  0.8776
   324   286   223  3.2889  0.8775
   336   286   217  3.2850  0.8721
   326   295   223  3.2801  0.8743
   324   288   223  3.2791  0.8739
   334   281   219  3.2790  0.8711
   336   282   219  3.2776  0.8705
   336   285   219  3.2774  0.8705
   324   285   223  3.2761  0.8728
   333   281   219  3.2760  0.8700
   331   281   221  3.2677  0.8682
   326   281   218  3.2650  0.8653
   332   281   221  3.2618  0.8661
   324   289   223  3.2596  0.8667
   328   281   217  3.2546  0.8609
   330   281   221  3.2502  0.8618
   332   295   218  3.2481  0.8591
   335   293   223  3.2472  0.8621
   324   284   223  3.2464  0.8618
   336   283   221  3.2460  0.8603
   335   281   219  3.2452  0.8586
   336   287   221  3.2434  0.8593
   329   295   221  3.2434  0.8593
   332   281   219  3.2412  0.8572
   325   295   218  3.2358  0.8546
   324   287   221  3.2352  0.8563
   324   288   221  3.2340  0.8559
   333   281   221  3.2317  0.8550
   324   290   223  3.2299  0.8558
   322   289   218  3.2269  0.8513
   336   287   218  3.2222  0.8496
   328   295   221  3.2214  0.8512
   324   286   221  3.2210  0.8511
   326   281   223  3.2195  0.8520
   324   289   221  3.2172  0.8497
   322   288   218  3.2166  0.8476
   322   290   218  3.2136  0.8465
   330   295   221  3.2131  0.8482
   329   295   217  3.2116  0.8452
   336   292   223  3.2108  0.8488
   329   281   221  3.2094  0.8469
   336   286   219  3.1948  0.8403
   324   283   223  3.1943  0.8428
   322   287   218  3.1905  0.8381
   324   291   223  3.1882  0.8405
   324   285   221  3.1875  0.8389
   334   295   223  3.1815  0.8381
   324   290   221  3.1813  0.8366
   331   281   219  3.1804  0.8351
   330   295   217  3.1790  0.8334
   328   295   217  3.1774  0.8328
   334   281   221  3.1748  0.8343
   336   288   221  3.1728  0.8336
   333   281   222  3.1706  0.8334
   336   281   219  3.1699  0.8313
   336   287   217  3.1688  0.8297
   322   291   218  3.1681  0.8300
   332   281   222  3.1617  0.8302
   322   286   218  3.1532  0.8247
   335   294   223  3.1524  0.8276
   325   281   218  3.1517  0.8241
   328   281   221  3.1452  0.8236
   327   295   221  3.1420  0.8224
   336   283   222  3.1410  0.8227
   331   295   221  3.1391  0.8214
   336   284   222  3.1365  0.8212
   334   281   222  3.1357  0.8209
   324   292   223  3.1326  0.8204
   336   282   221  3.1322  0.8189
   327   281   217  3.1321  0.8165
   324   284   221  3.1272  0.8171
   336   293   223  3.1224  0.8168
   324   291   221  3.1207  0.8148
   336   288   218  3.1139  0.8106
   324   282   223  3.1131  0.8134
   331   281   222  3.1119  0.8123
   325   281   223  3.1090  0.8119
   322   285   218  3.1067  0.8080
   330   281   219  3.1002  0.8063
   336   289   221  3.0931  0.8050
   325   295   223  3.0930  0.8062
   336   287   219  3.0918  0.8033
   335   281   221  3.0864  0.8026
   322   292   218  3.0826  0.7994
   331   295   217  3.0823  0.7988
   327   295   217  3.0796  0.7979
   336   285   222  3.0783  0.8003
   336   282   222  3.0769  0.7998
   324   293   223  3.0616  0.7951
   327   281   221  3.0584  0.7926
   335   281   222  3.0570  0.7928
   322   284   218  3.0496  0.7878
   333   295   218  3.0470  0.7869
   335   295   223  3.0458  0.7895
   336   288   217  3.0401  0.7839
   324   295   218  3.0361  0.7830
   332   295   221  3.0329  0.7836
   324   281   218  3.0312  0.7813
   324   292   221  3.0302  0.7827
   324   283   221  3.0300  0.7826
   330   281   222  3.0258  0.7818
   336   290   221  3.0101  0.7756
   329   281   219  3.0074  0.7735
   326   295   221  3.0036  0.7733
   336   289   218  3.0032  0.7715
   337   284   223  3.6008  0.9969
   337   285   223  3.5851  0.9907
   337   283   223  3.5799  0.9887
   337   286   223  3.5418  0.9738
   337   282   223  3.5154  0.9635
   333   280   223  3.5023  0.9584
   334   280   223  3.4960  0.9560
   332   280   223  3.4811  0.9502
   337   287   223  3.4804  0.9500
   329   296   223  3.4634  0.9434
   330   296   223  3.4584  0.9415
   335   280   223  3.4554  0.9403
   331   280   223  3.4383  0.9338
   328   296   223  3.4172  0.9258
   337   288   223  3.4093  0.9227
   331   296   223  3.4068  0.9218
   337   281   223  3.4039  0.9207
   330   280   223  3.3785  0.9111
   333   280   217  3.3777  0.9066
   336   280   223  3.3736  0.9092
   334   280   217  3.3665  0.9023
   329   296   218  3.3643  0.9021
   332   280   218  3.3606  0.9008
   333   280   218  3.3589  0.9001
   332   280   217  3.3534  0.8974
   328   296   218  3.3508  0.8971
   331   280   218  3.3389  0.8927
   337   289   223  3.3340  0.8943
   334   280   218  3.3297  0.8892
   330   296   218  3.3194  0.8854
   327   296   223  3.3189  0.8887
   332   296   223  3.3164  0.8878
   335   280   217  3.3137  0.8827
   329   280   223  3.3054  0.8837
   331   280   217  3.2995  0.8774
   330   280   218  3.2981  0.8775
   337   283   217  3.2955  0.8759
   327   296   218  3.2805  0.8710
   337   283   218  3.2782  0.8701
   337   282   217  3.2727  0.8675
   335   280   218  3.2698  0.8670
   337   284   217  3.2693  0.8663
   337   290   223  3.2570  0.8657
   337   282   218  3.2553  0.8617
   337   284   218  3.2542  0.8613
   337   280   223  3.2457  0.8616
   329   280   218  3.2423  0.8570
   328   280   223  3.2224  0.8530
   330   280   217  3.2220  0.8490
   331   296   218  3.2194  0.8486
   336   280   217  3.2154  0.8466
   337   284   219  3.2111  0.8462
   337   283   219  3.2110  0.8462
   337   285   217  3.2009  0.8413
   333   296   223  3.1978  0.8440
   337   281   217  3.1976  0.8401
   337   285   218  3.1917  0.8385
   337   281   218  3.1803  0.8344
   337   291   223  3.1783  0.8369
   336   280   218  3.1772  0.8333
   328   280   218  3.1749  0.8325
   326   296   223  3.1707  0.8342
   337   285   219  3.1652  0.8296
   326   296   218  3.1584  0.8265
   337   282   219  3.1579  0.8269
   337   285   221  3.1348  0.8199
   327   280   223  3.1325  0.8204
   329   280   217  3.1260  0.8143
   323   286   223  3.1209  0.8162
   323   285   223  3.1197  0.8158
   337   284   221  3.1186  0.8141
   337   286   221  3.1155  0.8130
   323   287   223  3.1095  0.8121
   323   284   223  3.1013  0.8092
   337   286   218  3.1012  0.8061
   337   286   217  3.0994  0.8049
   327   280   218  3.0986  0.8051
   337   292   223  3.0957  0.8072
   334   280   219  3.0955  0.8046
   323   288   223  3.0881  0.8045
   337   286   219  3.0846  0.8007
   333   280   219  3.0771  0.7981
   335   280   219  3.0745  0.7971
   332   296   218  3.0735  0.7962
   337   280   217  3.0707  0.7947
   337   287   221  3.0696  0.7966
   334   296   223  3.0631  0.7956
   323   283   223  3.0599  0.7945
   337   283   221  3.0596  0.7931
   323   289   223  3.0580  0.7938
   337   280   218  3.0520  0.7886
   329   296   221  3.0513  0.7901
   337   281   219  3.0499  0.7885
   326   280   223  3.0383  0.7868
   330   296   221  3.0273  0.7817
   332   280   219  3.0267  0.7803
   336   294   223  3.0247  0.7820
   328   296   221  3.0244  0.7806
   323   287   221  3.0210  0.7794
   323   290   223  3.0185  0.7798
   326   280   218  3.0156  0.7758
   328   280   217  3.0155  0.7753
   323   286   221  3.0146  0.7772
   323   288   221  3.0103  0.7757
   336   280   219  3.0074  0.7735
   337   288   221  3.0066  0.7744
   337   293   223  3.0060  0.7754
   321   288   218  3.0018  0.7710
   321   289   218  3.0014  0.7709
   338   284   223  3.4606  0.9423
   338   285   223  3.4537  0.9397
   338   283   223  3.4294  0.9304
   338   286   223  3.4172  0.9258
   338   287   223  3.3608  0.9044
   338   282   223  3.3546  0.9021
   329   297   223  3.3409  0.8969
   330   297   223  3.3340  0.8944
   328   297   223  3.2948  0.8797
   338   288   223  3.2930  0.8791
   331   297   223  3.2794  0.8740
   334   279   223  3.2728  0.8716
   333   279   223  3.2670  0.8694
   335   279   223  3.2433  0.8607
   332   279   223  3.2349  0.8576
   338   281   223  3.2344  0.8574
   338   289   223  3.2203  0.8522
   327   297   223  3.1944  0.8428
   332   297   223  3.1856  0.8396
   331   279   223  3.1846  0.8392
   336   279   223  3.1694  0.8337
   334   279   217  3.1474  0.8220
   338   290   223  3.1455  0.8251
   333   279   217  3.1407  0.8196
   329   297   218  3.1406  0.8201
   330   279   223  3.1222  0.8167
   328   297   218  3.1156  0.8112
   335   279   217  3.1122  0.8094
   330   297   218  3.1099  0.8092
   338   283   217  3.1067  0.8075
   332   279   217  3.0996  0.8049
   338   283   218  3.0949  0.8038
   338   284   217  3.0841  0.7994
   338   282   217  3.0816  0.7986
   338   282   218  3.0802  0.7986
   334   279   218  3.0782  0.7979
   333   279   218  3.0777  0.7977
   338   280   223  3.0708  0.7983
   338   291   223  3.0685  0.7975
   338   284   219  3.0679  0.7948
   338   284   218  3.0639  0.7928
   333   297   223  3.0638  0.7958
   338   283   219  3.0592  0.7917
   332   279   218  3.0534  0.7891
   329   279   223  3.0519  0.7916
   335   279   218  3.0476  0.7871
   337   279   223  3.0452  0.7893
   326   297   223  3.0423  0.7882
   327   297   218  3.0356  0.7829
   331   279   217  3.0317  0.7810
   338   285   219  3.0300  0.7815
   336   279   217  3.0293  0.7801
   331   297   218  3.0276  0.7801
   338   285   217  3.0192  0.7766
   338   281   218  3.0143  0.7754
   331   279   218  3.0125  0.7748
   338   281   217  3.0067  0.7722
   339   285   223  3.3046  0.8834
   339   284   223  3.2977  0.8808
   339   286   223  3.2794  0.8740
   339   283   223  3.2510  0.8635
   339   287   223  3.2317  0.8564
   329   298   223  3.1959  0.8433
   330   298   223  3.1871  0.8401
   339   288   223  3.1705  0.8341
   339   282   223  3.1605  0.8305
   328   298   223  3.1500  0.8267
   331   298   223  3.1295  0.8193
   339   289   223  3.1029  0.8098
   327   298   223  3.0481  0.7903
   332   298   223  3.0328  0.7849
   339   290   223  3.0321  0.7846
   339   281   223  3.0264  0.7826
   334   278   223  3.0101  0.7769
   340   285   223  3.1368  0.8219
   340   286   223  3.1260  0.8180
   340   284   223  3.1127  0.8133
   340   287   223  3.0896  0.8050
   340   283   223  3.0472  0.7899
   340   288   223  3.0372  0.7864
   329   299   223  3.0261  0.7825
   330   299   223  3.0155  0.7788
