#   X     Y     Z      S       D
   134    45   274  4.6948  1.6296
   134    46   274  4.6752  1.6188
   133    45   274  4.6682  1.6149
   134    44   274  4.6595  1.6101
   135    45   274  4.6414  1.6002
   133    44   274  4.6408  1.5999
   133    46   274  4.6387  1.5987
   135    46   274  4.6309  1.5944
   135    44   274  4.6006  1.5779
   134    46   275  4.2660  1.4060
   134    45   275  4.2611  1.4034
   134    46   273  4.2511  1.3911
   133    45   275  4.2477  1.3966
   133    46   275  4.2375  1.3915
   135    46   275  4.2301  1.3877
   135    46   273  4.2268  1.3789
   134    45   273  4.2209  1.3759
   135    45   275  4.2089  1.3771
   133    46   273  4.2057  1.3683
   134    44   275  4.2050  1.3751
   133    44   275  4.2040  1.3746
   133    45   273  4.1861  1.3586
   135    45   273  4.1857  1.3584
   134    44   273  4.1574  1.3444
   135    44   275  4.1403  1.3429
   133    44   273  4.1313  1.3316
   135    44   273  4.1145  1.3233
   134    47   274  4.6002  1.5777
   134    43   274  4.5721  1.5624
   135    47   274  4.5676  1.5600
   132    45   274  4.5637  1.5579
   133    43   274  4.5585  1.5551
   133    47   274  4.5530  1.5522
   132    44   274  4.5453  1.5480
   134    45   272  4.5428  1.5385
   134    46   272  4.5290  1.5311
   132    46   274  4.5250  1.5371
   136    45   274  4.5151  1.5318
   135    43   274  4.5118  1.5301
   136    46   274  4.5112  1.5298
   134    44   272  4.5085  1.5203
   135    45   272  4.5032  1.5174
   133    45   272  4.4961  1.5137
   135    46   272  4.4961  1.5137
   133    46   272  4.4741  1.5021
   136    44   274  4.4723  1.5091
   132    43   274  4.4705  1.5082
   133    44   272  4.4693  1.4995
   135    44   272  4.4639  1.4967
   136    47   274  4.4589  1.5020
   134    47   272  4.4577  1.4934
   134    43   272  4.4344  1.4813
   135    47   272  4.4321  1.4801
   132    47   274  4.4309  1.4873
   133    43   272  4.4008  1.4638
   133    47   272  4.3953  1.4610
   135    43   272  4.3872  1.4568
   136    43   274  4.3867  1.4642
   136    45   272  4.3819  1.4541
   136    46   272  4.3789  1.4525
   132    45   272  4.3676  1.4467
   132    44   272  4.3493  1.4373
   136    44   272  4.3411  1.4331
   132    46   272  4.3374  1.4312
   136    47   272  4.3212  1.4229
   132    43   272  4.2884  1.4063
   136    43   272  4.2659  1.3949
   132    47   272  4.2523  1.3881
   134    47   273  4.2455  1.3883
   135    47   273  4.2347  1.3829
   134    47   275  4.2191  1.3822
   135    47   275  4.2021  1.3737
   133    47   273  4.1881  1.3596
   133    47   275  4.1739  1.3596
   132    45   275  4.1690  1.3571
   136    47   273  4.1552  1.3433
   132    46   275  4.1465  1.3460
   132    44   275  4.1364  1.3410
   136    46   275  4.1340  1.3397
   136    46   273  4.1332  1.3325
   136    47   275  4.1254  1.3355
   133    43   275  4.1083  1.3271
   134    43   275  4.0998  1.3229
   132    46   273  4.0977  1.3151
   136    45   275  4.0972  1.3216
   132    45   273  4.0875  1.3101
   136    45   273  4.0821  1.3075
   132    47   273  4.0709  1.3021
   132    47   275  4.0701  1.3084
   134    43   273  4.0622  1.2979
   132    43   275  4.0502  1.2987
   133    43   273  4.0424  1.2883
   132    44   273  4.0414  1.2878
   135    43   275  4.0270  1.2874
   136    44   275  4.0177  1.2830
   135    43   273  4.0152  1.2752
   136    44   273  4.0053  1.2705
   134    46   276  3.9916  1.2737
   134    45   276  3.9755  1.2660
   134    47   276  3.9647  1.2608
   132    43   273  3.9599  1.2489
   135    46   276  3.9587  1.2579
   133    45   276  3.9579  1.2575
   133    46   276  3.9571  1.2571
   135    47   276  3.9492  1.2534
   135    45   276  3.9293  1.2439
   134    44   276  3.9166  1.2379
   133    44   276  3.9113  1.2354
   133    47   276  3.9107  1.2351
   136    43   273  3.9047  1.2229
   136    43   275  3.8989  1.2264
   132    45   276  3.8736  1.2176
   136    47   276  3.8710  1.2164
   136    46   276  3.8673  1.2146
   135    44   276  3.8623  1.2123
   132    46   276  3.8549  1.2088
   132    44   276  3.8419  1.2028
   136    45   276  3.8295  1.1970
   133    43   276  3.8166  1.1910
   134    43   276  3.8148  1.1902
   132    47   276  3.7896  1.1785
   136    44   276  3.7599  1.1649
   135    43   276  3.7585  1.1642
   132    43   276  3.7580  1.1640
   136    43   276  3.6596  1.1194
   134    45   271  4.6650  1.6003
   134    46   271  4.6544  1.5945
   133    45   271  4.6456  1.5897
   133    46   271  4.6240  1.5780
   134    44   271  4.6191  1.5753
   135    45   271  4.6147  1.5730
   135    46   271  4.6118  1.5714
   133    44   271  4.6082  1.5695
   134    47   271  4.5822  1.5555
   135    44   271  4.5643  1.5459
   132    45   271  4.5557  1.5413
   135    47   271  4.5503  1.5384
   133    47   271  4.5396  1.5328
   132    44   271  4.5297  1.5275
   134    43   271  4.5222  1.5235
   132    46   271  4.5218  1.5233
   133    43   271  4.5171  1.5208
   136    46   271  4.5030  1.5134
   136    45   271  4.5024  1.5131
   134    48   274  4.4720  1.5089
   135    43   271  4.4664  1.4941
   135    48   274  4.4528  1.4988
   136    44   271  4.4526  1.4869
   136    47   271  4.4492  1.4852
   132    43   271  4.4479  1.4845
   134    48   271  4.4466  1.4838
   134    42   274  4.4368  1.4904
   135    48   271  4.4274  1.4738
   132    47   271  4.4254  1.4728
   133    42   274  4.4248  1.4841
   133    48   274  4.4143  1.4786
   131    45   271  4.4022  1.4607
   133    48   271  4.3918  1.4554
   131    45   274  4.3913  1.4666
   131    44   271  4.3885  1.4537
   131    44   274  4.3815  1.4615
   135    42   274  4.3798  1.4606
   134    42   271  4.3795  1.4491
   133    42   271  4.3770  1.4478
   136    48   274  4.3589  1.4498
   136    43   271  4.3588  1.4385
   131    46   271  4.3562  1.4371
   131    46   274  4.3452  1.4427
   137    45   271  4.3428  1.4303
   132    42   274  4.3423  1.4412
   137    46   271  4.3420  1.4299
   136    48   271  4.3380  1.4278
   137    45   274  4.3315  1.4356
   137    46   274  4.3309  1.4353
   135    42   271  4.3258  1.4217
   134    42   272  4.3257  1.4253
   134    48   272  4.3212  1.4229
   131    43   271  4.3181  1.4177
   131    43   274  4.3154  1.4274
   132    42   271  4.3146  1.4160
   135    48   272  4.3027  1.4136
   137    44   271  4.2985  1.4078
   133    42   272  4.2955  1.4099
   137    47   271  4.2921  1.4046
   137    44   274  4.2912  1.4150
   137    47   274  4.2874  1.4131
   132    48   274  4.2860  1.4124
   135    42   272  4.2788  1.4015
   132    48   271  4.2674  1.3922
   136    42   274  4.2634  1.4009
   133    48   272  4.2535  1.3887
   131    47   271  4.2498  1.3833
   131    47   274  4.2465  1.3924
   136    42   271  4.2254  1.3712
   137    43   274  4.2139  1.3760
   137    43   271  4.2136  1.3653
   135    46   277  4.2114  1.3856
   135    48   273  4.2062  1.3686
   137    48   274  4.2016  1.3698
   134    48   273  4.2015  1.3662
   136    48   272  4.1995  1.3618
   135    45   277  4.1981  1.3789
   131    42   274  4.1952  1.3666
   131    42   271  4.1945  1.3558
   136    46   277  4.1936  1.3767
   137    45   272  4.1931  1.3586
   137    46   272  4.1907  1.3574
   137    48   271  4.1900  1.3536
   132    42   272  4.1893  1.3567
   135    47   277  4.1826  1.3712
   134    46   277  4.1816  1.3707
   134    45   277  4.1763  1.3680
   136    45   277  4.1741  1.3669
   136    47   277  4.1737  1.3667
   131    45   272  4.1699  1.3471
   136    42   272  4.1623  1.3434
   131    44   272  4.1598  1.3422
   137    44   272  4.1549  1.3397
   135    44   277  4.1449  1.3523
   136    48   273  4.1442  1.3379
   134    47   277  4.1431  1.3514
   137    47   272  4.1371  1.3310
   137    46   277  4.1338  1.3467
   131    46   272  4.1328  1.3289
   133    48   273  4.1319  1.3319
   134    44   277  4.1286  1.3442
   135    48   275  4.1252  1.3354
   134    48   275  4.1217  1.3337
   137    47   277  4.1211  1.3404
   136    44   277  4.1178  1.3388
   136    48   277  4.1135  1.3366
   135    48   277  4.1117  1.3357
   137    45   277  4.1104  1.3351
   132    48   272  4.1081  1.3168
   131    43   272  4.1073  1.3164
   133    45   277  4.1058  1.3328
   137    42   274  4.1046  1.3218
   133    46   277  4.1022  1.3311
   131    48   274  4.1010  1.3201
   137    42   271  4.0914  1.3054
   137    43   272  4.0857  1.3060
   131    48   271  4.0854  1.3025
   137    48   277  4.0710  1.3157
   136    48   275  4.0703  1.3085
   133    44   277  4.0655  1.3130
   134    48   277  4.0615  1.3110
   133    48   275  4.0592  1.3031
   135    43   277  4.0551  1.3079
   133    47   277  4.0539  1.3073
   137    44   277  4.0535  1.3071
   131    47   272  4.0443  1.2860
   134    43   277  4.0419  1.3014
   131    45   275  4.0308  1.2893
   136    43   277  4.0276  1.2945
   137    48   272  4.0229  1.2757
   137    48   273  4.0215  1.2783
   131    42   272  4.0158  1.2723
   137    47   273  4.0149  1.2751
   132    48   273  4.0070  1.2713
   131    44   275  4.0069  1.2777
   131    46   275  4.0001  1.2745
   137    47   275  3.9981  1.2735
   137    42   272  3.9916  1.2608
   137    46   275  3.9889  1.2691
   132    45   277  3.9871  1.2748
   133    43   277  3.9842  1.2734
   137    46   273  3.9799  1.2584
   132    46   277  3.9747  1.2689
   137    43   277  3.9654  1.2644
   137    48   275  3.9641  1.2573
   133    42   275  3.9638  1.2571
   133    48   277  3.9629  1.2632
   132    44   277  3.9549  1.2594
   134    42   275  3.9491  1.2501
   132    48   275  3.9435  1.2474
   131    46   273  3.9401  1.2395
   137    45   275  3.9388  1.2452
   131    45   273  3.9370  1.2381
   134    42   273  3.9356  1.2374
   135    42   277  3.9322  1.2485
   131    43   275  3.9294  1.2408
   137    45   273  3.9209  1.2305
   134    42   277  3.9201  1.2428
   133    42   273  3.9194  1.2298
   132    47   277  3.9181  1.2418
   131    47   275  3.9164  1.2346
   132    42   275  3.9138  1.2334
   131    47   273  3.9079  1.2244
   136    42   277  3.9061  1.2361
   131    48   272  3.9018  1.2185
   135    48   276  3.8991  1.2296
   131    44   273  3.8984  1.2200
   134    48   276  3.8952  1.2278
   135    42   273  3.8879  1.2150
   132    43   277  3.8808  1.2241
   135    42   275  3.8728  1.2141
   133    42   277  3.8662  1.2173
   137    44   275  3.8514  1.2041
   137    42   277  3.8479  1.2087
   132    42   273  3.8424  1.1940
   137    44   273  3.8413  1.1934
   131    48   273  3.8410  1.1933
   136    48   276  3.8374  1.2007
   131    43   273  3.8241  1.1855
   131    45   277  3.8239  1.1975
   133    48   276  3.8214  1.1932
   132    48   277  3.8204  1.1958
   131    46   277  3.8045  1.1884
   131    42   275  3.8019  1.1812
   131    44   277  3.7996  1.1862
   131    48   275  3.7843  1.1731
   136    42   273  3.7802  1.1654
   132    42   277  3.7690  1.1720
   136    42   275  3.7449  1.1551
   137    47   276  3.7442  1.1577
   137    43   273  3.7427  1.1484
   131    47   277  3.7425  1.1598
   131    43   277  3.7334  1.1557
   137    46   276  3.7326  1.1524
   137    43   275  3.7309  1.1487
   131    45   276  3.7282  1.1504
   137    48   276  3.7228  1.1479
   131    42   273  3.7131  1.1350
   131    44   276  3.7116  1.1428
   131    46   276  3.6933  1.1345
   137    45   276  3.6922  1.1340
   132    48   276  3.6829  1.1299
   133    42   276  3.6744  1.1260
   134    42   276  3.6708  1.1244
   131    48   277  3.6420  1.1143
   131    43   276  3.6405  1.1108
   131    42   277  3.6291  1.1085
   137    44   276  3.6257  1.1042
   137    42   273  3.6250  1.0958
   132    42   276  3.6223  1.1027
   135    42   276  3.6181  1.1009
   131    47   276  3.6127  1.0984
   137    42   275  3.5817  1.0820
   137    43   276  3.5341  1.0638
   136    42   276  3.5285  1.0613
   131    42   276  3.5149  1.0554
   131    48   276  3.4944  1.0465
   137    42   276  3.4170  1.0133
   134    49   274  4.2961  1.4176
   135    49   274  4.2913  1.4151
   134    41   274  4.2596  1.3990
   134    49   271  4.2497  1.3833
   133    41   274  4.2454  1.3918
   135    49   271  4.2441  1.3805
   133    49   274  4.2292  1.3837
   136    49   274  4.2151  1.3766
   135    41   274  4.2106  1.3743
   130    45   271  4.1972  1.3572
   130    44   271  4.1949  1.3561
   134    41   271  4.1947  1.3560
   133    41   271  4.1919  1.3546
   134    41   272  4.1844  1.3543
   133    49   271  4.1841  1.3507
   136    49   271  4.1694  1.3435
   130    45   274  4.1664  1.3523
   132    41   274  4.1659  1.3520
   130    44   274  4.1635  1.3508
   133    41   272  4.1554  1.3400
   138    45   271  4.1537  1.3358
   138    46   271  4.1474  1.3327
   135    41   271  4.1462  1.3321
   130    46   271  4.1414  1.3297
   135    41   272  4.1406  1.3327
   135    49   273  4.1397  1.3357
   130    43   271  4.1363  1.3272
   132    41   271  4.1338  1.3260
   138    44   271  4.1191  1.3189
   134    49   273  4.1188  1.3254
   130    46   274  4.1163  1.3276
   134    49   272  4.1162  1.3208
   138    45   274  4.1130  1.3259
   138    46   274  4.1114  1.3252
   136    41   274  4.1082  1.3236
   130    43   274  4.1059  1.3225
   135    49   272  4.1036  1.3146
   132    49   274  4.0982  1.3187
   136    49   273  4.0974  1.3150
   138    47   271  4.0973  1.3083
   138    44   274  4.0798  1.3097
   137    49   274  4.0768  1.3083
   138    47   274  4.0734  1.3066
   136    41   271  4.0554  1.2881
   132    41   272  4.0536  1.2905
   132    49   271  4.0534  1.2871
   133    49   272  4.0466  1.2871
   138    43   271  4.0465  1.2838
   138    46   277  4.0397  1.3004
   133    49   273  4.0381  1.2862
   137    49   271  4.0354  1.2785
   138    47   277  4.0322  1.2967
   136    41   272  4.0321  1.2801
   130    47   271  4.0284  1.2751
   131    41   274  4.0259  1.2836
   130    42   271  4.0240  1.2731
   131    41   271  4.0216  1.2719
   130    47   274  4.0176  1.2796
   138    43   274  4.0154  1.2785
   138    45   277  4.0148  1.2882
   136    49   277  4.0146  1.2882
   136    49   272  4.0094  1.2692
   135    49   275  4.0017  1.2753
   135    49   277  4.0011  1.2816
   138    48   271  4.0010  1.2621
   138    48   274  3.9996  1.2710
   137    49   273  3.9961  1.2661
   130    42   274  3.9951  1.2688
   138    48   277  3.9907  1.2766
   137    49   277  3.9841  1.2734
   134    49   275  3.9776  1.2637
   136    49   275  3.9697  1.2599
   137    41   274  3.9686  1.2562
   138    44   277  3.9596  1.2616
   138    45   272  3.9584  1.2451
   138    46   272  3.9530  1.2425
   134    49   277  3.9406  1.2525
   138    42   271  3.9382  1.2325
   137    41   271  3.9345  1.2308
   138    44   272  3.9271  1.2304
   138    42   274  3.9242  1.2352
   130    45   272  3.9218  1.2278
   130    44   272  3.9183  1.2262
   131    49   274  3.9172  1.2319
   138    49   277  3.9154  1.2405
   132    49   273  3.9076  1.2243
   132    49   272  3.9041  1.2196
   138    47   272  3.9006  1.2180
   133    49   275  3.8991  1.2265
   138    49   274  3.8931  1.2205
   131    41   272  3.8872  1.2117
   137    49   275  3.8866  1.2206
   130    46   272  3.8809  1.2088
   130    48   274  3.8773  1.2132
   138    43   277  3.8760  1.2219
   137    41   272  3.8741  1.2056
   130    43   272  3.8735  1.2054
   131    49   271  3.8703  1.2009
   138    43   272  3.8684  1.2030
   130    48   271  3.8624  1.1973
   130    41   271  3.8618  1.1970
   138    49   271  3.8583  1.1954
   138    48   273  3.8521  1.1984
   138    49   273  3.8471  1.1961
   137    49   272  3.8437  1.1916
   130    45   275  3.8432  1.2003
   130    41   274  3.8356  1.1938
   138    47   275  3.8352  1.1966
   133    49   277  3.8343  1.2023
   138    47   273  3.8296  1.1880
   130    44   275  3.8246  1.1917
   138    48   275  3.8197  1.1894
   138    46   275  3.8114  1.1856
   138    41   274  3.8109  1.1824
   130    46   275  3.8091  1.1845
   135    49   276  3.8076  1.1868
   138    41   271  3.7963  1.1670
   130    47   272  3.7930  1.1684
   138    48   272  3.7927  1.1682
   130    42   272  3.7902  1.1671
   138    42   272  3.7877  1.1660
   134    49   276  3.7847  1.1762
   138    46   273  3.7841  1.1672
   135    41   277  3.7794  1.1768
   134    41   273  3.7770  1.1639
   133    41   275  3.7762  1.1694
   132    49   275  3.7736  1.1682
   134    41   277  3.7676  1.1714
   138    42   277  3.7647  1.1700
   136    49   276  3.7640  1.1667
   138    49   275  3.7635  1.1636
   133    41   273  3.7617  1.1570
   134    41   275  3.7583  1.1612
   136    41   277  3.7558  1.1659
   130    43   275  3.7544  1.1594
   138    45   275  3.7516  1.1581
   130    45   273  3.7494  1.1514
   130    46   273  3.7491  1.1513
   131    49   273  3.7420  1.1481
   132    41   275  3.7327  1.1495
   135    41   273  3.7320  1.1436
   130    47   275  3.7243  1.1457
   138    45   273  3.7204  1.1383
   133    41   277  3.7165  1.1480
   130    44   273  3.7159  1.1363
   130    47   273  3.7158  1.1362
   131    49   272  3.7064  1.1293
   130    49   274  3.7046  1.1340
   137    41   277  3.7024  1.1416
   133    49   276  3.6934  1.1346
   132    41   273  3.6885  1.1240
   132    49   277  3.6876  1.1349
   138    41   272  3.6867  1.1204
   135    41   275  3.6830  1.1271
   130    41   272  3.6700  1.1130
   137    49   276  3.6645  1.1216
   138    44   275  3.6604  1.1169
   130    48   272  3.6575  1.1075
   130    49   271  3.6517  1.1023
   130    48   273  3.6511  1.1073
   130    43   273  3.6473  1.1056
   138    44   273  3.6414  1.1030
   130    42   275  3.6361  1.1061
   136    41   273  3.6314  1.0986
   131    41   275  3.6300  1.1034
   138    41   277  3.6261  1.1072
   138    49   272  3.6253  1.0933
   132    41   277  3.6245  1.1065
   130    45   277  3.6234  1.1060
   131    49   275  3.6121  1.0954
   130    44   277  3.6050  1.0978
   130    46   277  3.6001  1.0956
   130    48   275  3.5942  1.0875
   138    47   276  3.5879  1.0874
   138    46   276  3.5739  1.0813
   138    48   276  3.5735  1.0811
   131    41   273  3.5649  1.0694
   136    41   275  3.5610  1.0729
   130    49   273  3.5578  1.0663
   138    43   273  3.5483  1.0622
   130    43   277  3.5461  1.0717
   138    43   275  3.5425  1.0648
   130    42   273  3.5424  1.0596
   132    49   276  3.5421  1.0673
   130    47   277  3.5368  1.0677
   138    45   276  3.5362  1.0647
   130    45   276  3.5350  1.0642
   130    44   276  3.5314  1.0626
   138    49   276  3.5262  1.0604
   131    49   277  3.5098  1.0558
   134    47   278  3.5020  1.0551
   133    47   278  3.4941  1.0516
   131    41   277  3.4920  1.0481
   130    46   276  3.4884  1.0440
   134    48   278  3.4878  1.0489
   133    41   276  3.4874  1.0435
   137    41   273  3.4871  1.0358
   134    41   276  3.4866  1.0432
   133    48   278  3.4818  1.0463
   138    44   276  3.4775  1.0392
   134    46   278  3.4775  1.0444
   130    49   272  3.4766  1.0288
   130    41   275  3.4753  1.0358
   130    43   276  3.4731  1.0373
   133    46   278  3.4679  1.0403
   135    47   278  3.4544  1.0344
   130    42   277  3.4500  1.0299
   135    41   276  3.4426  1.0242
   138    42   273  3.4405  1.0159
   135    48   278  3.4401  1.0282
   134    49   278  3.4395  1.0280
   130    48   277  3.4384  1.0249
   132    41   276  3.4380  1.0222
   133    49   278  3.4355  1.0262
   132    47   278  3.4321  1.0248
   135    46   278  3.4316  1.0246
   130    49   275  3.4274  1.0152
   132    48   278  3.4234  1.0210
   134    45   278  3.4124  1.0163
   137    41   275  3.4086  1.0072
   132    46   278  3.4043  1.0128
   138    42   275  3.4024  1.0046
   133    45   278  3.4015  1.0116
   130    41   273  3.4004  0.9990
   130    47   276  3.3991  1.0057
   138    43   276  3.3987  1.0055
   135    49   278  3.3932  1.0081
   132    49   278  3.3823  1.0035
   135    45   278  3.3697  0.9981
   136    41   276  3.3669  0.9920
   130    42   276  3.3593  0.9889
   136    47   278  3.3566  0.9925
   131    49   276  3.3477  0.9839
   136    48   278  3.3438  0.9871
   132    45   278  3.3383  0.9848
   131    41   276  3.3380  0.9799
   136    46   278  3.3355  0.9837
   131    47   278  3.3240  0.9788
   130    41   277  3.3216  0.9754
   131    48   278  3.3204  0.9773
   138    41   273  3.3166  0.9640
   130    49   277  3.3118  0.9713
   134    44   278  3.3082  0.9722
   136    49   278  3.3011  0.9692
   138    42   276  3.2987  0.9635
   133    44   278  3.2964  0.9672
   131    46   278  3.2945  0.9664
   131    49   278  3.2870  0.9633
   136    45   278  3.2787  0.9599
   130    48   276  3.2770  0.9545
   137    41   276  3.2737  0.9531
   135    44   278  3.2702  0.9563
   138    41   275  3.2444  0.9388
   132    44   278  3.2358  0.9421
   131    45   278  3.2304  0.9398
   137    47   278  3.2194  0.9353
   137    48   278  3.2093  0.9311
   137    46   278  3.2003  0.9275
   130    41   276  3.1935  0.9202
   136    44   278  3.1871  0.9221
   130    48   278  3.1853  0.9214
   130    47   278  3.1831  0.9205
   138    41   276  3.1760  0.9132
   137    49   278  3.1731  0.9163
   134    43   278  3.1709  0.9154
   130    49   278  3.1609  0.9114
   133    43   278  3.1587  0.9105
   130    46   278  3.1519  0.9078
   137    45   278  3.1500  0.9070
   135    43   278  3.1382  0.9022
   131    44   278  3.1334  0.9003
   130    49   276  3.1331  0.8958
   132    43   278  3.1024  0.8878
   130    45   278  3.0908  0.8831
   137    44   278  3.0690  0.8744
   136    43   278  3.0652  0.8729
   138    47   278  3.0570  0.8697
   138    48   278  3.0499  0.8668
   138    46   278  3.0400  0.8629
   138    49   278  3.0212  0.8555
   134    42   278  3.0092  0.8508
   131    43   278  3.0081  0.8503
   130    44   278  3.0008  0.8475
   135    50   274  4.0911  1.3153
   134    50   274  4.0818  1.3107
   134    40   274  4.0480  1.2943
   135    50   273  4.0365  1.2854
   136    50   274  4.0347  1.2878
   133    40   274  4.0283  1.2848
   136    50   273  4.0146  1.2749
   135    40   274  4.0113  1.2766
   134    40   272  4.0098  1.2695
   133    50   274  4.0079  1.2750
   135    50   271  4.0061  1.2645
   134    50   273  4.0001  1.2680
   134    50   271  3.9988  1.2611
   133    40   272  3.9800  1.2553
   135    40   272  3.9717  1.2514
   134    40   271  3.9716  1.2482
   133    40   271  3.9659  1.2455
   129    44   271  3.9634  1.2443
   129    45   271  3.9566  1.2411
   139    45   271  3.9526  1.2393
   132    40   274  3.9496  1.2471
   136    50   271  3.9475  1.2369
   139    46   271  3.9378  1.2323
   137    50   273  3.9366  1.2379
   135    40   271  3.9307  1.2290
   139    44   271  3.9299  1.2286
   136    40   274  3.9275  1.2367
   133    50   271  3.9256  1.2266
   139    46   277  3.9199  1.2426
   137    50   274  3.9193  1.2328
   139    47   277  3.9155  1.2405
   129    43   271  3.9153  1.2218
   133    50   273  3.9103  1.2255
   132    40   271  3.9098  1.2192
   129    44   274  3.9089  1.2279
   129    45   274  3.9079  1.2275
   139    45   277  3.8955  1.2311
   129    46   271  3.8945  1.2121
   139    47   271  3.8841  1.2073
   139    45   274  3.8836  1.2161
   136    50   277  3.8819  1.2246
   132    40   272  3.8818  1.2092
   139    48   277  3.8809  1.2242
   132    50   274  3.8781  1.2135
   139    46   274  3.8772  1.2131
   136    40   272  3.8741  1.2057
   139    43   271  3.8710  1.2013
   137    50   277  3.8645  1.2164
   139    44   274  3.8612  1.2057
   129    43   274  3.8583  1.2043
   129    46   274  3.8579  1.2041
   135    50   277  3.8567  1.2128
   136    40   271  3.8517  1.1924
   134    50   272  3.8459  1.1926
   139    44   277  3.8442  1.2069
   139    47   274  3.8409  1.1962
   135    50   272  3.8374  1.1887
   135    50   275  3.8368  1.1973
   137    50   271  3.8311  1.1829
   136    50   275  3.8271  1.1928
   139    49   277  3.8160  1.1938
   131    40   274  3.8158  1.1846
   129    42   271  3.8143  1.1752
   139    43   274  3.8128  1.1833
   137    40   274  3.8114  1.1826
   138    50   273  3.8111  1.1795
   138    50   277  3.8093  1.1906
   131    40   271  3.8042  1.1706
   134    50   275  3.7940  1.1775
   132    50   271  3.7935  1.1657
   139    48   271  3.7903  1.1643
   134    50   277  3.7872  1.1804
   129    47   271  3.7793  1.1593
   133    50   272  3.7787  1.1618
   132    50   273  3.7775  1.1642
   139    42   271  3.7774  1.1584
   139    48   274  3.7758  1.1663
   137    50   275  3.7676  1.1654
   139    43   277  3.7669  1.1710
   129    47   274  3.7645  1.1611
   138    50   274  3.7588  1.1585
   129    42   274  3.7567  1.1576
   136    50   272  3.7531  1.1503
   137    40   271  3.7455  1.1440
   139    42   274  3.7419  1.1509
   137    40   272  3.7321  1.1408
   139    50   277  3.7228  1.1508
   131    40   272  3.7222  1.1363
   131    50   274  3.7065  1.1348
   139    45   272  3.7038  1.1281
   133    50   275  3.7023  1.1358
   139    46   272  3.6919  1.1228
   139    49   274  3.6846  1.1250
   139    44   272  3.6828  1.1187
   138    40   274  3.6795  1.1227
   135    50   276  3.6759  1.1267
   133    50   277  3.6757  1.1295
   138    50   271  3.6707  1.1106
   138    50   275  3.6670  1.1199
   139    49   273  3.6665  1.1142
   129    41   271  3.6640  1.1077
   139    42   277  3.6634  1.1239
   139    49   271  3.6563  1.1043
   130    40   271  3.6547  1.1036
   139    47   275  3.6542  1.1142
   139    48   273  3.6542  1.1087
   139    48   275  3.6534  1.1138
   139    41   274  3.6520  1.1104
   139    50   273  3.6514  1.1075
   139    41   271  3.6507  1.1018
   136    50   276  3.6499  1.1150
   129    44   272  3.6460  1.1024
   129    45   272  3.6460  1.1024
   132    50   272  3.6456  1.1022
   139    47   272  3.6379  1.0988
   139    43   272  3.6375  1.0986
   134    50   276  3.6366  1.1091
   130    40   274  3.6358  1.1033
   129    48   274  3.6352  1.1030
   138    40   271  3.6232  1.0897
   139    46   275  3.6200  1.0989
   129    45   275  3.6196  1.0988
   139    47   273  3.6195  1.0933
   129    48   271  3.6165  1.0868
   131    50   273  3.6160  1.0918
   131    50   271  3.6157  1.0864
   139    49   275  3.6149  1.0967
   129    41   274  3.6083  1.0911
   129    43   272  3.6072  1.0853
   129    46   272  3.6054  1.0845
   129    44   275  3.6028  1.0913
   137    50   272  3.6020  1.0830
   135    40   277  3.6003  1.0957
   134    40   277  3.5884  1.0904
   129    46   275  3.5873  1.0845
   134    40   273  3.5870  1.0791
   136    40   277  3.5792  1.0863
   139    42   272  3.5727  1.0702
   139    50   274  3.5714  1.0749
   132    50   275  3.5706  1.0771
   133    40   273  3.5701  1.0717
   139    46   273  3.5675  1.0706
   137    50   276  3.5672  1.0783
   138    40   272  3.5638  1.0664
   139    45   275  3.5549  1.0703
   133    40   275  3.5535  1.0696
   135    40   273  3.5482  1.0622
   139    40   274  3.5457  1.0637
   129    46   273  3.5408  1.0590
   129    45   273  3.5403  1.0587
   133    40   277  3.5398  1.0689
   139    50   275  3.5381  1.0629
   129    43   275  3.5379  1.0628
   134    40   275  3.5352  1.0617
   139    48   272  3.5343  1.0536
   139    41   277  3.5331  1.0660
   133    50   276  3.5329  1.0633
   129    42   272  3.5315  1.0524
   137    40   277  3.5305  1.0649
   132    50   277  3.5284  1.0639
   129    47   272  3.5233  1.0489
   132    40   275  3.5152  1.0530
   130    40   272  3.5143  1.0450
   129    47   273  3.5112  1.0462
   130    50   274  3.5102  1.0482
   129    44   273  3.5081  1.0448
   129    47   275  3.5078  1.0498
   139    45   273  3.5028  1.0425
   132    40   273  3.4992  1.0410
   139    40   271  3.4933  1.0335
   139    41   272  3.4897  1.0344
   139    50   271  3.4831  1.0292
   129    49   274  3.4790  1.0348
   129    40   271  3.4698  1.0235
   135    40   275  3.4651  1.0313
   131    50   272  3.4642  1.0236
   139    44   275  3.4641  1.0309
   138    40   277  3.4608  1.0346
   136    40   273  3.4584  1.0235
   129    48   273  3.4533  1.0214
   132    40   277  3.4527  1.0311
   138    50   276  3.4430  1.0244
   129    43   273  3.4426  1.0168
   130    50   273  3.4407  1.0160
   129    42   275  3.4284  1.0157
   139    44   273  3.4278  1.0105
   131    40   275  3.4218  1.0128
   139    47   276  3.4212  1.0151
   129    40   274  3.4212  1.0102
   129    41   272  3.4203  1.0050
   129    49   271  3.4156  1.0006
   131    50   275  3.4107  1.0081
   139    46   276  3.4097  1.0102
   139    48   276  3.4090  1.0099
   130    50   271  3.4086  0.9977
   138    50   272  3.4012  0.9970
   129    48   272  3.4001  0.9965
   129    45   277  3.3953  1.0065
   139    40   272  3.3869  0.9910
   129    48   275  3.3865  0.9979
   131    40   273  3.3806  0.9907
   129    44   277  3.3798  0.9999
   139    45   276  3.3787  0.9970
   139    49   272  3.3781  0.9873
   139    40   277  3.3759  0.9983
   132    50   276  3.3753  0.9956
   129    46   277  3.3722  0.9967
   129    49   273  3.3698  0.9861
   139    49   276  3.3683  0.9926
   134    50   278  3.3628  0.9952
   133    50   278  3.3608  0.9943
   131    50   277  3.3547  0.9893
   136    40   275  3.3538  0.9842
   139    43   275  3.3528  0.9837
   139    43   273  3.3430  0.9750
   129    42   273  3.3420  0.9746
   139    44   276  3.3310  0.9769
   137    40   273  3.3290  0.9692
   131    40   277  3.3275  0.9779
   129    43   277  3.3263  0.9774
   135    50   278  3.3188  0.9766
   129    44   276  3.3185  0.9717
   132    50   278  3.3138  0.9745
   129    45   276  3.3136  0.9697
   129    47   277  3.3125  0.9716
   129    50   274  3.3060  0.9619
   139    50   276  3.2956  0.9622
   129    41   275  3.2797  0.9533
   130    40   275  3.2797  0.9533
   129    40   272  3.2752  0.9448
   129    43   276  3.2709  0.9520
   134    40   276  3.2670  0.9503
   139    43   276  3.2669  0.9503
   129    50   273  3.2647  0.9427
   129    46   276  3.2618  0.9482
   133    40   276  3.2613  0.9480
   130    50   272  3.2570  0.9373
   139    42   273  3.2472  0.9355
   129    49   272  3.2391  0.9301
   129    42   277  3.2378  0.9406
   135    40   276  3.2353  0.9373
   130    50   275  3.2351  0.9350
   133    46   279  3.2333  0.9433
   136    50   278  3.2332  0.9410
   129    49   275  3.2318  0.9336
   131    50   278  3.2277  0.9387
   139    42   275  3.2254  0.9310
   130    40   273  3.2230  0.9257
   133    47   279  3.2221  0.9387
   129    48   277  3.2211  0.9337
   137    40   275  3.2174  0.9277
   134    46   279  3.2146  0.9356
   133    45   279  3.2124  0.9347
   132    40   276  3.2116  0.9276
   132    46   279  3.2094  0.9335
   129    41   273  3.2058  0.9187
   134    47   279  3.2051  0.9317
   132    47   279  3.1964  0.9281
   134    45   279  3.1918  0.9263
   132    45   279  3.1917  0.9262
   129    50   271  3.1887  0.9076
   139    42   276  3.1849  0.9167
   133    48   279  3.1833  0.9228
   131    50   276  3.1826  0.9158
   136    40   276  3.1773  0.9136
   138    40   273  3.1763  0.9068
   139    50   272  3.1726  0.9033
   129    47   276  3.1719  0.9115
   129    42   276  3.1692  0.9104
   134    48   279  3.1681  0.9166
   130    40   277  3.1662  0.9114
   130    50   277  3.1655  0.9111
   133    44   279  3.1571  0.9121
   132    48   279  3.1570  0.9120
   135    46   279  3.1533  0.9105
   131    46   279  3.1485  0.9086
   135    47   279  3.1456  0.9074
   132    44   279  3.1411  0.9056
   139    41   273  3.1386  0.8918
   131    45   279  3.1348  0.9030
   134    44   279  3.1342  0.9028
   131    47   279  3.1338  0.9026
   135    45   279  3.1298  0.9010
   133    49   279  3.1227  0.8981
   129    41   277  3.1185  0.8921
   131    40   276  3.1170  0.8894
   137    50   278  3.1146  0.8927
   130    50   278  3.1122  0.8917
   135    48   279  3.1118  0.8937
   134    49   279  3.1095  0.8928
   137    40   276  3.1053  0.8847
   129    49   277  3.1045  0.8865
   129    40   275  3.0988  0.8800
   132    49   279  3.0966  0.8876
   131    48   279  3.0946  0.8868
   131    44   279  3.0903  0.8851
   139    41   275  3.0852  0.8747
   139    41   276  3.0825  0.8756
   138    40   275  3.0729  0.8698
   135    44   279  3.0726  0.8780
   133    43   279  3.0675  0.8759
   130    46   279  3.0595  0.8728
   135    49   279  3.0576  0.8720
   132    43   279  3.0571  0.8718
   136    46   279  3.0552  0.8711
   129    48   276  3.0548  0.8647
   129    50   275  3.0547  0.8626
   136    47   279  3.0500  0.8690
   130    45   279  3.0499  0.8689
   129    50   272  3.0469  0.8536
   133    50   279  3.0461  0.8674
   130    47   279  3.0435  0.8664
   134    43   279  3.0421  0.8658
   131    49   279  3.0360  0.8634
   129    40   273  3.0359  0.8513
   134    50   279  3.0350  0.8630
   129    48   278  3.0332  0.8602
   136    45   279  3.0319  0.8618
   138    40   276  3.0303  0.8550
   129    47   278  3.0255  0.8572
   136    48   279  3.0211  0.8575
   132    50   279  3.0206  0.8573
   129    49   278  3.0172  0.8539
   139    40   273  3.0164  0.8437
   129    41   276  3.0163  0.8495
   131    43   279  3.0142  0.8548
   130    44   279  3.0119  0.8539
   130    48   279  3.0053  0.8513
   135    51   273  3.9010  1.2212
   136    51   273  3.8983  1.2199
   135    51   274  3.8638  1.2068
   134    51   273  3.8515  1.1982
   137    51   273  3.8434  1.1944
   134    51   274  3.8416  1.1966
   136    51   274  3.8274  1.1900
   134    39   274  3.8122  1.1830
   134    39   272  3.8011  1.1721
   135    39   274  3.7908  1.1731
   133    39   274  3.7844  1.1702
   140    46   277  3.7819  1.1780
   140    47   277  3.7789  1.1766
   135    39   272  3.7709  1.1583
   133    39   272  3.7693  1.1576
   133    51   274  3.7638  1.1608
   140    45   277  3.7598  1.1678
   133    51   273  3.7558  1.1543
   140    45   271  3.7518  1.1469
   140    48   277  3.7496  1.1631
   138    51   273  3.7423  1.1482
   140    44   271  3.7410  1.1420
   137    51   274  3.7369  1.1486
   136    39   274  3.7287  1.1449
   140    46   271  3.7275  1.1360
   136    51   277  3.7233  1.1511
   135    51   271  3.7233  1.1341
   137    51   277  3.7189  1.1491
   134    39   271  3.7148  1.1303
   140    44   277  3.7138  1.1467
   128    44   271  3.7095  1.1279
   134    51   271  3.7057  1.1262
   132    39   274  3.7050  1.1341
   133    39   271  3.7044  1.1256
   128    45   271  3.6969  1.1223
   140    43   271  3.6954  1.1216
   140    49   277  3.6937  1.1376
   135    51   277  3.6876  1.1349
   136    39   272  3.6872  1.1207
   135    39   271  3.6836  1.1164
   136    51   271  3.6805  1.1150
   138    51   277  3.6779  1.1304
   132    39   272  3.6743  1.1149
   128    43   271  3.6695  1.1101
   140    47   271  3.6682  1.1096
   140    45   274  3.6629  1.1153
   140    44   274  3.6532  1.1110
   132    39   271  3.6489  1.1010
   140    46   274  3.6489  1.1090
   136    51   275  3.6484  1.1116
   140    43   277  3.6440  1.1152
   132    51   274  3.6393  1.1048
   137    39   274  3.6384  1.1044
   135    51   275  3.6384  1.1071
   128    44   274  3.6361  1.1034
   128    45   274  3.6350  1.1029
   128    46   271  3.6325  1.0938
   133    51   271  3.6292  1.0924
   132    51   273  3.6244  1.0955
   140    43   274  3.6216  1.0970
   136    39   271  3.6182  1.0875
   140    42   271  3.6155  1.0863
   140    50   277  3.6126  1.1011
   134    51   277  3.6113  1.1006
   137    51   275  3.6110  1.0950
   140    47   274  3.6110  1.0923
   139    51   277  3.6058  1.0981
   139    51   273  3.6054  1.0871
   138    51   274  3.6030  1.0887
   128    43   274  3.5897  1.0829
   128    46   274  3.5897  1.0829
   137    51   271  3.5831  1.0722
   134    51   275  3.5806  1.0815
   128    42   271  3.5786  1.0703
   131    39   274  3.5770  1.0773
   140    48   271  3.5743  1.0684
   140    42   274  3.5705  1.0744
   137    39   272  3.5638  1.0664
   140    48   274  3.5509  1.0659
   131    39   271  3.5493  1.0576
   140    42   277  3.5493  1.0731
   138    39   274  3.5336  1.0584
   138    51   275  3.5327  1.0606
   137    39   271  3.5281  1.0485
   131    39   272  3.5222  1.0484
   134    51   272  3.5214  1.0481
   128    47   271  3.5195  1.0447
   135    51   272  3.5151  1.0453
   140    51   277  3.5094  1.0557
   135    51   276  3.5084  1.0526
   128    47   274  3.5063  1.0465
   140    41   271  3.5026  1.0375
   140    41   274  3.5020  1.0447
   132    51   271  3.5017  1.0371
   136    51   276  3.4979  1.0481
   133    51   277  3.4974  1.0505
   128    42   274  3.4958  1.0420
   131    51   274  3.4815  1.0359
   140    48   275  3.4805  1.0380
   133    51   275  3.4803  1.0379
   140    50   273  3.4721  1.0294
   140    47   275  3.4713  1.0340
   140    49   274  3.4712  1.0315
   140    49   273  3.4708  1.0288
   131    51   273  3.4703  1.0286
   133    51   272  3.4613  1.0223
   134    51   276  3.4573  1.0305
   140    49   275  3.4553  1.0272
   140    45   272  3.4536  1.0191
   140    48   273  3.4462  1.0184
   140    49   271  3.4461  1.0135
   140    51   273  3.4449  1.0178
   140    44   272  3.4448  1.0153
   138    51   271  3.4426  1.0120
   136    51   272  3.4413  1.0139
   139    51   274  3.4406  1.0184
   128    41   271  3.4402  1.0110
   140    46   272  3.4330  1.0103
   137    51   276  3.4321  1.0197
   140    46   275  3.4311  1.0168
   140    41   277  3.4282  1.0206
   139    39   274  3.4251  1.0118
   139    51   275  3.4240  1.0138
   138    39   271  3.4229  1.0037
   140    40   274  3.4176  1.0086
   138    39   272  3.4173  1.0037
   140    43   272  3.4136  1.0022
   130    39   271  3.4103  0.9984
   130    39   274  3.4078  1.0045
   140    47   273  3.4042  1.0006
   135    39   277  3.3988  1.0080
   140    50   275  3.3941  1.0011
   128    48   274  3.3924  0.9980
   134    39   277  3.3870  1.0030
   136    39   277  3.3797  0.9999
   128    45   275  3.3761  0.9935
   140    50   274  3.3753  0.9908
   140    47   272  3.3749  0.9859
   134    39   273  3.3692  0.9859
   128    45   272  3.3657  0.9821
   128    44   272  3.3654  0.9820
   140    45   275  3.3648  0.9888
   140    42   272  3.3646  0.9817
   128    48   271  3.3643  0.9793
   140    40   271  3.3597  0.9773
   128    41   274  3.3581  0.9836
   128    44   275  3.3574  0.9857
   132    51   277  3.3527  0.9885
   140    46   273  3.3501  0.9779
   128    46   275  3.3501  0.9826
   133    39   273  3.3486  0.9773
   133    51   276  3.3477  0.9839
   132    51   275  3.3472  0.9814
   132    51   272  3.3441  0.9731
   133    39   277  3.3409  0.9835
   135    39   273  3.3395  0.9735
   131    51   271  3.3360  0.9675
   137    39   277  3.3352  0.9811
   128    46   272  3.3301  0.9673
   128    43   272  3.3300  0.9673
   128    46   273  3.3291  0.9692
   130    39   272  3.3250  0.9652
   138    51   276  3.3239  0.9740
   128    45   273  3.3232  0.9667
   140    39   274  3.3178  0.9668
   139    39   271  3.3095  0.9566
   137    51   272  3.3080  0.9582
   128    47   273  3.3075  0.9603
   133    39   275  3.3065  0.9644
   130    51   273  3.3065  0.9598
   130    51   274  3.3056  0.9617
   140    41   272  3.2987  0.9544
   140    51   275  3.2966  0.9603
   128    43   275  3.2954  0.9598
   134    39   275  3.2905  0.9578
   128    44   273  3.2881  0.9523
   140    45   273  3.2880  0.9522
   140    50   271  3.2846  0.9464
   128    47   275  3.2811  0.9539
   140    40   277  3.2802  0.9581
   132    39   273  3.2787  0.9484
   140    44   275  3.2782  0.9527
   139    51   271  3.2737  0.9420
   140    48   272  3.2733  0.9440
   132    39   275  3.2718  0.9501
   138    39   277  3.2714  0.9545
   140    51   274  3.2659  0.9454
   136    39   273  3.2639  0.9424
   134    51   278  3.2632  0.9534
   133    51   278  3.2630  0.9533
   139    39   272  3.2624  0.9395
   128    42   272  3.2604  0.9387
   128    48   273  3.2601  0.9408
   128    40   271  3.2598  0.9363
   140    47   276  3.2594  0.9472
   132    39   277  3.2588  0.9493
   128    47   272  3.2586  0.9380
   128    49   274  3.2567  0.9416
   140    46   276  3.2534  0.9447
   140    48   276  3.2456  0.9415
   129    39   271  3.2394  0.9280
   140    45   276  3.2313  0.9357
   135    39   275  3.2288  0.9324
   135    51   278  3.2225  0.9366
   132    51   278  3.2223  0.9365
   128    43   273  3.2221  0.9253
   140    44   273  3.2196  0.9243
   131    46   280  3.2154  0.9383
   140    40   272  3.2142  0.9200
   131    47   280  3.2076  0.9350
   140    49   276  3.2075  0.9259
   129    39   274  3.2072  0.9215
   132    46   280  3.2050  0.9340
   132    47   280  3.1983  0.9312
   130    46   280  3.1958  0.9302
   140    44   276  3.1955  0.9210
   131    45   280  3.1945  0.9297
   139    39   277  3.1939  0.9226
   128    42   275  3.1935  0.9181
   131    51   275  3.1934  0.9180
   132    51   276  3.1917  0.9195
   140    39   271  3.1911  0.9086
   139    51   276  3.1901  0.9189
   128    49   273  3.1888  0.9119
   130    47   280  3.1875  0.9268
   131    39   275  3.1873  0.9155
   131    51   272  3.1866  0.9089
   131    51   277  3.1864  0.9196
   132    45   280  3.1850  0.9258
   128    40   274  3.1843  0.9122
   128    49   271  3.1769  0.9029
   140    43   275  3.1764  0.9111
   128    48   275  3.1740  0.9102
   130    45   280  3.1733  0.9209
   131    48   280  3.1703  0.9197
   133    46   280  3.1681  0.9188
   131    39   273  3.1650  0.9023
   132    48   280  3.1631  0.9168
   133    47   280  3.1627  0.9166
   128    41   272  3.1577  0.8973
   137    39   273  3.1531  0.8975
   128    48   272  3.1526  0.8953
   128    45   277  3.1515  0.9054
   130    48   280  3.1486  0.9108
   133    45   280  3.1484  0.9108
   131    44   280  3.1472  0.9103
   130    51   271  3.1471  0.8911
   131    51   278  3.1458  0.9053
   140    43   276  3.1458  0.9009
   136    51   278  3.1448  0.9049
   140    43   273  3.1445  0.8941
   129    46   280  3.1440  0.9090
   129    51   273  3.1437  0.8938
   140    50   276  3.1416  0.8993
   132    44   280  3.1416  0.9080
   131    39   277  3.1410  0.9012
   129    47   280  3.1360  0.9057
   128    44   277  3.1353  0.8989
   128    46   277  3.1328  0.8979
   136    39   275  3.1319  0.8933
   138    51   272  3.1302  0.8864
   133    48   280  3.1299  0.9033
   140    49   272  3.1266  0.8850
   129    51   274  3.1256  0.8887
   128    42   273  3.1233  0.8857
   130    44   280  3.1214  0.8998
   129    45   280  3.1193  0.8990
   140    39   272  3.1092  0.8781
   134    46   280  3.1084  0.8945
   133    44   280  3.1081  0.8944
   128    50   274  3.1074  0.8814
   140    39   277  3.1066  0.8874
   134    47   280  3.1045  0.8930
   131    49   280  3.1041  0.8928
   132    49   280  3.0995  0.8909
   129    39   272  3.0990  0.8741
   128    50   273  3.0969  0.8752
   129    48   280  3.0964  0.8897
   128    44   276  3.0940  0.8802
   140    51   271  3.0914  0.8691
   134    45   280  3.0890  0.8867
   128    45   276  3.0861  0.8771
   128    43   277  3.0847  0.8786
   128    47   277  3.0812  0.8772
   130    49   280  3.0805  0.8833
   140    42   276  3.0801  0.8747
   132    43   280  3.0786  0.8825
   131    43   280  3.0766  0.8817
   134    48   280  3.0741  0.8807
   133    49   280  3.0692  0.8788
   140    42   275  3.0635  0.8661
   129    44   280  3.0624  0.8760
   140    42   273  3.0610  0.8611
   130    39   275  3.0582  0.8640
   128    41   275  3.0568  0.8635
   128    43   276  3.0533  0.8641
   133    43   280  3.0518  0.8718
   134    44   280  3.0513  0.8716
   140    51   276  3.0465  0.8614
   128    39   271  3.0454  0.8512
   130    43   280  3.0424  0.8680
   130    51   278  3.0412  0.8634
   137    51   278  3.0376  0.8620
   128    49   275  3.0366  0.8555
   128    46   276  3.0362  0.8574
   130    51   275  3.0302  0.8530
   135    46   280  3.0297  0.8630
   129    49   280  3.0274  0.8621
   135    47   280  3.0270  0.8619
   128    40   272  3.0237  0.8446
   138    39   273  3.0210  0.8455
   134    39   276  3.0200  0.8510
   134    49   280  3.0164  0.8577
   128    49   272  3.0154  0.8414
   130    39   273  3.0150  0.8432
   137    39   275  3.0148  0.8470
   131    50   280  3.0114  0.8557
   135    45   280  3.0108  0.8555
   130    51   272  3.0094  0.8391
   132    50   280  3.0094  0.8550
   131    51   276  3.0086  0.8465
   130    51   277  3.0083  0.8484
   133    39   276  3.0054  0.8453
   135    39   276  3.0032  0.8444
   128    42   277  3.0021  0.8460
   134    43   280  3.0012  0.8517
   128    48   277  3.0008  0.8455
   136    52   273  3.7539  1.1534
   135    52   273  3.7406  1.1474
   137    52   273  3.7198  1.1380
   134    52   273  3.6818  1.1210
   138    52   273  3.6415  1.1031
   141    46   277  3.6322  1.1099
   141    47   277  3.6295  1.1087
   135    52   274  3.6225  1.0973
   141    45   277  3.6133  1.1015
   136    52   274  3.6048  1.0895
   141    48   277  3.6043  1.0975
   134    52   274  3.5901  1.0831
   133    52   273  3.5842  1.0778
   141    44   277  3.5732  1.0837
   134    38   274  3.5642  1.0717
   134    38   272  3.5602  1.0648
   135    38   274  3.5595  1.0696
   137    52   277  3.5565  1.0763
   141    49   277  3.5563  1.0762
   141    45   271  3.5563  1.0606
   141    44   271  3.5558  1.0604
   136    52   277  3.5492  1.0731
   135    38   272  3.5397  1.0559
   137    52   274  3.5388  1.0607
   138    52   277  3.5289  1.0642
   133    38   274  3.5273  1.0556
   139    52   273  3.5267  1.0529
   133    38   272  3.5255  1.0498
   141    46   271  3.5235  1.0465
   141    43   271  3.5213  1.0455
   136    38   274  3.5199  1.0525
   133    52   274  3.5117  1.0489
   141    43   277  3.5112  1.0564
   135    52   277  3.5049  1.0537
   141    50   277  3.4862  1.0456
   136    38   272  3.4721  1.0269
   139    52   277  3.4710  1.0390
   141    44   274  3.4635  1.0282
   141    45   274  3.4608  1.0270
   141    47   271  3.4588  1.0189
   132    52   273  3.4577  1.0233
   137    38   274  3.4556  1.0248
   141    42   271  3.4529  1.0164
   127    44   271  3.4473  1.0140
   141    43   274  3.4472  1.0212
   132    38   274  3.4465  1.0209
   136    52   275  3.4417  1.0214
   141    46   274  3.4384  1.0175
   132    38   272  3.4340  1.0108
   127    45   271  3.4325  1.0078
   138    52   274  3.4321  1.0148
   134    38   271  3.4321  1.0076
   141    42   277  3.4256  1.0195
   134    52   277  3.4242  1.0188
   137    52   275  3.4231  1.0134
   135    52   275  3.4166  1.0107
   133    38   271  3.4159  1.0008
   141    42   274  3.4129  1.0067
   127    43   271  3.4126  0.9994
   135    38   271  3.4118  0.9991
   135    52   271  3.4093  0.9980
   141    47   274  3.3972  1.0000
   132    52   274  3.3962  0.9996
   141    51   277  3.3961  1.0069
   140    52   277  3.3887  1.0037
   140    52   273  3.3854  0.9927
   134    52   271  3.3853  0.9880
   136    52   271  3.3800  0.9858
   138    38   274  3.3769  0.9915
   137    38   272  3.3700  0.9839
   127    46   271  3.3695  0.9814
   138    52   275  3.3649  0.9888
   127    45   274  3.3639  0.9860
   141    48   271  3.3636  0.9790
   141    41   274  3.3620  0.9852
   136    38   271  3.3613  0.9780
   127    44   274  3.3611  0.9849
   132    38   271  3.3606  0.9777
   141    41   271  3.3521  0.9742
   134    52   275  3.3492  0.9822
   141    48   274  3.3394  0.9758
   127    42   271  3.3296  0.9649
   127    46   274  3.3274  0.9708
   131    38   274  3.3243  0.9695
   127    43   274  3.3155  0.9658
   136    52   276  3.3147  0.9701
   141    41   277  3.3142  0.9723
   131    52   273  3.3138  0.9629
   135    52   276  3.3131  0.9695
   141    48   275  3.3117  0.9666
   133    52   271  3.3109  0.9572
   133    52   277  3.3107  0.9709
   137    52   271  3.3010  0.9531
   141    47   275  3.2967  0.9603
   139    52   274  3.2963  0.9579
   141    49   275  3.2954  0.9598
   141    40   274  3.2947  0.9572
   139    38   274  3.2916  0.9560
   131    38   272  3.2908  0.9511
   141    52   277  3.2888  0.9617
   137    38   271  3.2886  0.9480
   141    50   273  3.2855  0.9512
   139    52   275  3.2752  0.9515
   141    49   273  3.2733  0.9462
   141    51   273  3.2721  0.9457
   141    49   274  3.2677  0.9461
   131    38   271  3.2670  0.9393
   137    52   276  3.2644  0.9493
   127    47   271  3.2622  0.9373
   127    47   274  3.2577  0.9420
   134    52   276  3.2557  0.9457
   131    52   274  3.2554  0.9411
   141    46   275  3.2545  0.9429
   138    38   272  3.2474  0.9334
   133    52   275  3.2460  0.9394
   141    50   275  3.2452  0.9391
   141    48   273  3.2419  0.9334
   141    49   271  3.2393  0.9280
   141    44   272  3.2284  0.9257
   141    52   273  3.2277  0.9276
   127    42   274  3.2266  0.9293
   141    45   272  3.2255  0.9246
   141    40   271  3.2219  0.9210
   141    39   274  3.2107  0.9229
   141    43   272  3.2101  0.9183
   140    38   274  3.2031  0.9198
   127    41   271  3.2018  0.9129
   138    38   271  3.2014  0.9127
   141    47   273  3.1974  0.9153
   141    46   272  3.1954  0.9124
   132    52   271  3.1940  0.9098
   141    45   275  3.1905  0.9168
   141    50   274  3.1849  0.9124
   138    52   271  3.1810  0.9046
   135    38   277  3.1800  0.9170
   141    40   277  3.1759  0.9153
   141    42   272  3.1745  0.9040
   138    52   276  3.1728  0.9118
   132    52   277  3.1713  0.9134
   134    38   277  3.1688  0.9124
   130    38   274  3.1665  0.9050
   140    52   275  3.1641  0.9062
   130    52   273  3.1628  0.9015
   136    38   277  3.1625  0.9099
   127    48   274  3.1622  0.9033
   134    52   272  3.1616  0.8989
   141    51   275  3.1602  0.9046
   135    52   272  3.1551  0.8963
   133    52   276  3.1473  0.9015
   133    52   278  3.1466  0.9056
   134    52   278  3.1458  0.9053
   141    46   273  3.1451  0.8944
   140    52   274  3.1449  0.8964
   130    38   271  3.1393  0.8880
   141    47   272  3.1317  0.8870
   134    38   273  3.1311  0.8888
   127    45   275  3.1295  0.8923
   133    38   277  3.1254  0.8949
   127    46   273  3.1233  0.8857
   141    41   272  3.1222  0.8832
   137    38   277  3.1214  0.8933
   127    48   271  3.1178  0.8795
   132    52   275  3.1169  0.8873
   139    38   272  3.1160  0.8808
   127    46   275  3.1135  0.8859
   127    47   273  3.1130  0.8816
   133    52   272  3.1128  0.8795
   135    38   273  3.1127  0.8815
   132    52   278  3.1116  0.8915
   141    46   276  3.1107  0.8869
   141    44   275  3.1105  0.8847
   141    47   276  3.1100  0.8866
   141    38   274  3.1098  0.8824
   135    52   278  3.1090  0.8904
   127    45   273  3.1081  0.8797
   130    38   272  3.1068  0.8771
   127    44   275  3.1059  0.8829
   139    38   271  3.1054  0.8746
   133    38   273  3.1050  0.8784
   130    52   274  3.1019  0.8792
   127    45   272  3.1007  0.8747
   127    41   274  3.0978  0.8776
   141    45   276  3.0977  0.8817
   127    44   272  3.0965  0.8731
   141    48   276  3.0926  0.8796
   141    51   274  3.0924  0.8755
   136    52   272  3.0921  0.8713
   141    45   273  3.0882  0.8718
   141    50   271  3.0869  0.8673
   127    48   273  3.0782  0.8679
   127    46   272  3.0742  0.8643
   141    44   276  3.0726  0.8717
   141    39   271  3.0673  0.8597
   127    44   273  3.0662  0.8631
   138    38   277  3.0627  0.8698
   127    43   272  3.0613  0.8593
   128    46   280  3.0601  0.8751
   127    47   275  3.0586  0.8641
   141    49   276  3.0545  0.8646
   139    52   276  3.0544  0.8645
   136    38   273  3.0541  0.8584
   128    47   280  3.0532  0.8724
   141    40   272  3.0520  0.8557
   132    38   277  3.0485  0.8642
   127    49   274  3.0482  0.8581
   133    38   275  3.0479  0.8599
   131    52   271  3.0465  0.8516
   127    43   275  3.0442  0.8585
   131    52   278  3.0439  0.8644
   141    52   275  3.0405  0.8570
   136    52   278  3.0401  0.8630
   134    38   275  3.0364  0.8554
   132    38   273  3.0353  0.8511
   141    43   276  3.0350  0.8569
   127    40   271  3.0349  0.8471
   139    52   271  3.0328  0.8463
   128    45   280  3.0328  0.8642
   141    48   272  3.0301  0.8471
   141    44   273  3.0275  0.8480
   127    49   273  3.0201  0.8451
   141    43   275  3.0198  0.8489
   127    47   272  3.0173  0.8421
   132    52   272  3.0172  0.8421
   132    38   275  3.0149  0.8470
   131    52   277  3.0144  0.8508
   128    48   280  3.0139  0.8567
   129    52   273  3.0129  0.8424
   141    39   277  3.0117  0.8497
   140    38   271  3.0032  0.8348
   132    52   276  3.0005  0.8434
   136    53   273  3.5882  1.0796
   137    53   273  3.5703  1.0718
   135    53   273  3.5638  1.0690
   138    53   273  3.5110  1.0461
   134    53   273  3.5006  1.0416
   142    46   277  3.4760  1.0412
   142    47   277  3.4733  1.0400
   142    45   277  3.4602  1.0343
   142    48   277  3.4518  1.0307
   142    44   277  3.4258  1.0195
   139    53   273  3.4155  1.0053
   142    49   277  3.4110  1.0132
   133    53   273  3.4054  1.0011
   137    53   277  3.3865  1.0028
   135    53   274  3.3804  0.9929
   136    53   274  3.3780  0.9919
   142    44   271  3.3718  0.9824
   142    43   277  3.3713  0.9963
   138    53   277  3.3703  0.9959
   136    53   277  3.3700  0.9958
   142    45   271  3.3650  0.9795
   142    50   277  3.3511  0.9878
   142    43   271  3.3455  0.9715
   134    53   274  3.3413  0.9766
   137    53   274  3.3338  0.9734
   135    37   274  3.3283  0.9711
   142    46   271  3.3263  0.9635
   139    53   277  3.3247  0.9767
   135    53   277  3.3195  0.9745
   134    37   274  3.3172  0.9666
   136    37   274  3.3098  0.9635
   142    42   277  3.2945  0.9641
   134    37   272  3.2936  0.9523
   140    53   273  3.2917  0.9538
   142    44   274  3.2900  0.9553
   132    53   273  3.2872  0.9519
   142    42   271  3.2863  0.9471
   142    43   274  3.2855  0.9534
   135    37   272  3.2839  0.9483
   142    45   274  3.2772  0.9500
   142    51   277  3.2732  0.9552
   133    37   274  3.2716  0.9477
   137    37   274  3.2690  0.9466
   133    53   274  3.2657  0.9453
   142    42   274  3.2641  0.9446
   142    47   271  3.2579  0.9356
   133    37   272  3.2557  0.9368
   140    53   277  3.2549  0.9476
   138    53   274  3.2522  0.9397
   142    46   274  3.2478  0.9380
   134    53   277  3.2368  0.9402
   136    37   272  3.2342  0.9281
   142    41   274  3.2259  0.9290
   136    53   275  3.2159  0.9272
   138    37   274  3.2132  0.9239
   137    53   275  3.2109  0.9251
   142    47   274  3.2034  0.9199
   142    41   271  3.1957  0.9105
   142    41   277  3.1926  0.9221
   132    37   274  3.1899  0.9144
   126    44   271  3.1873  0.9071
   135    53   275  3.1818  0.9133
   142    52   277  3.1787  0.9164
   126    45   271  3.1733  0.9015
   142    40   274  3.1708  0.9067
   138    53   275  3.1686  0.9080
   132    37   272  3.1685  0.9016
   141    53   277  3.1674  0.9118
   142    48   271  3.1623  0.8971
   132    53   274  3.1617  0.9031
   131    53   273  3.1551  0.8984
   137    37   272  3.1551  0.8963
   126    43   271  3.1549  0.8942
   142    48   275  3.1513  0.9010
   141    53   273  3.1486  0.8957
   139    37   274  3.1478  0.8975
   142    48   274  3.1468  0.8971
   139    53   274  3.1416  0.8951
   142    49   275  3.1401  0.8965
   134    37   271  3.1348  0.8862
   142    47   275  3.1340  0.8941
   133    53   277  3.1260  0.8951
   135    37   271  3.1258  0.8826
   126    46   271  3.1145  0.8782
   133    37   271  3.1129  0.8775
   134    53   275  3.1113  0.8850
   136    53   276  3.1104  0.8867
   126    45   274  3.1055  0.8807
   135    53   276  3.1008  0.8829
   142    50   273  3.0995  0.8763
   142    39   274  3.0980  0.8777
   142    50   275  3.0971  0.8794
   126    44   274  3.0954  0.8767
   139    53   275  3.0953  0.8787
   142    51   273  3.0952  0.8745
   142    46   275  3.0927  0.8776
   136    37   271  3.0907  0.8688
   142    49   273  3.0813  0.8691
   142    49   274  3.0809  0.8709
   126    46   274  3.0808  0.8709
   135    53   271  3.0796  0.8645
   126    42   271  3.0773  0.8636
   142    40   271  3.0772  0.8635
   140    37   274  3.0748  0.8685
   131    37   274  3.0739  0.8682
   137    53   276  3.0731  0.8719
   142    53   277  3.0693  0.8725
   142    40   277  3.0641  0.8704
   142    52   273  3.0617  0.8614
   136    53   271  3.0598  0.8568
   132    37   271  3.0580  0.8560
   138    37   272  3.0577  0.8579
   134    53   271  3.0540  0.8545
   142    48   273  3.0475  0.8558
   126    43   274  3.0471  0.8576
   134    53   276  3.0428  0.8599
   142    49   271  3.0415  0.8496
   142    44   272  3.0397  0.8508
   131    53   274  3.0392  0.8545
   131    37   272  3.0359  0.8494
   137    37   271  3.0358  0.8474
   142    45   275  3.0332  0.8542
   142    43   272  3.0312  0.8475
   142    45   272  3.0270  0.8459
   126    47   274  3.0270  0.8498
   142    51   275  3.0207  0.8493
   130    53   273  3.0171  0.8440
   126    47   271  3.0154  0.8395
   133    53   278  3.0152  0.8531
   134    53   278  3.0145  0.8528
   140    53   274  3.0132  0.8444
   133    53   275  3.0114  0.8457
   142    50   274  3.0080  0.8424
   142    38   274  3.0071  0.8420
   142    42   272  3.0050  0.8374
   142    47   273  3.0043  0.8390
   136    54   273  3.4083  1.0023
   137    54   273  3.4003  0.9989
   135    54   273  3.3791  0.9900
   138    54   273  3.3542  0.9796
   143    46   277  3.3178  0.9738
   134    54   273  3.3167  0.9641
   143    47   277  3.3156  0.9729
   143    45   277  3.3044  0.9682
   143    48   277  3.2977  0.9654
   143    44   277  3.2747  0.9558
   139    54   273  3.2732  0.9461
   143    49   277  3.2638  0.9513
   133    54   273  3.2280  0.9277
   143    43   277  3.2268  0.9361
   137    54   277  3.2163  0.9318
   143    50   277  3.2135  0.9306
   138    54   277  3.2082  0.9285
   136    54   277  3.1935  0.9224
   143    44   271  3.1848  0.9061
   143    45   271  3.1740  0.9018
   139    54   277  3.1718  0.9136
   143    43   271  3.1639  0.8977
   140    54   273  3.1634  0.9017
   143    42   277  3.1579  0.9080
   136    54   274  3.1565  0.9010
   135    54   274  3.1481  0.8976
   143    51   277  3.1470  0.9036
   135    54   277  3.1397  0.9006
   143    46   271  3.1329  0.8854
   137    54   274  3.1292  0.8901
   143    43   274  3.1274  0.8894
   143    44   274  3.1243  0.8881
   132    54   273  3.1205  0.8846
   143    42   274  3.1141  0.8841
   140    54   277  3.1117  0.8894
   143    42   271  3.1115  0.8770
   135    36   274  3.1073  0.8814
   136    36   274  3.1063  0.8810
   134    54   274  3.1062  0.8810
   143    45   274  3.1052  0.8805
   137    36   274  3.0847  0.8724
   143    41   274  3.0842  0.8722
   134    36   274  3.0832  0.8718
   143    46   274  3.0716  0.8673
   138    54   274  3.0682  0.8659
   143    41   277  3.0648  0.8707
   143    52   277  3.0646  0.8706
   143    47   271  3.0637  0.8583
   134    54   277  3.0573  0.8677
   138    36   274  3.0473  0.8577
   143    40   274  3.0373  0.8538
   133    54   274  3.0360  0.8533
   141    54   277  3.0342  0.8586
   141    54   273  3.0327  0.8501
   133    36   274  3.0307  0.8512
   143    41   271  3.0298  0.8451
   143    47   274  3.0259  0.8494
   135    36   272  3.0140  0.8409
   134    36   272  3.0125  0.8403
   131    54   273  3.0010  0.8377
   136    55   273  3.2201  0.9245
   137    55   273  3.2148  0.9224
   135    55   273  3.1924  0.9133
   138    55   273  3.1750  0.9063
   144    46   277  3.1613  0.9094
   144    47   277  3.1603  0.9090
   144    45   277  3.1493  0.9045
   144    48   277  3.1464  0.9033
   134    55   273  3.1364  0.8909
   144    44   277  3.1231  0.8940
   144    49   277  3.1190  0.8923
   139    55   273  3.1025  0.8774
   144    43   277  3.0804  0.8769
   144    50   277  3.0777  0.8758
   133    55   273  3.0577  0.8598
   137    55   277  3.0492  0.8645
   138    55   277  3.0456  0.8631
   136    55   277  3.0235  0.8544
   144    51   277  3.0217  0.8537
   144    42   277  3.0180  0.8522
   139    55   277  3.0148  0.8510
   140    55   273  3.0021  0.8382
   136    56   273  3.0273  0.8480
   137    56   273  3.0179  0.8443
   145    47   277  3.0101  0.8491
   145    46   277  3.0096  0.8489
   135    56   273  3.0075  0.8403
