#   X     Y     Z      S       D
   103   397   284  4.3613  1.4917
   102   397   284  4.3514  1.4864
   102   398   284  4.3492  1.4852
   103   398   284  4.3476  1.4843
   104   397   284  4.3347  1.4775
   103   396   284  4.3333  1.4767
   104   396   284  4.3160  1.4675
   104   398   284  4.3127  1.4658
   102   396   284  4.3118  1.4653
   104   396   283  3.9538  1.2792
   104   397   283  3.9469  1.2758
   103   396   283  3.9202  1.2628
   103   397   283  3.9098  1.2578
   104   398   283  3.8878  1.2472
   102   396   283  3.8583  1.2330
   103   398   283  3.8490  1.2286
   102   397   283  3.8451  1.2267
   102   398   283  3.7840  1.1977
   102   397   285  3.7528  1.1895
   102   398   285  3.7478  1.1871
   102   396   285  3.7362  1.1816
   103   397   285  3.7141  1.1713
   103   398   285  3.7040  1.1666
   103   396   285  3.7022  1.1657
   104   397   285  3.6461  1.1397
   104   396   285  3.6349  1.1346
   104   398   285  3.6348  1.1345
   101   398   284  4.3191  1.4691
   101   397   284  4.3073  1.4629
   102   399   284  4.3024  1.4603
   103   399   284  4.2904  1.4540
   101   399   284  4.2855  1.4514
   105   397   284  4.2672  1.4418
   103   395   284  4.2665  1.4414
   104   395   284  4.2580  1.4369
   101   396   284  4.2545  1.4351
   105   396   284  4.2544  1.4351
   104   399   284  4.2489  1.4322
   105   398   284  4.2407  1.4279
   102   395   284  4.2346  1.4247
   105   395   284  4.2030  1.4083
   105   399   284  4.1747  1.3937
   101   395   284  4.1661  1.3893
   105   396   283  3.9497  1.2772
   105   397   283  3.9462  1.2755
   104   395   283  3.9120  1.2589
   105   395   283  3.9041  1.2551
   105   398   283  3.8894  1.2480
   103   395   283  3.8833  1.2450
   102   395   283  3.8263  1.2177
   101   398   282  3.8001  1.2021
   101   397   282  3.7869  1.1959
   105   399   283  3.7804  1.1960
   104   399   283  3.7776  1.1947
   101   399   282  3.7773  1.1913
   101   396   283  3.7751  1.1935
   102   398   282  3.7749  1.1902
   101   398   285  3.7692  1.1972
   101   397   285  3.7658  1.1956
   102   397   282  3.7657  1.1859
   101   397   283  3.7606  1.1867
   101   399   285  3.7496  1.1879
   102   399   282  3.7491  1.1781
   101   395   283  3.7468  1.1802
   101   396   282  3.7442  1.1759
   101   396   285  3.7413  1.1840
   103   399   283  3.7395  1.1768
   102   396   282  3.7271  1.1679
   103   398   282  3.7232  1.1661
   102   399   285  3.7202  1.1741
   103   397   282  3.7153  1.1624
   101   398   283  3.7013  1.1591
   102   395   285  3.6976  1.1636
   103   399   282  3.6972  1.1541
   101   395   285  3.6960  1.1629
   101   395   282  3.6791  1.1457
   103   396   282  3.6786  1.1455
   102   399   283  3.6773  1.1479
   103   399   285  3.6714  1.1514
   103   395   285  3.6673  1.1495
   102   395   282  3.6653  1.1394
   104   398   282  3.6449  1.1301
   104   397   282  3.6356  1.1258
   104   399   282  3.6216  1.1195
   103   395   282  3.6185  1.1181
   104   399   285  3.6010  1.1190
   104   395   285  3.6005  1.1188
   101   399   283  3.5998  1.1125
   104   396   282  3.5985  1.1090
   105   397   285  3.5448  1.0935
   105   398   282  3.5388  1.0823
   104   395   282  3.5385  1.0821
   103   397   286  3.5384  1.0936
   103   396   286  3.5379  1.0934
   104   397   286  3.5373  1.0931
   105   398   285  3.5367  1.0899
   104   396   286  3.5334  1.0913
   105   396   285  3.5304  1.0871
   102   396   286  3.5299  1.0897
   102   397   286  3.5294  1.0895
   105   397   282  3.5255  1.0763
   105   397   286  3.5224  1.0864
   105   399   282  3.5210  1.0743
   105   396   286  3.5134  1.0823
   104   398   286  3.5110  1.0812
   103   398   286  3.5091  1.0804
   101   397   286  3.5083  1.0800
   101   396   286  3.5071  1.0795
   103   395   286  3.5060  1.0790
   105   399   285  3.5059  1.0761
   105   398   286  3.5006  1.0766
   102   395   286  3.4992  1.0759
   102   398   286  3.4991  1.0759
   104   395   286  3.4981  1.0755
   105   395   285  3.4932  1.0704
   105   396   282  3.4858  1.0588
   101   398   286  3.4799  1.0673
   101   395   286  3.4751  1.0652
   105   395   286  3.4729  1.0642
   104   399   286  3.4578  1.0575
   103   399   286  3.4534  1.0556
   105   399   286  3.4510  1.0545
   102   399   286  3.4426  1.0508
   101   399   286  3.4255  1.0432
   105   395   282  3.4244  1.0319
   101   396   287  4.2740  1.4579
   102   396   287  4.2622  1.4516
   101   397   287  4.2592  1.4500
   100   396   287  4.2590  1.4499
   100   398   284  4.2566  1.4362
   100   397   287  4.2515  1.4460
   102   397   287  4.2436  1.4418
   101   395   287  4.2412  1.4405
   100   399   284  4.2387  1.4269
   102   395   287  4.2318  1.4356
   100   397   284  4.2294  1.4220
   103   396   287  4.2275  1.4333
   100   395   287  4.2208  1.4298
   102   400   284  4.2106  1.4123
   103   397   287  4.2082  1.4232
   101   400   284  4.2057  1.4097
   100   398   287  4.2000  1.4189
   101   398   287  4.1984  1.4180
   103   395   287  4.1973  1.4175
   103   400   284  4.1903  1.4018
   102   398   287  4.1777  1.4073
   100   400   284  4.1741  1.3934
   104   396   287  4.1711  1.4038
   103   394   284  4.1637  1.3881
   101   394   287  4.1634  1.3998
   100   396   284  4.1628  1.3876
   104   394   284  4.1626  1.3875
   102   394   287  4.1557  1.3958
   104   397   287  4.1535  1.3947
   106   397   284  4.1529  1.3825
   104   400   284  4.1445  1.3782
   106   396   284  4.1425  1.3772
   103   398   287  4.1406  1.3880
   100   394   287  4.1396  1.3875
   104   395   287  4.1395  1.3875
   106   398   284  4.1261  1.3688
   102   394   284  4.1236  1.3676
   103   394   287  4.1214  1.3782
   105   394   284  4.1140  1.3627
   100   399   287  4.1104  1.3725
   101   399   287  4.0978  1.3660
   106   395   284  4.0952  1.3532
   105   396   287  4.0905  1.3623
   104   398   287  4.0869  1.3605
   105   397   287  4.0764  1.3551
   105   400   284  4.0705  1.3407
   102   399   287  4.0703  1.3520
   100   395   284  4.0633  1.3371
   104   394   287  4.0628  1.3482
   106   399   284  4.0626  1.3367
   102   396   281  4.0566  1.3227
   105   395   287  4.0563  1.3449
   103   396   281  4.0522  1.3205
   101   394   284  4.0470  1.3289
   103   397   281  4.0360  1.3125
   102   397   281  4.0335  1.3113
   101   396   281  4.0314  1.3102
   102   395   281  4.0312  1.3101
   103   399   287  4.0299  1.3315
   103   395   281  4.0188  1.3041
   104   396   281  4.0166  1.3030
   105   398   287  4.0134  1.3233
   106   394   284  4.0117  1.3113
   101   395   281  4.0110  1.3002
   104   397   281  4.0097  1.2996
   101   397   281  4.0047  1.2971
   100   400   287  3.9912  1.3121
   106   396   287  3.9805  1.3068
   105   394   287  3.9785  1.3058
   104   399   287  3.9758  1.3045
   100   396   281  3.9746  1.2824
   104   395   281  3.9739  1.2820
   106   397   287  3.9715  1.3023
   103   398   281  3.9707  1.2805
   101   400   287  3.9665  1.2998
   106   400   284  3.9634  1.2875
   102   398   281  3.9628  1.2767
   102   394   281  3.9583  1.2745
   100   395   281  3.9559  1.2733
   104   398   281  3.9526  1.2717
   100   397   281  3.9490  1.2699
   105   397   281  3.9490  1.2699
   105   396   281  3.9456  1.2683
   101   394   281  3.9440  1.2675
   106   395   287  3.9432  1.2883
   103   394   281  3.9384  1.2648
   100   394   284  3.9367  1.2744
   101   398   281  3.9329  1.2621
   102   400   287  3.9307  1.2821
   106   398   287  3.9144  1.2741
   105   399   287  3.9049  1.2694
   105   398   281  3.9017  1.2471
   106   396   283  3.8980  1.2521
   106   397   283  3.8969  1.2515
   105   395   281  3.8933  1.2431
   100   394   281  3.8925  1.2427
   104   394   281  3.8850  1.2391
   103   400   287  3.8849  1.2596
   100   398   281  3.8813  1.2373
   106   394   287  3.8645  1.2497
   103   399   281  3.8593  1.2269
   106   395   283  3.8508  1.2294
   102   399   281  3.8487  1.2218
   104   399   281  3.8474  1.2212
   106   397   281  3.8473  1.2211
   106   398   283  3.8430  1.2257
   106   396   281  3.8339  1.2148
   104   394   283  3.8286  1.2188
   104   400   287  3.8284  1.2322
   101   399   281  3.8204  1.2084
   105   394   283  3.8169  1.2132
   106   399   287  3.8118  1.2242
   106   398   281  3.8108  1.2039
   103   394   283  3.8057  1.2079
   105   399   281  3.8053  1.2013
   100   398   282  3.7973  1.2007
   105   394   281  3.7965  1.1971
   100   399   282  3.7805  1.1928
   100   397   282  3.7778  1.1916
   100   399   281  3.7758  1.1875
   106   395   281  3.7731  1.1862
   100   398   285  3.7697  1.1974
   106   394   283  3.7628  1.1877
   100   399   285  3.7606  1.1931
   105   400   287  3.7582  1.1985
   100   397   285  3.7554  1.1907
   102   394   283  3.7549  1.1840
   106   399   283  3.7372  1.1757
   100   396   282  3.7291  1.1688
   106   399   281  3.7252  1.1639
   100   400   285  3.7244  1.1761
   100   400   282  3.7234  1.1662
   100   396   285  3.7206  1.1743
   101   400   282  3.7150  1.1623
   103   400   281  3.7078  1.1559
   101   400   285  3.7044  1.1667
   104   400   281  3.6996  1.1521
   102   400   281  3.6973  1.1511
   102   400   282  3.6849  1.1484
   101   394   283  3.6810  1.1497
   100   396   283  3.6747  1.1467
   101   400   281  3.6736  1.1402
   106   394   281  3.6701  1.1386
   106   400   287  3.6695  1.1568
   102   400   285  3.6682  1.1499
   100   395   285  3.6667  1.1492
   105   400   281  3.6645  1.1361
   100   397   283  3.6615  1.1407
   100   395   282  3.6593  1.1367
   100   395   283  3.6481  1.1346
   100   400   281  3.6390  1.1245
   102   394   285  3.6354  1.1348
   103   400   282  3.6341  1.1252
   101   394   285  3.6289  1.1318
   105   400   283  3.6255  1.1242
   104   400   283  3.6230  1.1231
   103   400   285  3.6153  1.1256
   103   394   285  3.6080  1.1223
   100   398   283  3.6070  1.1158
   101   394   282  3.5974  1.1085
   106   400   281  3.5945  1.1043
   100   394   285  3.5931  1.1154
   103   400   283  3.5884  1.1074
   100   394   283  3.5865  1.1065
   106   400   283  3.5855  1.1061
   102   394   282  3.5854  1.1031
   100   394   282  3.5751  1.0985
   104   400   282  3.5623  1.0928
   104   400   285  3.5440  1.0932
   104   394   285  3.5418  1.0922
   103   394   282  3.5395  1.0826
   102   400   283  3.5321  1.0821
   100   399   283  3.5139  1.0740
   106   397   286  3.4854  1.0698
   106   396   286  3.4701  1.0630
   100   397   286  3.4697  1.0628
   106   398   286  3.4691  1.0625
   105   400   282  3.4681  1.0510
   100   396   286  3.4638  1.0602
   101   400   283  3.4634  1.0516
   104   394   282  3.4595  1.0472
   105   400   285  3.4516  1.0520
   100   398   286  3.4468  1.0526
   103   394   286  3.4437  1.0512
   102   394   286  3.4380  1.0487
   105   394   285  3.4328  1.0437
   104   394   286  3.4327  1.0464
   100   395   286  3.4284  1.0445
   106   399   286  3.4238  1.0425
   106   395   286  3.4233  1.0422
   101   394   286  3.4134  1.0379
   106   397   285  3.4074  1.0325
   106   398   285  3.4066  1.0322
   106   398   282  3.4037  1.0229
   105   394   286  3.4028  1.0332
   100   399   286  3.3983  1.0312
   106   399   282  3.3935  1.0185
   100   400   283  3.3895  1.0194
   106   396   285  3.3863  1.0233
   106   397   282  3.3842  1.0145
   106   399   285  3.3828  1.0218
   104   400   286  3.3828  1.0245
   105   400   286  3.3783  1.0225
   103   400   286  3.3765  1.0217
   102   400   286  3.3652  1.0168
   100   394   286  3.3648  1.0166
   106   400   286  3.3541  1.0120
   101   400   286  3.3502  1.0103
   106   400   282  3.3493  0.9995
   106   394   286  3.3480  1.0093
   105   394   282  3.3448  0.9975
   106   395   285  3.3438  1.0049
   106   396   282  3.3403  0.9956
   106   400   285  3.3348  1.0010
   100   400   286  3.3291  1.0012
   106   394   285  3.2803  0.9777
   106   395   282  3.2766  0.9686
   106   394   282  3.1964  0.9351
    99   397   287  4.2163  1.4274
    99   396   287  4.2121  1.4252
    99   398   287  4.1790  1.4079
    99   395   287  4.1655  1.4009
    99   398   284  4.1606  1.3865
    99   399   284  4.1605  1.3864
    99   397   284  4.1173  1.3643
    99   400   284  4.1140  1.3627
    99   399   287  4.1052  1.3698
   100   397   288  4.1033  1.3728
    99   397   288  4.0883  1.3651
   101   401   284  4.0831  1.3470
   100   396   288  4.0798  1.3607
    99   394   287  4.0793  1.3566
   102   401   284  4.0778  1.3444
   100   398   288  4.0757  1.3586
   101   397   288  4.0708  1.3561
   100   401   284  4.0653  1.3381
    99   398   288  4.0650  1.3532
    99   396   288  4.0624  1.3518
   103   401   284  4.0511  1.3310
   101   396   288  4.0477  1.3444
   101   393   287  4.0467  1.3401
   101   398   288  4.0424  1.3417
   102   393   287  4.0400  1.3367
    99   396   284  4.0371  1.3240
   104   393   284  4.0323  1.3216
   103   393   284  4.0278  1.3193
    99   401   284  4.0228  1.3168
   100   393   287  4.0215  1.3273
   100   395   288  4.0066  1.3236
   103   393   287  4.0063  1.3197
   104   401   284  4.0030  1.3070
    99   400   287  4.0023  1.3177
   100   399   288  3.9992  1.3199
   102   397   288  3.9946  1.3176
    99   399   288  3.9937  1.3171
   105   393   284  3.9898  1.3004
    99   395   288  3.9888  1.3147
   107   397   284  3.9868  1.2990
   102   393   284  3.9823  1.2968
   107   396   284  3.9757  1.2935
   101   395   288  3.9744  1.3075
   102   396   288  3.9699  1.3052
   102   398   288  3.9688  1.3047
   101   399   288  3.9651  1.3028
   107   398   284  3.9638  1.2877
    99   393   287  3.9592  1.2962
   104   393   287  3.9479  1.2906
   105   401   284  3.9313  1.2717
   107   395   284  3.9306  1.2714
    99   395   284  3.9276  1.2699
   107   399   284  3.9072  1.2600
   101   393   284  3.9009  1.2569
   102   395   288  3.8959  1.2685
   102   399   288  3.8949  1.2681
   106   393   284  3.8941  1.2536
   100   394   288  3.8881  1.2647
    99   396   281  3.8831  1.2382
    99   400   288  3.8800  1.2608
   100   400   288  3.8798  1.2607
   103   397   288  3.8789  1.2602
    99   401   287  3.8784  1.2564
    99   394   288  3.8720  1.2568
   105   393   287  3.8640  1.2494
    99   397   281  3.8634  1.2288
    99   395   281  3.8624  1.2283
   103   398   288  3.8584  1.2502
   101   394   288  3.8552  1.2486
   107   394   284  3.8520  1.2333
   100   401   287  3.8515  1.2433
   103   396   288  3.8509  1.2465
   101   400   288  3.8451  1.2437
   102   393   281  3.8418  1.2185
   107   396   287  3.8362  1.2359
   107   397   287  3.8332  1.2345
   101   393   281  3.8330  1.2144
   106   401   284  3.8310  1.2233
   107   400   284  3.8177  1.2169
   103   393   281  3.8156  1.2062
   101   401   287  3.8144  1.2254
    99   398   281  3.8055  1.2014
    99   394   281  3.8005  1.1990
   107   395   287  3.7957  1.2165
    99   394   284  3.7951  1.2062
   107   396   283  3.7917  1.2013
   103   399   288  3.7915  1.2178
   107   397   283  3.7915  1.2012
   100   393   284  3.7870  1.2023
   100   393   281  3.7862  1.1923
   107   398   287  3.7843  1.2110
   102   400   288  3.7792  1.2119
   102   394   288  3.7769  1.2108
   103   395   288  3.7759  1.2103
   102   401   287  3.7689  1.2037
    99   398   282  3.7642  1.1852
    99   399   282  3.7563  1.1815
   104   393   281  3.7559  1.1782
    99   399   285  3.7531  1.1896
   106   393   287  3.7513  1.1953
    99   398   285  3.7496  1.1879
   107   395   283  3.7457  1.1797
   107   393   284  3.7421  1.1812
   107   398   283  3.7409  1.1775
    99   397   282  3.7362  1.1721
    99   401   288  3.7328  1.1898
   100   393   288  3.7307  1.1888
    99   400   285  3.7284  1.1780
   104   397   288  3.7282  1.1876
   100   401   288  3.7272  1.1872
    99   397   285  3.7225  1.1752
    99   393   288  3.7181  1.1829
   107   394   287  3.7172  1.1791
   103   401   287  3.7158  1.1785
   104   398   288  3.7147  1.1813
    99   399   281  3.7134  1.1585
   104   393   283  3.7122  1.1641
    99   400   282  3.7081  1.1591
   107   397   281  3.7004  1.1525
    99   393   281  3.6984  1.1516
   105   393   283  3.6969  1.1570
   101   393   288  3.6968  1.1728
   107   401   284  3.6966  1.1600
   104   396   288  3.6963  1.1726
   103   393   283  3.6951  1.1562
   101   401   288  3.6924  1.1707
   107   399   287  3.6908  1.1667
   103   400   288  3.6841  1.1668
    99   396   282  3.6801  1.1462
   107   396   281  3.6781  1.1423
    99   396   285  3.6760  1.1535
   107   398   281  3.6747  1.1407
    99   401   285  3.6721  1.1517
   105   393   281  3.6621  1.1350
   107   394   283  3.6610  1.1405
   100   401   285  3.6585  1.1454
   103   394   288  3.6584  1.1548
   104   399   288  3.6575  1.1544
   104   401   287  3.6544  1.1498
   102   393   283  3.6511  1.1359
    99   393   284  3.6435  1.1355
   106   393   283  3.6431  1.1323
   107   399   283  3.6405  1.1311
   101   401   285  3.6313  1.1329
   102   401   288  3.6311  1.1421
   100   401   282  3.6270  1.1219
   104   395   288  3.6208  1.1373
    99   401   282  3.6204  1.1190
   102   393   288  3.6200  1.1370
   101   401   282  3.6140  1.1161
    99   395   285  3.6123  1.1242
   107   395   281  3.6109  1.1117
   107   393   287  3.6073  1.1280
    99   395   282  3.6049  1.1119
   107   399   281  3.6012  1.1074
    99   400   281  3.5926  1.1035
   102   401   285  3.5903  1.1142
   101   393   283  3.5839  1.1054
   102   401   282  3.5828  1.1019
   105   401   287  3.5823  1.1166
   104   400   288  3.5615  1.1101
    99   396   283  3.5604  1.0948
   107   400   287  3.5570  1.1050
    99   397   283  3.5518  1.0909
   105   397   288  3.5491  1.1044
   102   393   285  3.5481  1.0950
   107   393   283  3.5466  1.0886
   103   401   288  3.5450  1.1025
   105   398   288  3.5430  1.1016
   101   393   285  3.5382  1.0906
   103   401   285  3.5347  1.0890
   103   401   282  3.5337  1.0800
    99   395   283  3.5331  1.0825
   106   393   281  3.5326  1.0767
    99   394   285  3.5314  1.0875
   103   401   281  3.5245  1.0731
   103   393   285  3.5228  1.0837
    99   394   282  3.5180  1.0730
   104   401   281  3.5173  1.0699
   102   401   281  3.5170  1.0698
   105   396   288  3.5139  1.0884
   104   394   288  3.5066  1.0851
    99   398   283  3.5058  1.0704
   103   393   288  3.5056  1.0846
   107   394   281  3.5047  1.0643
   101   393   282  3.5028  1.0662
   101   401   281  3.5008  1.0626
   100   393   285  3.4982  1.0726
   105   399   288  3.4966  1.0806
   107   400   283  3.4959  1.0660
   106   401   287  3.4958  1.0773
   100   393   283  3.4953  1.0657
   102   393   282  3.4906  1.0609
   105   401   281  3.4871  1.0566
   107   400   281  3.4830  1.0548
   100   393   282  3.4804  1.0564
   100   401   281  3.4786  1.0529
    99   394   283  3.4738  1.0562
   104   401   282  3.4663  1.0502
   104   401   285  3.4632  1.0571
   104   393   285  3.4575  1.0546
    99   401   281  3.4500  1.0404
   103   393   282  3.4444  1.0406
   105   395   288  3.4394  1.0550
   105   401   283  3.4360  1.0396
   104   401   283  3.4356  1.0395
   104   401   288  3.4349  1.0529
    99   393   285  3.4323  1.0434
   106   401   281  3.4257  1.0298
    99   399   283  3.4251  1.0349
    99   393   282  3.4233  1.0314
   107   397   286  3.4158  1.0389
   105   400   288  3.4139  1.0437
    99   397   286  3.4075  1.0353
   103   401   283  3.4070  1.0270
   107   398   286  3.4057  1.0345
   106   401   283  3.3986  1.0233
    99   396   286  3.3942  1.0294
    99   398   286  3.3939  1.0293
   107   396   286  3.3938  1.0293
   107   401   287  3.3900  1.0303
    99   393   283  3.3871  1.0183
   105   401   282  3.3787  1.0121
   105   401   285  3.3732  1.0176
   107   393   281  3.3674  1.0047
   107   399   286  3.3657  1.0170
   104   393   282  3.3640  1.0058
   104   393   288  3.3605  1.0202
   102   401   283  3.3600  1.0066
    99   399   286  3.3558  1.0127
   103   393   286  3.3538  1.0119
    99   395   286  3.3536  1.0118
   106   398   288  3.3507  1.0159
   106   397   288  3.3504  1.0157
   102   393   286  3.3493  1.0099
   105   393   285  3.3486  1.0069
   107   395   286  3.3410  1.0063
   104   393   286  3.3405  1.0061
   105   394   288  3.3305  1.0071
   107   401   281  3.3264  0.9872
   101   393   286  3.3249  0.9993
   107   401   283  3.3171  0.9882
    99   400   283  3.3164  0.9879
   106   399   288  3.3147  1.0002
   106   396   288  3.3134  0.9997
   105   393   286  3.3073  0.9918
   101   401   283  3.3033  0.9824
   105   401   288  3.3017  0.9946
   107   400   286  3.2998  0.9886
    99   400   286  3.2978  0.9877
   104   401   286  3.2909  0.9847
   105   401   286  3.2876  0.9833
    99   394   286  3.2874  0.9832
   103   401   286  3.2837  0.9816
   100   393   286  3.2760  0.9784
   102   401   286  3.2724  0.9768
   106   401   282  3.2686  0.9652
   106   401   286  3.2649  0.9736
   106   401   285  3.2616  0.9697
   107   394   286  3.2612  0.9721
   101   401   286  3.2599  0.9715
   105   393   282  3.2495  0.9572
   106   393   286  3.2492  0.9669
   106   400   288  3.2454  0.9704
   100   401   286  3.2454  0.9653
   100   401   283  3.2442  0.9574
   107   398   285  3.2431  0.9619
   106   395   288  3.2422  0.9691
   107   398   282  3.2393  0.9529
   107   399   282  3.2383  0.9525
   107   397   285  3.2339  0.9580
   107   399   285  3.2293  0.9561
    99   401   286  3.2256  0.9570
   107   401   286  3.2132  0.9517
   107   397   282  3.2125  0.9418
   107   400   282  3.2043  0.9384
   107   396   285  3.2039  0.9454
    99   393   286  3.1985  0.9455
   106   393   285  3.1960  0.9421
   105   393   288  3.1940  0.9486
   107   400   285  3.1905  0.9398
    99   401   283  3.1888  0.9343
   107   396   282  3.1637  0.9216
   107   393   286  3.1606  0.9297
   107   395   285  3.1549  0.9250
   106   401   288  3.1481  0.9293
   107   398   288  3.1470  0.9289
   107   397   288  3.1426  0.9270
   106   394   288  3.1414  0.9265
   107   401   282  3.1341  0.9094
   107   401   285  3.1249  0.9125
   107   399   288  3.1196  0.9174
   107   396   288  3.1065  0.9120
   106   393   282  3.1022  0.8964
   107   395   282  3.0975  0.8945
   107   394   285  3.0881  0.8975
   107   400   288  3.0621  0.8937
   107   395   288  3.0411  0.8851
   107   394   282  3.0175  0.8624
   106   393   288  3.0168  0.8752
   107   393   285  3.0046  0.8637
    98   397   287  4.1507  1.3932
    98   398   287  4.1324  1.3838
    98   396   287  4.1307  1.3830
   101   398   289  4.1069  1.3786
   101   397   289  4.0972  1.3736
   100   398   289  4.0916  1.3708
   102   398   289  4.0833  1.3665
   100   397   289  4.0806  1.3651
    98   399   287  4.0794  1.3567
   101   399   289  4.0757  1.3626
    98   395   287  4.0726  1.3532
   102   397   289  4.0713  1.3603
   100   399   289  4.0631  1.3561
   102   399   289  4.0535  1.3512
    98   399   284  4.0505  1.3306
   101   396   289  4.0454  1.3471
    99   398   289  4.0355  1.3421
    98   398   284  4.0312  1.3210
   100   396   289  4.0292  1.3388
    98   400   284  4.0249  1.3179
    98   397   288  4.0234  1.3321
   103   398   289  4.0228  1.3356
    99   397   289  4.0193  1.3338
   102   396   289  4.0164  1.3324
    99   399   289  4.0141  1.3312
    98   398   288  4.0073  1.3239
   101   400   289  4.0064  1.3273
   103   397   289  4.0059  1.3270
   103   399   289  3.9975  1.3228
   100   400   289  3.9974  1.3228
    98   400   287  3.9973  1.3152
    98   396   288  3.9933  1.3169
   102   400   289  3.9849  1.3165
    98   394   287  3.9796  1.3063
    98   397   284  3.9714  1.2914
    99   396   289  3.9652  1.3066
    99   400   289  3.9564  1.3022
    98   401   284  3.9547  1.2832
   101   395   289  3.9523  1.3001
   103   396   289  3.9462  1.2971
    98   399   288  3.9455  1.2930
   100   395   289  3.9380  1.2930
    98   398   289  3.9378  1.2929
   103   400   289  3.9327  1.2904
    98   399   289  3.9273  1.2877
   104   398   289  3.9271  1.2876
   101   402   284  3.9250  1.2687
   102   395   289  3.9197  1.2839
   100   402   284  3.9195  1.2660
    98   395   288  3.9192  1.2800
    98   397   289  3.9131  1.2806
   102   402   284  3.9111  1.2619
   104   399   289  3.9078  1.2780
   104   397   289  3.9044  1.2763
   101   401   289  3.9035  1.2759
   101   392   287  3.8985  1.2663
   100   401   289  3.8983  1.2733
    99   402   284  3.8930  1.2531
    98   401   287  3.8928  1.2635
   102   392   287  3.8922  1.2632
   102   401   289  3.8818  1.2652
    98   400   289  3.8818  1.2652
   103   402   284  3.8795  1.2466
    98   396   284  3.8787  1.2462
    99   395   289  3.8743  1.2615
   100   392   287  3.8733  1.2540
   104   392   284  3.8712  1.2426
    99   401   289  3.8654  1.2572
   103   392   284  3.8626  1.2384
   103   392   287  3.8593  1.2471
    98   393   287  3.8573  1.2462
    98   396   289  3.8540  1.2516
   104   400   289  3.8486  1.2490
   103   395   289  3.8455  1.2475
    98   402   284  3.8451  1.2300
    98   400   288  3.8423  1.2424
   104   396   289  3.8400  1.2447
   105   392   284  3.8344  1.2249
   103   401   289  3.8326  1.2412
   104   402   284  3.8304  1.2230
   101   394   289  3.8200  1.2350
   102   392   284  3.8142  1.2153
    99   392   287  3.8119  1.2242
   100   394   289  3.8091  1.2298
    98   394   288  3.8055  1.2246
    98   401   289  3.8030  1.2268
   104   392   287  3.8020  1.2195
   105   398   289  3.7982  1.2245
   105   399   289  3.7847  1.2180
   102   394   289  3.7842  1.2177
   101   402   289  3.7717  1.2117
    98   402   287  3.7715  1.2049
   105   397   289  3.7708  1.2113
   100   402   289  3.7704  1.2111
   108   397   284  3.7681  1.1934
    98   395   289  3.7623  1.2072
   105   402   284  3.7618  1.1905
    98   395   284  3.7612  1.1902
    98   396   281  3.7548  1.1777
   108   396   284  3.7541  1.1868
   104   401   289  3.7536  1.2031
   108   398   284  3.7521  1.1859
   102   402   289  3.7496  1.2011
    99   394   289  3.7487  1.2007
   106   392   284  3.7466  1.1833
    98   397   281  3.7456  1.1734
    99   402   289  3.7451  1.1990
    99   402   287  3.7404  1.1901
   104   395   289  3.7365  1.1949
   105   400   289  3.7316  1.1926
   101   392   284  3.7311  1.1761
    98   395   281  3.7290  1.1657
    98   399   285  3.7266  1.1771
   105   392   287  3.7199  1.1804
    98   400   285  3.7159  1.1721
    98   392   287  3.7117  1.1766
   108   395   284  3.7100  1.1662
    98   398   285  3.7087  1.1688
   103   394   289  3.7077  1.1812
   108   399   284  3.7059  1.1643
    98   401   288  3.7056  1.1770
   105   396   289  3.7036  1.1793
    98   398   281  3.7031  1.1537
    98   399   282  3.7030  1.1568
   103   402   289  3.7027  1.1788
   100   402   287  3.6991  1.1707
    98   398   282  3.6991  1.1549
    98   402   289  3.6942  1.1749
   102   392   281  3.6872  1.1464
   101   392   281  3.6826  1.1443
    98   401   285  3.6723  1.1518
   106   402   284  3.6691  1.1473
    98   397   285  3.6677  1.1497
    98   400   282  3.6676  1.1405
    98   394   281  3.6671  1.1373
    98   397   282  3.6607  1.1373
   108   397   287  3.6589  1.1519
    98   393   288  3.6579  1.1546
   103   392   281  3.6573  1.1327
   108   396   287  3.6556  1.1503
   101   393   289  3.6526  1.1553
   101   402   287  3.6499  1.1477
   100   393   289  3.6460  1.1522
   105   401   289  3.6426  1.1506
   100   392   281  3.6405  1.1251
    98   394   289  3.6403  1.1495
   106   398   289  3.6398  1.1493
   108   394   284  3.6366  1.1323
    98   399   281  3.6304  1.1206
   106   399   289  3.6302  1.1448
   108   396   283  3.6299  1.1263
   108   400   284  3.6297  1.1291
   108   397   283  3.6291  1.1258
   104   402   289  3.6280  1.1438
    98   394   284  3.6252  1.1271
   108   398   287  3.6197  1.1337
   100   392   284  3.6170  1.1234
   102   393   289  3.6144  1.1375
   108   395   287  3.6129  1.1306
   106   392   287  3.6107  1.1296
   106   397   289  3.6103  1.1356
    98   396   285  3.6087  1.1226
   107   392   284  3.6051  1.1179
   105   395   289  3.6001  1.1309
   104   394   289  3.5985  1.1301
    98   396   282  3.5964  1.1081
    98   402   285  3.5946  1.1161
   104   392   281  3.5944  1.1043
   102   402   287  3.5940  1.1219
    98   401   282  3.5931  1.1066
    99   393   289  3.5915  1.1269
   108   395   283  3.5885  1.1074
    99   402   285  3.5832  1.1110
   106   400   289  3.5821  1.1226
   108   398   283  3.5820  1.1045
   104   392   283  3.5707  1.0994
    98   393   281  3.5696  1.0932
    99   402   288  3.5634  1.1109
   100   402   285  3.5617  1.1012
   103   392   283  3.5588  1.0941
    99   392   281  3.5588  1.0883
   100   402   288  3.5532  1.1063
   105   392   283  3.5529  1.0914
   107   402   284  3.5464  1.0913
    98   402   288  3.5457  1.1028
   106   396   289  3.5437  1.1050
   100   392   288  3.5428  1.1015
   108   399   287  3.5380  1.0963
   103   393   289  3.5380  1.1023
   108   394   287  3.5364  1.0956
   108   393   284  3.5360  1.0867
    98   395   285  3.5350  1.0891
    99   392   288  3.5349  1.0979
   103   402   287  3.5320  1.0936
    98   400   281  3.5319  1.0764
   101   402   285  3.5295  1.0867
   108   401   284  3.5236  1.0811
   105   402   289  3.5226  1.0953
   102   392   283  3.5215  1.0774
   101   402   288  3.5187  1.0906
    98   395   282  3.5158  1.0720
   108   394   283  3.5118  1.0730
   108   397   281  3.5084  1.0660
   101   392   288  3.5081  1.0858
   106   392   283  3.5007  1.0681
    99   402   282  3.4993  1.0647
   106   401   289  3.4988  1.0845
   105   392   281  3.4986  1.0617
   100   402   282  3.4973  1.0638
   108   398   281  3.4929  1.0591
    98   393   289  3.4909  1.0810
   108   399   283  3.4891  1.0630
   102   402   285  3.4856  1.0670
    98   402   282  3.4853  1.0586
    98   392   288  3.4830  1.0745
   101   402   282  3.4799  1.0562
   108   396   281  3.4791  1.0531
    99   392   284  3.4752  1.0596
    98   393   284  3.4743  1.0592
   107   392   287  3.4729  1.0670
   105   394   289  3.4655  1.0695
   104   402   287  3.4635  1.0629
   102   402   288  3.4622  1.0652
   101   392   283  3.4612  1.0507
   107   398   289  3.4574  1.0659
   101   392   289  3.4559  1.0652
   100   392   289  3.4538  1.0643
   107   399   289  3.4487  1.0620
   102   402   282  3.4476  1.0420
    98   394   285  3.4473  1.0500
   106   395   289  3.4442  1.0600
    98   392   281  3.4379  1.0351
    98   396   283  3.4368  1.0400
    98   397   283  3.4363  1.0397
   102   392   285  3.4345  1.0444
   102   392   288  3.4341  1.0526
   108   393   287  3.4325  1.0491
   108   399   281  3.4320  1.0325
   104   393   289  3.4320  1.0545
   107   397   289  3.4297  1.0535
   103   402   285  3.4288  1.0419
    98   394   282  3.4264  1.0328
   101   392   285  3.4227  1.0392
   102   392   289  3.4167  1.0477
   108   400   287  3.4165  1.0420
    98   401   281  3.4130  1.0243
   108   392   284  3.4125  1.0321
   107   392   283  3.4109  1.0287
   103   392   285  3.4109  1.0341
   108   395   281  3.4086  1.0224
   108   393   283  3.4079  1.0273
    99   392   289  3.4074  1.0436
    98   395   283  3.4058  1.0265
   107   400   289  3.4035  1.0419
    98   398   283  3.4030  1.0252
   103   402   282  3.4001  1.0213
   101   392   282  3.3961  1.0196
   108   402   284  3.3887  1.0217
   105   402   287  3.3870  1.0290
   103   402   288  3.3849  1.0309
   106   402   289  3.3848  1.0336
   102   392   282  3.3822  1.0136
   100   392   285  3.3806  1.0208
   100   392   283  3.3791  1.0149
   100   392   282  3.3760  1.0109
   106   392   281  3.3696  1.0056
   107   396   289  3.3679  1.0261
   104   402   285  3.3577  1.0109
   108   400   283  3.3555  1.0047
   104   392   285  3.3472  1.0064
    98   394   283  3.3466  1.0009
    98   393   285  3.3447  1.0053
   103   392   289  3.3430  1.0152
    98   399   283  3.3389  0.9976
   104   402   282  3.3365  0.9940
   103   392   282  3.3347  0.9932
    98   393   282  3.3324  0.9922
   108   400   281  3.3281  0.9879
   103   392   288  3.3262  1.0052
   107   401   289  3.3244  1.0071
    99   392   282  3.3215  0.9876
   103   402   281  3.3194  0.9842
    98   392   289  3.3183  1.0045
    98   397   286  3.3181  0.9964
   102   402   281  3.3176  0.9835
    98   398   286  3.3171  0.9960
   106   394   289  3.3170  1.0039
    99   392   285  3.3134  0.9918
   101   402   281  3.3111  0.9807
   104   402   281  3.3105  0.9804
    98   392   284  3.3102  0.9878
   108   392   287  3.3076  0.9945
   105   393   289  3.3060  0.9991
   108   397   286  3.3057  0.9911
   100   402   281  3.3029  0.9772
   108   394   281  3.3029  0.9772
   108   398   286  3.3020  0.9895
   106   402   287  3.2998  0.9911
    98   396   286  3.2952  0.9866
    98   399   286  3.2937  0.9859
    99   402   281  3.2930  0.9731
   104   402   288  3.2867  0.9881
   108   392   283  3.2846  0.9745
   105   402   281  3.2828  0.9688
    98   402   281  3.2797  0.9675
   108   396   286  3.2778  0.9791
    99   392   283  3.2767  0.9711
   107   395   289  3.2764  0.9863
   105   402   285  3.2699  0.9732
   108   399   286  3.2681  0.9750
    98   393   283  3.2628  0.9652
   108   401   287  3.2606  0.9743
   108   398   289  3.2588  0.9787
   105   402   282  3.2549  0.9595
   104   392   282  3.2538  0.9590
    98   400   286  3.2518  0.9681
    98   400   283  3.2496  0.9597
    98   395   286  3.2484  0.9666
   108   399   289  3.2472  0.9738
   104   392   289  3.2438  0.9723
   103   392   286  3.2411  0.9635
   105   392   285  3.2406  0.9608
   102   392   286  3.2375  0.9620
   108   397   289  3.2366  0.9692
    98   392   282  3.2340  0.9507
   104   402   283  3.2293  0.9511
   106   402   281  3.2282  0.9459
   104   392   286  3.2264  0.9573
    98   392   285  3.2257  0.9545
   105   402   283  3.2257  0.9496
   108   395   286  3.2204  0.9548
   107   402   289  3.2159  0.9604
   101   392   286  3.2138  0.9520
   103   402   283  3.2090  0.9427
   107   392   281  3.2083  0.9376
   108   400   286  3.2075  0.9493
   108   400   289  3.2018  0.9544
   107   402   287  3.1980  0.9478
    98   401   286  3.1961  0.9445
   105   392   286  3.1917  0.9427
   104   392   288  3.1910  0.9473
   106   402   283  3.1900  0.9348
   108   401   283  3.1900  0.9348
   104   402   286  3.1867  0.9406
   108   401   281  3.1863  0.9286
   105   402   286  3.1834  0.9392
   108   396   289  3.1834  0.9466
   103   402   286  3.1797  0.9377
    98   394   286  3.1794  0.9376
   102   402   283  3.1737  0.9280
   108   393   281  3.1702  0.9219
   102   402   286  3.1695  0.9334
   106   393   289  3.1685  0.9403
   105   402   288  3.1676  0.9375
   100   392   286  3.1659  0.9319
   106   402   285  3.1623  0.9280
   106   402   286  3.1609  0.9298
   107   394   289  3.1606  0.9370
   101   402   286  3.1603  0.9296
    98   392   283  3.1568  0.9210
   100   402   286  3.1528  0.9265
   106   402   282  3.1527  0.9171
    99   402   286  3.1447  0.9231
    98   401   283  3.1428  0.9153
   105   392   282  3.1402  0.9119
   107   402   281  3.1396  0.9094
   108   394   286  3.1385  0.9205
   106   392   286  3.1329  0.9182
   101   402   283  3.1314  0.9106
    98   402   286  3.1313  0.9176
   105   392   289  3.1284  0.9235
   108   401   286  3.1251  0.9150
   108   401   289  3.1246  0.9219
   107   402   283  3.1165  0.9045
   107   402   286  3.1103  0.9089
   108   395   289  3.1034  0.9131
   106   392   285  3.0914  0.8988
    98   393   286  3.0908  0.9009
    99   392   286  3.0902  0.9006
   100   402   283  3.0889  0.8933
   108   402   287  3.0775  0.8977
   108   399   282  3.0563  0.8779
    99   402   283  3.0522  0.8784
   108   398   282  3.0479  0.8745
   108   398   285  3.0479  0.8811
   107   392   286  3.0458  0.8825
   108   399   285  3.0454  0.8801
   108   393   286  3.0390  0.8798
   105   392   288  3.0372  0.8835
   108   400   282  3.0331  0.8686
   107   402   285  3.0312  0.8744
   106   402   288  3.0288  0.8801
   108   397   285  3.0280  0.8731
   107   402   282  3.0278  0.8665
   107   393   289  3.0263  0.8813
    98   402   283  3.0262  0.8680
   108   402   286  3.0253  0.8742
   108   392   281  3.0193  0.8609
   108   400   285  3.0172  0.8687
   108   397   282  3.0140  0.8610
   108   402   281  3.0135  0.8587
   106   392   289  3.0049  0.8726
   108   402   283  3.0036  0.8590
   108   394   289  3.0016  0.8713
    97   398   287  4.0601  1.3469
    97   397   287  4.0554  1.3444
    97   399   287  4.0320  1.3326
    97   396   287  4.0162  1.3247
    97   400   287  3.9745  1.3038
    97   395   287  3.9440  1.2887
    97   399   284  3.9110  1.2619
    97   397   288  3.9088  1.2749
    97   400   284  3.9086  1.2607
    97   398   288  3.9021  1.2716
    97   401   287  3.8923  1.2632
    97   396   288  3.8737  1.2577
    97   398   284  3.8715  1.2427
    97   401   284  3.8629  1.2386
    97   399   288  3.8532  1.2477
    97   394   287  3.8428  1.2391
    97   399   289  3.8033  1.2269
    97   398   289  3.8003  1.2255
    97   395   288  3.7996  1.2217
    97   397   284  3.7959  1.2066
    97   402   287  3.7899  1.2137
    97   402   284  3.7772  1.1977
    97   400   289  3.7730  1.2124
    97   397   289  3.7652  1.2086
    97   400   288  3.7649  1.2051
   100   403   284  3.7459  1.1830
   101   403   284  3.7408  1.1806
    99   403   284  3.7336  1.1772
   101   391   287  3.7245  1.1826
   102   403   284  3.7197  1.1707
   102   391   287  3.7182  1.1797
    97   393   287  3.7181  1.1796
    97   401   289  3.7099  1.1823
    98   403   284  3.7039  1.1634
   100   391   287  3.7007  1.1714
    97   396   289  3.7001  1.1776
    97   396   284  3.6925  1.1581
    97   394   288  3.6906  1.1699
   103   391   287  3.6862  1.1646
    97   400   285  3.6861  1.1582
   104   391   284  3.6856  1.1549
   103   403   284  3.6839  1.1541
    97   399   285  3.6808  1.1558
   103   391   284  3.6738  1.1494
    97   403   287  3.6711  1.1575
    97   403   284  3.6585  1.1424
    97   401   285  3.6583  1.1453
   105   391   284  3.6545  1.1405
    97   398   285  3.6472  1.1402
    97   401   288  3.6435  1.1479
    99   391   287  3.6423  1.1442
    98   403   287  3.6378  1.1421
   104   403   284  3.6341  1.1312
   104   391   287  3.6306  1.1388
   102   391   284  3.6244  1.1267
    97   399   282  3.6208  1.1191
   100   403   289  3.6185  1.1394
    97   402   289  3.6163  1.1384
   101   403   289  3.6161  1.1383
    97   395   289  3.6077  1.1344
    97   398   282  3.6024  1.1108
    97   400   282  3.6018  1.1105
    99   403   289  3.6004  1.1310
    97   397   281  3.5967  1.1053
    97   402   285  3.5954  1.1165
   102   403   289  3.5932  1.1277
    99   403   287  3.5930  1.1214
    97   396   281  3.5921  1.1033
    97   397   285  3.5918  1.1148
   106   391   284  3.5759  1.1047
    97   392   287  3.5752  1.1133
    97   398   281  3.5742  1.0953
    97   395   284  3.5695  1.1018
   105   403   284  3.5685  1.1013
    98   403   289  3.5603  1.1125
    97   395   281  3.5591  1.0885
    97   397   282  3.5525  1.0884
    97   393   288  3.5518  1.1056
   105   391   287  3.5517  1.1026
   103   403   289  3.5479  1.1069
    98   391   287  3.5472  1.1005
    97   401   282  3.5452  1.0851
   101   391   284  3.5419  1.0894
   100   403   287  3.5394  1.0970
    97   399   281  3.5265  1.0740
    97   396   285  3.5206  1.0827
   109   397   284  3.5030  1.0719
   102   391   281  3.5016  1.0630
    97   403   285  3.4997  1.0733
   101   391   281  3.4989  1.0618
    97   402   288  3.4978  1.0811
    97   403   289  3.4969  1.0837
    97   394   281  3.4968  1.0609
   109   398   284  3.4954  1.0686
    97   394   289  3.4904  1.0807
    98   403   285  3.4852  1.0668
   109   396   284  3.4850  1.0640
   106   403   284  3.4825  1.0629
    97   396   282  3.4800  1.0562
   101   403   287  3.4788  1.0697
   104   403   289  3.4771  1.0747
   103   391   281  3.4710  1.0495
    99   403   285  3.4638  1.0574
   109   399   284  3.4616  1.0536
   102   399   290  3.4608  1.0703
   100   391   281  3.4607  1.0450
    97   400   281  3.4559  1.0429
    97   402   282  3.4556  1.0455
   109   397   287  3.4516  1.0576
   103   399   290  3.4515  1.0661
   106   391   287  3.4480  1.0560
   102   398   290  3.4479  1.0645
   107   391   284  3.4475  1.0474
   103   398   290  3.4470  1.0641
   101   399   290  3.4455  1.0634
   109   396   287  3.4428  1.0536
   109   395   284  3.4420  1.0450
    97   395   285  3.4378  1.0458
   100   403   285  3.4358  1.0450
   102   400   290  3.4332  1.0579
    97   394   284  3.4330  1.0410
   100   391   284  3.4301  1.0397
   101   400   290  3.4253  1.0544
   101   398   290  3.4248  1.0542
   109   398   287  3.4224  1.0446
   109   396   283  3.4210  1.0331
   104   398   290  3.4178  1.0511
   109   397   283  3.4176  1.0316
    97   391   287  3.4173  1.0424
   103   400   290  3.4166  1.0505
   104   399   290  3.4145  1.0495
   102   403   287  3.4124  1.0402
   104   391   283  3.4104  1.0285
   104   391   281  3.4086  1.0224
   100   399   290  3.4078  1.0466
    97   393   281  3.4047  1.0207
   103   391   283  3.4026  1.0250
   103   397   290  3.4013  1.0437
   109   400   284  3.4009  1.0270
   101   403   285  3.4000  1.0293
   109   395   287  3.3996  1.0346
    97   395   282  3.3946  1.0190
   100   400   290  3.3944  1.0406
   102   397   290  3.3943  1.0406
   105   391   283  3.3915  1.0202
    97   392   288  3.3887  1.0325
   109   395   283  3.3874  1.0185
    99   391   281  3.3856  1.0125
    99   403   288  3.3829  1.0300
   104   397   290  3.3804  1.0344
   100   398   290  3.3803  1.0344
   105   403   289  3.3771  1.0302
   109   394   284  3.3749  1.0157
   109   398   283  3.3738  1.0126
    98   403   288  3.3730  1.0256
   104   400   290  3.3729  1.0311
   102   391   283  3.3707  1.0113
   107   403   284  3.3705  1.0138
   100   403   288  3.3693  1.0240
   102   401   290  3.3684  1.0291
   101   401   290  3.3663  1.0282
    97   401   281  3.3660  1.0041
   101   397   290  3.3641  1.0272
   105   398   290  3.3570  1.0241
   102   403   285  3.3545  1.0095
    99   403   282  3.3544  1.0016
   109   399   287  3.3538  1.0145
    98   403   282  3.3536  1.0013
    97   393   289  3.3509  1.0187
    99   399   290  3.3484  1.0203
   105   399   290  3.3466  1.0195
   103   401   290  3.3464  1.0194
    97   394   285  3.3445  1.0052
   100   403   282  3.3438  0.9971
   106   391   283  3.3422  0.9990
    97   403   282  3.3415  0.9961
   100   401   290  3.3413  1.0172
    99   400   290  3.3411  1.0171
   103   403   287  3.3406  1.0088
    97   403   288  3.3374  1.0101
   101   403   288  3.3354  1.0092
   100   391   288  3.3335  1.0084
    99   391   288  3.3305  1.0071
   105   397   290  3.3277  1.0112
   109   394   287  3.3276  1.0031
   109   394   283  3.3228  0.9907
    97   397   283  3.3216  0.9902
   101   403   282  3.3215  0.9876
   107   391   287  3.3190  0.9994
   103   396   290  3.3167  1.0064
   101   391   283  3.3166  0.9880
    99   398   290  3.3154  1.0059
   105   391   281  3.3147  0.9822
   100   397   290  3.3140  1.0053
   109   401   284  3.3122  0.9887
    97   396   283  3.3105  0.9854
    97   398   283  3.3048  0.9830
    97   394   282  3.3040  0.9802
   104   396   290  3.3035  1.0007
   102   396   290  3.3032  1.0006
   105   400   290  3.2998  0.9991
   101   391   288  3.2984  0.9932
   104   401   290  3.2982  0.9984
   103   403   285  3.2976  0.9850
   102   391   285  3.2950  0.9839
    99   401   290  3.2940  0.9966
    99   391   284  3.2925  0.9803
   109   399   283  3.2901  0.9768
    98   391   288  3.2880  0.9887
   102   403   282  3.2874  0.9732
    97   393   284  3.2859  0.9775
   109   393   284  3.2859  0.9775
   102   403   288  3.2833  0.9866
    97   392   281  3.2830  0.9688
   101   391   285  3.2824  0.9785
   109   397   281  3.2778  0.9666
   101   391   282  3.2770  0.9688
    98   391   281  3.2747  0.9653
   101   402   290  3.2730  0.9875
   103   391   285  3.2730  0.9745
    97   395   283  3.2728  0.9695
   108   391   284  3.2721  0.9716
   102   402   290  3.2715  0.9868
   109   398   281  3.2708  0.9637
   101   396   290  3.2679  0.9853
    98   399   290  3.2667  0.9848
    98   400   290  3.2651  0.9840
   104   403   287  3.2636  0.9756
   106   398   290  3.2633  0.9833
    97   399   283  3.2613  0.9646
    97   402   281  3.2612  0.9597
   100   391   282  3.2607  0.9619
   107   391   283  3.2605  0.9643
   102   391   282  3.2602  0.9617
   105   396   290  3.2593  0.9815
   100   402   290  3.2525  0.9786
   106   399   290  3.2472  0.9763
   109   400   287  3.2471  0.9686
   103   402   290  3.2466  0.9761
   106   403   289  3.2457  0.9731
    99   397   290  3.2453  0.9755
   109   396   281  3.2442  0.9526
   106   397   290  3.2416  0.9739
   100   391   283  3.2407  0.9560
   103   403   282  3.2406  0.9535
   100   391   285  3.2403  0.9607
   100   391   289  3.2401  0.9707
    97   393   285  3.2401  0.9606
   101   391   289  3.2377  0.9697
   109   393   283  3.2344  0.9533
   109   393   287  3.2329  0.9626
    98   398   290  3.2296  0.9688
   102   391   288  3.2288  0.9633
   104   403   285  3.2274  0.9552
   108   403   284  3.2272  0.9527
    98   401   290  3.2246  0.9667
   105   401   290  3.2222  0.9656
   109   399   281  3.2222  0.9434
    97   398   286  3.2161  0.9530
   100   396   290  3.2144  0.9623
   103   403   288  3.2137  0.9569
   104   391   285  3.2121  0.9488
    97   393   282  3.2118  0.9415
    97   394   283  3.2113  0.9436
    99   402   290  3.2109  0.9608
   103   391   282  3.2108  0.9411
    99   391   282  3.2108  0.9410
    97   399   286  3.2107  0.9507
    97   391   288  3.2070  0.9541
    99   391   289  3.2033  0.9550
    97   397   286  3.2024  0.9472
   103   395   290  3.1993  0.9559
   102   391   289  3.1991  0.9533
   106   400   290  3.1968  0.9548
   104   402   290  3.1968  0.9548
   109   402   284  3.1953  0.9394
    97   400   283  3.1947  0.9368
    97   392   289  3.1927  0.9506
   104   395   290  3.1924  0.9529
   106   391   281  3.1897  0.9300
    97   400   286  3.1886  0.9414
   106   396   290  3.1825  0.9487
   102   395   290  3.1816  0.9484
   105   403   287  3.1808  0.9406
   104   403   282  3.1797  0.9282
   109   392   284  3.1788  0.9325
    99   391   285  3.1742  0.9330
   109   395   281  3.1739  0.9235
   109   400   283  3.1705  0.9267
    97   396   286  3.1686  0.9330
   108   391   287  3.1666  0.9346
    97   400   290  3.1662  0.9418
    97   399   290  3.1622  0.9401
    98   397   290  3.1574  0.9381
   105   395   290  3.1567  0.9378
   109   398   286  3.1557  0.9277
   109   397   286  3.1536  0.9268
    97   401   286  3.1533  0.9267
   101   403   290  3.1515  0.9356
    98   402   290  3.1488  0.9345
   102   403   290  3.1482  0.9343
   108   391   283  3.1476  0.9173
    97   403   281  3.1462  0.9121
    99   396   290  3.1443  0.9326
    99   391   283  3.1441  0.9158
   101   395   290  3.1440  0.9325
   105   403   285  3.1414  0.9193
   107   398   290  3.1392  0.9304
    98   403   281  3.1382  0.9089
   100   403   290  3.1343  0.9284
    98   391   284  3.1343  0.9141
    97   401   290  3.1335  0.9281
    97   391   281  3.1332  0.9068
   109   400   281  3.1332  0.9068
   103   391   289  3.1309  0.9246
   104   391   282  3.1298  0.9077
   103   391   288  3.1294  0.9215
    97   392   284  3.1289  0.9119
    99   403   281  3.1288  0.9050
    98   391   282  3.1288  0.9073
   109   392   283  3.1285  0.9094
    98   391   289  3.1284  0.9235
   109   399   286  3.1283  0.9163
    97   393   283  3.1282  0.9093
   104   403   288  3.1260  0.9201
   107   397   290  3.1247  0.9244
   103   403   290  3.1231  0.9237
    97   392   285  3.1230  0.9118
    97   398   290  3.1219  0.9232
   109   396   286  3.1215  0.9135
   109   392   287  3.1213  0.9158
   105   402   290  3.1207  0.9227
   100   403   281  3.1200  0.9015
   107   399   290  3.1187  0.9219
   106   401   290  3.1182  0.9217
    97   392   282  3.1179  0.9028
    97   395   286  3.1153  0.9109
   101   403   281  3.1134  0.8988
   103   391   286  3.1109  0.9091
    97   401   283  3.1106  0.9021
   105   391   285  3.1100  0.9064
   102   403   281  3.1086  0.8968
    97   402   286  3.1082  0.9080
   102   391   286  3.1077  0.9078
   109   401   287  3.1059  0.9094
   103   403   281  3.1026  0.8944
   105   403   282  3.1025  0.8966
    99   403   290  3.0981  0.9133
   104   391   286  3.0961  0.9030
   106   395   290  3.0905  0.9101
   106   403   287  3.0905  0.9030
   100   395   290  3.0902  0.9100
   104   403   281  3.0898  0.8892
    98   391   285  3.0894  0.8980
   101   391   286  3.0849  0.8984
   107   403   289  3.0833  0.9048
   107   396   290  3.0756  0.9039
   104   403   290  3.0746  0.9035
   109   400   286  3.0744  0.8941
   104   403   286  3.0732  0.8937
   109   394   281  3.0730  0.8825
   105   403   286  3.0684  0.8917
   103   403   286  3.0679  0.8915
    97   402   290  3.0672  0.9005
   107   400   290  3.0665  0.9002
   109   395   286  3.0624  0.8892
   105   403   281  3.0623  0.8781
   105   391   286  3.0620  0.8891
    98   403   286  3.0607  0.8885
   102   403   286  3.0602  0.8884
    99   403   286  3.0590  0.8879
   103   394   290  3.0589  0.8970
   109   391   284  3.0588  0.8833
    98   396   290  3.0569  0.8962
   104   394   290  3.0565  0.8960
   100   403   286  3.0557  0.8865
   101   403   286  3.0555  0.8865
    97   403   286  3.0552  0.8863
   109   398   289  3.0514  0.8916
   109   403   284  3.0513  0.8803
    97   397   290  3.0491  0.8930
   106   403   286  3.0448  0.8821
    97   394   286  3.0440  0.8818
    98   403   290  3.0438  0.8908
   104   391   289  3.0416  0.8876
   102   394   290  3.0396  0.8891
   100   391   286  3.0388  0.8797
   109   397   289  3.0381  0.8862
   106   403   285  3.0365  0.8765
   107   391   281  3.0357  0.8675
   109   399   289  3.0337  0.8844
    98   391   283  3.0291  0.8691
   105   394   290  3.0286  0.8846
    97   392   283  3.0247  0.8674
   109   401   283  3.0225  0.8665
    99   395   290  3.0214  0.8816
    97   391   289  3.0206  0.8790
   108   402   289  3.0200  0.8788
    97   391   282  3.0193  0.8631
   105   403   288  3.0192  0.8762
   106   402   290  3.0181  0.8803
   105   391   282  3.0181  0.8626
   104   403   283  3.0170  0.8643
    97   402   283  3.0148  0.8634
   106   403   281  3.0121  0.8581
   109   391   283  3.0096  0.8613
   105   403   283  3.0080  0.8607
   109   401   281  3.0077  0.8563
   103   403   283  3.0067  0.8602
   106   403   282  3.0067  0.8580
   104   391   288  3.0064  0.8710
   106   391   286  3.0053  0.8661
   101   394   290  3.0028  0.8740
   105   403   290  3.0011  0.8734
    96   398   287  3.9651  1.2991
    96   399   287  3.9642  1.2987
    96   397   287  3.9350  1.2842
    96   400   287  3.9335  1.2835
    96   401   287  3.8753  1.2550
    96   396   287  3.8745  1.2546
    96   402   287  3.7930  1.2151
    96   395   287  3.7868  1.2122
    96   400   284  3.7707  1.1947
    96   398   288  3.7534  1.1996
    96   401   284  3.7516  1.1857
    96   397   288  3.7494  1.1977
    96   399   284  3.7488  1.1844
    96   399   288  3.7198  1.1836
    96   396   288  3.7091  1.1786
    96   402   284  3.6930  1.1583
    96   403   287  3.6896  1.1662
    96   398   284  3.6892  1.1566
    96   394   287  3.6767  1.1602
    96   400   288  3.6497  1.1508
    96   399   289  3.6459  1.1522
    96   400   285  3.6388  1.1364
    96   395   288  3.6359  1.1443
    96   400   289  3.6327  1.1460
    96   401   285  3.6289  1.1318
    96   398   289  3.6284  1.1440
    96   399   285  3.6160  1.1259
    96   403   284  3.6004  1.1158
    96   397   284  3.5991  1.1152
    96   401   289  3.5876  1.1251
    96   402   285  3.5838  1.1112
    96   397   289  3.5829  1.1229
    96   404   287  3.5684  1.1102
    96   398   285  3.5664  1.1033
    99   404   284  3.5539  1.0947
   100   404   284  3.5538  1.0947
    96   393   287  3.5496  1.1016
    96   401   288  3.5476  1.1037
    98   404   284  3.5405  1.0887
   101   404   284  3.5396  1.0883
    97   404   287  3.5388  1.0967
    96   394   288  3.5335  1.0973
   101   390   287  3.5284  1.0920
   102   390   287  3.5218  1.0890
    97   404   284  3.5157  1.0776
    96   400   282  3.5137  1.0711
    96   399   282  3.5130  1.0708
    96   396   289  3.5126  1.0908
    96   402   289  3.5122  1.0906
   102   404   284  3.5121  1.0760
   100   390   287  3.5069  1.0823
    96   403   285  3.5049  1.0756
    96   397   285  3.4972  1.0722
    98   404   287  3.4945  1.0767
   103   390   287  3.4908  1.0751
    96   396   284  3.4875  1.0651
   104   390   284  3.4837  1.0634
    96   404   284  3.4820  1.0626
    96   401   282  3.4787  1.0556
    96   398   282  3.4785  1.0556
   103   404   284  3.4726  1.0584
   103   390   284  3.4691  1.0569
   105   390   284  3.4588  1.0524
    99   390   287  3.4532  1.0583
   100   404   289  3.4475  1.0615
   101   404   289  3.4411  1.0586
    99   404   287  3.4389  1.0519
   104   390   287  3.4378  1.0514
    99   404   289  3.4365  1.0565
    96   398   281  3.4246  1.0293
    96   397   281  3.4241  1.0291
   104   404   284  3.4216  1.0360
    96   395   289  3.4207  1.0495
    96   402   288  3.4203  1.0465
   102   390   284  3.4195  1.0351
   102   404   289  3.4169  1.0478
    96   397   282  3.4166  1.0285
    96   396   285  3.4153  1.0360
    96   402   282  3.4114  1.0262
    96   403   289  3.4104  1.0449
    96   392   287  3.4099  1.0391
    98   404   289  3.4068  1.0433
    96   393   288  3.4060  1.0401
    96   399   281  3.4054  1.0210
    96   396   281  3.4037  1.0203
    96   404   285  3.3970  1.0280
   106   390   284  3.3907  1.0225
    97   404   285  3.3761  1.0189
   100   404   287  3.3749  1.0238
   103   404   289  3.3729  1.0283
    96   400   281  3.3668  1.0044
    98   390   287  3.3654  1.0196
   105   390   287  3.3634  1.0187
    96   395   281  3.3626  1.0026
    96   395   284  3.3623  1.0102
   105   404   284  3.3577  1.0083
    97   404   289  3.3573  1.0215
    98   404   285  3.3490  1.0071
   101   390   284  3.3388  1.0001
    96   396   282  3.3366  0.9941
    96   395   285  3.3251  0.9968
    96   403   282  3.3188  0.9865
    99   404   285  3.3184  0.9939
    96   401   281  3.3100  0.9802
    96   394   289  3.3097  1.0007
   104   404   289  3.3054  0.9989
   101   404   287  3.3044  0.9931
    96   394   281  3.2998  0.9759
   102   390   281  3.2926  0.9729
   101   390   281  3.2892  0.9714
    96   404   289  3.2881  0.9913
   100   404   285  3.2845  0.9794
   107   390   284  3.2775  0.9739
   106   404   284  3.2769  0.9737
    96   403   288  3.2762  0.9836
   106   390   287  3.2671  0.9771
   103   390   281  3.2646  0.9611
    96   391   287  3.2601  0.9741
    96   392   288  3.2573  0.9755
   100   390   281  3.2533  0.9564
    96   395   282  3.2481  0.9566
   101   404   285  3.2455  0.9629
    97   390   287  3.2454  0.9679
    96   402   281  3.2371  0.9496
   104   390   283  3.2352  0.9536
   100   390   284  3.2306  0.9541
   103   390   283  3.2295  0.9512
    96   394   284  3.2287  0.9533
    96   394   285  3.2284  0.9557
   102   404   287  3.2281  0.9605
   110   397   287  3.2209  0.9575
    96   398   283  3.2183  0.9466
   105   390   283  3.2166  0.9459
    96   397   283  3.2154  0.9453
    96   393   281  3.2140  0.9400
    97   404   282  3.2127  0.9419
   105   404   289  3.2108  0.9582
    96   404   282  3.2095  0.9405
   110   396   287  3.2085  0.9522
    98   404   282  3.2084  0.9401
   110   398   284  3.2063  0.9440
   104   390   281  3.2062  0.9368
   110   397   284  3.2058  0.9438
   102   390   283  3.2014  0.9395
   110   398   287  3.2004  0.9488
    99   404   288  3.1998  0.9511
   102   404   285  3.1988  0.9433
    96   399   283  3.1981  0.9382
    99   404   282  3.1967  0.9352
    98   404   288  3.1960  0.9494
    96   396   283  3.1896  0.9346
   110   399   284  3.1849  0.9350
   110   396   284  3.1847  0.9350
    99   390   281  3.1844  0.9278
   100   404   288  3.1838  0.9443
    96   393   289  3.1821  0.9461
   110   396   283  3.1813  0.9312
   100   404   282  3.1772  0.9271
   107   404   284  3.1737  0.9304
   110   397   283  3.1736  0.9280
   106   390   283  3.1715  0.9271
    97   404   288  3.1703  0.9386
   110   395   287  3.1672  0.9349
   110   395   283  3.1582  0.9216
    96   394   282  3.1580  0.9192
    96   400   283  3.1562  0.9208
   101   390   283  3.1518  0.9190
    96   403   281  3.1514  0.9143
   101   404   288  3.1506  0.9303
   101   404   282  3.1495  0.9157
   107   390   287  3.1495  0.9275
   103   404   287  3.1468  0.9263
   110   399   287  3.1446  0.9254
   101   390   282  3.1445  0.9137
   110   395   284  3.1440  0.9181
    96   395   283  3.1424  0.9151
   103   404   285  3.1420  0.9196
   110   400   284  3.1398  0.9164
   100   390   282  3.1327  0.9089
   110   398   283  3.1326  0.9111
   102   390   285  3.1318  0.9154
    96   393   285  3.1244  0.9124
   102   390   282  3.1243  0.9054
    96   404   288  3.1229  0.9188
   108   390   284  3.1218  0.9090
   101   390   285  3.1192  0.9102
   105   390   281  3.1176  0.9005
    99   390   288  3.1132  0.9148
   102   404   282  3.1125  0.9006
   100   390   288  3.1117  0.9142
   103   390   285  3.1116  0.9071
   110   394   283  3.1091  0.9015
    96   399   286  3.1090  0.9083
    96   400   286  3.1086  0.9082
    96   392   281  3.1044  0.8951
   110   394   287  3.1025  0.9080
   102   404   288  3.1020  0.9102
    96   390   287  3.1000  0.9070
    99   390   284  3.0989  0.8996
   107   390   283  3.0988  0.8973
    96   401   286  3.0957  0.9029
    96   401   283  3.0955  0.8960
    96   398   286  3.0951  0.9026
    96   391   288  3.0919  0.9060
    99   390   282  3.0886  0.8909
    96   393   284  3.0885  0.8954
   106   404   289  3.0863  0.9060
   110   394   284  3.0849  0.8939
    98   390   281  3.0843  0.8870
   100   390   283  3.0809  0.8900
    98   390   288  3.0800  0.9011
   100   390   285  3.0786  0.8936
   101   390   288  3.0772  0.8999
    96   394   283  3.0758  0.8880
   103   390   282  3.0733  0.8848
   104   404   285  3.0725  0.8911
    96   402   286  3.0719  0.8931
    96   393   282  3.0693  0.8831
   110   401   284  3.0691  0.8875
    96   397   286  3.0659  0.8907
   103   404   282  3.0648  0.8813
   104   404   287  3.0609  0.8909
   110   399   283  3.0583  0.8809
    96   404   281  3.0567  0.8759
   104   390   285  3.0546  0.8838
   110   400   287  3.0532  0.8878
    96   400   290  3.0452  0.8914
   108   404   284  3.0431  0.8769
    96   392   289  3.0404  0.8871
   110   393   283  3.0395  0.8733
   103   404   288  3.0384  0.8840
    96   403   286  3.0377  0.8792
    96   399   290  3.0352  0.8873
    97   404   281  3.0255  0.8634
    96   401   290  3.0218  0.8818
   110   397   281  3.0214  0.8618
    96   396   286  3.0213  0.8726
   110   398   281  3.0207  0.8615
    96   402   283  3.0201  0.8655
   110   393   287  3.0200  0.8743
    99   390   285  3.0156  0.8681
   100   390   289  3.0143  0.8765
    98   390   282  3.0136  0.8608
   102   390   288  3.0131  0.8737
   108   390   287  3.0130  0.8715
    97   390   288  3.0126  0.8735
    96   392   285  3.0113  0.8664
   110   393   284  3.0094  0.8634
   101   404   290  3.0082  0.8762
   101   390   289  3.0079  0.8738
   104   404   282  3.0047  0.8573
   102   404   290  3.0045  0.8747
    95   399   287  3.8796  1.2570
    95   400   287  3.8756  1.2551
    95   398   287  3.8532  1.2442
    95   401   287  3.8415  1.2385
    95   397   287  3.7975  1.2173
    95   402   287  3.7789  1.2084
    95   396   287  3.7157  1.1785
    95   403   287  3.6905  1.1666
    95   401   284  3.6278  1.1283
    95   400   284  3.6197  1.1246
    95   395   287  3.6125  1.1304
    95   402   284  3.5978  1.1146
    95   401   285  3.5828  1.1108
    95   404   287  3.5799  1.1154
    95   399   284  3.5741  1.1039
    95   400   285  3.5741  1.1068
    95   398   288  3.5704  1.1141
    95   402   285  3.5568  1.0990
    95   397   288  3.5553  1.1072
    95   399   288  3.5533  1.1063
    95   399   285  3.5341  1.0887
    95   403   284  3.5335  1.0856
    95   396   288  3.5104  1.0868
    95   400   288  3.5035  1.0837
    95   403   285  3.4966  1.0719
    95   398   284  3.4961  1.0689
    95   394   287  3.4936  1.0763
    95   398   285  3.4696  1.0599
    95   400   289  3.4672  1.0703
    95   399   289  3.4633  1.0685
    95   405   287  3.4512  1.0574
    95   404   284  3.4422  1.0450
    95   401   289  3.4414  1.0587
    95   395   288  3.4391  1.0548
    96   405   287  3.4326  1.0491
    95   398   289  3.4321  1.0546
    95   401   288  3.4232  1.0478
    95   400   282  3.4087  1.0251
    95   404   285  3.4064  1.0321
    95   401   282  3.3977  1.0203
    97   405   287  3.3953  1.0327
    95   397   284  3.3940  1.0240
    95   397   285  3.3886  1.0243
    95   399   282  3.3869  1.0156
    95   402   289  3.3859  1.0341
    95   397   289  3.3775  1.0304
    95   393   287  3.3643  1.0191
    98   405   284  3.3635  1.0108
    99   405   284  3.3621  1.0101
    97   405   284  3.3575  1.0082
    95   402   282  3.3553  1.0020
   100   405   284  3.3509  1.0053
    96   405   284  3.3466  1.0034
    95   394   288  3.3447  1.0132
    98   405   287  3.3429  1.0098
    95   398   282  3.3357  0.9936
    95   405   284  3.3321  0.9973
   101   405   284  3.3287  0.9958
    95   402   288  3.3174  1.0014
   101   389   287  3.3119  0.9964
   102   389   287  3.3049  0.9933
    95   403   289  3.3042  0.9983
    95   396   289  3.3038  0.9981
    95   396   285  3.2983  0.9853
   102   405   284  3.2955  0.9816
   100   389   287  3.2932  0.9883
    95   405   285  3.2925  0.9829
    95   403   282  3.2866  0.9728
    99   405   287  3.2792  0.9823
    95   396   284  3.2773  0.9738
    95   399   281  3.2758  0.9658
   103   389   287  3.2755  0.9807
   104   389   284  3.2742  0.9725
    95   400   281  3.2708  0.9637
    96   405   285  3.2668  0.9719
    95   398   281  3.2652  0.9614
    95   397   282  3.2624  0.9626
   100   405   289  3.2617  0.9800
    99   405   289  3.2582  0.9785
   103   389   284  3.2565  0.9651
   105   389   284  3.2561  0.9649
   103   405   284  3.2523  0.9633
   101   405   289  3.2506  0.9752
    95   401   281  3.2487  0.9544
    99   389   287  3.2454  0.9679
    95   397   281  3.2408  0.9512
    98   405   289  3.2393  0.9704
    97   405   285  3.2316  0.9570
    95   393   288  3.2299  0.9638
    95   392   287  3.2286  0.9607
   104   389   287  3.2261  0.9597
   102   405   289  3.2244  0.9640
    95   395   289  3.2144  0.9597
    95   402   281  3.2092  0.9380
   100   405   287  3.2070  0.9516
   102   389   284  3.2067  0.9441
    95   396   281  3.2039  0.9358
    97   405   289  3.2037  0.9552
    95   395   285  3.2035  0.9452
    95   404   289  3.2015  0.9543
   104   405   284  3.1995  0.9411
   106   389   284  3.1994  0.9411
    95   404   282  3.1986  0.9360
    95   403   288  3.1928  0.9481
    98   405   285  3.1925  0.9406
   103   405   289  3.1809  0.9456
    95   396   282  3.1764  0.9268
    98   389   287  3.1667  0.9347
   105   389   287  3.1579  0.9310
    95   395   281  3.1546  0.9155
    95   403   281  3.1541  0.9153
    95   399   283  3.1534  0.9197
    95   395   284  3.1532  0.9219
    99   405   285  3.1528  0.9241
    96   405   289  3.1514  0.9331
    95   398   283  3.1493  0.9180
    95   400   283  3.1363  0.9126
   105   405   284  3.1361  0.9148
   101   389   284  3.1281  0.9116
   101   405   287  3.1281  0.9186
    95   397   283  3.1249  0.9079
   104   405   289  3.1166  0.9186
   100   405   285  3.1126  0.9075
    95   394   289  3.1116  0.9165
    95   394   285  3.1058  0.9047
   107   389   284  3.1026  0.9011
    95   401   283  3.0984  0.8972
    95   405   282  3.0983  0.8949
    95   392   288  3.0974  0.9082
    95   394   281  3.0915  0.8899
    96   405   282  3.0913  0.8920
    95   391   287  3.0875  0.9018
    95   395   282  3.0867  0.8902
    95   404   281  3.0861  0.8877
    95   405   289  3.0840  0.9051
    95   396   283  3.0821  0.8905
    97   405   282  3.0779  0.8866
   106   389   287  3.0714  0.8952
   101   405   285  3.0698  0.8900
   102   389   281  3.0672  0.8801
   101   389   281  3.0609  0.8776
    98   405   282  3.0592  0.8790
    97   389   287  3.0589  0.8901
   106   405   284  3.0585  0.8832
    95   404   288  3.0568  0.8915
   104   389   283  3.0460  0.8759
   103   389   281  3.0446  0.8711
   102   405   287  3.0433  0.8838
    95   402   283  3.0420  0.8743
   103   389   283  3.0405  0.8737
    99   405   282  3.0358  0.8697
   105   389   283  3.0294  0.8693
   105   405   289  3.0274  0.8818
   100   389   281  3.0256  0.8635
    95   394   284  3.0256  0.8699
    95   401   286  3.0243  0.8738
   100   389   284  3.0240  0.8693
    95   395   283  3.0228  0.8666
    95   402   286  3.0214  0.8726
   102   405   285  3.0213  0.8703
    98   405   288  3.0194  0.8763
    99   405   288  3.0184  0.8758
    95   400   286  3.0152  0.8701
   102   389   283  3.0141  0.8631
    95   393   281  3.0126  0.8583
    95   405   281  3.0088  0.8568
   100   405   282  3.0076  0.8584
    95   403   286  3.0055  0.8662
    95   393   285  3.0045  0.8636
    97   405   288  3.0020  0.8692
   100   405   288  3.0003  0.8685
    94   400   287  3.8035  1.2202
    94   401   287  3.7915  1.2144
    94   399   287  3.7829  1.2103
    94   402   287  3.7470  1.1933
    94   398   287  3.7313  1.1858
    94   403   287  3.6723  1.1581
    94   397   287  3.6523  1.1488
    94   404   287  3.5712  1.1115
    94   396   287  3.5510  1.1023
    94   401   285  3.5189  1.0819
    94   402   285  3.5115  1.0786
    94   401   284  3.4992  1.0703
    94   402   284  3.4970  1.0693
    94   400   285  3.4929  1.0703
    94   403   285  3.4701  1.0602
    94   400   284  3.4657  1.0554
    94   403   284  3.4613  1.0535
    94   405   287  3.4488  1.0563
    94   399   285  3.4380  1.0459
    94   395   287  3.4339  1.0497
    94   399   284  3.3989  1.0261
    94   404   285  3.3983  1.0285
    94   404   284  3.3979  1.0257
    94   398   288  3.3667  1.0229
    94   399   288  3.3660  1.0226
    94   398   285  3.3614  1.0125
    94   397   288  3.3409  1.0116
    94   400   288  3.3369  1.0098
    94   405   284  3.3144  0.9896
    94   406   287  3.3106  0.9958
    95   406   287  3.3087  0.9950
    94   401   282  3.3079  0.9818
    94   394   287  3.3074  0.9944
    94   398   284  3.3057  0.9859
    94   405   285  3.3017  0.9868
    94   400   282  3.2947  0.9762
    94   396   288  3.2920  0.9904
    94   402   282  3.2908  0.9746
    94   400   289  3.2868  0.9908
    96   406   287  3.2853  0.9849
    94   401   289  3.2796  0.9877
    94   401   288  3.2794  0.9850
    94   397   285  3.2718  0.9740
    94   399   289  3.2670  0.9823
    94   399   282  3.2519  0.9582
    94   403   282  3.2463  0.9559
    94   402   289  3.2446  0.9726
    97   406   287  3.2426  0.9667
    94   398   289  3.2240  0.9638
    94   395   288  3.2234  0.9610
    94   406   284  3.2179  0.9488
    95   406   284  3.2112  0.9460
    96   406   284  3.2020  0.9422
    94   402   288  3.1966  0.9497
    94   397   284  3.1954  0.9394
    97   406   284  3.1918  0.9379
    94   401   281  3.1880  0.9293
    94   406   285  3.1864  0.9380
    94   398   282  3.1848  0.9303
    98   406   287  3.1846  0.9422
    94   403   289  3.1839  0.9468
    94   402   281  3.1808  0.9263
    98   406   284  3.1799  0.9330
    94   404   282  3.1799  0.9283
    94   393   287  3.1768  0.9389
    94   400   281  3.1768  0.9247
    94   396   285  3.1765  0.9339
    99   406   284  3.1646  0.9266
    94   397   289  3.1627  0.9379
    95   406   285  3.1612  0.9276
    94   403   281  3.1550  0.9157
    94   399   281  3.1495  0.9135
   100   406   284  3.1431  0.9177
    94   394   288  3.1376  0.9249
    94   400   283  3.1341  0.9117
    94   399   283  3.1279  0.9092
    96   406   285  3.1209  0.9109
    94   401   283  3.1171  0.9048
    99   406   287  3.1149  0.9131
   101   406   284  3.1135  0.9056
    94   404   281  3.1128  0.8985
    94   398   281  3.1102  0.8975
    94   404   289  3.1021  0.9126
    94   397   282  3.1016  0.8962
    94   398   283  3.1002  0.8979
    94   405   282  3.0977  0.8946
    94   403   288  3.0937  0.9067
    94   405   280  3.0899  0.8871
    94   404   280  3.0889  0.8867
    94   396   289  3.0878  0.9066
    94   395   285  3.0799  0.8941
    94   402   283  3.0775  0.8887
    94   396   284  3.0770  0.8907
   101   388   287  3.0767  0.8974
   102   406   284  3.0751  0.8899
    94   406   280  3.0748  0.8810
    97   406   285  3.0724  0.8911
    94   403   280  3.0722  0.8800
    99   406   289  3.0698  0.8992
   102   388   287  3.0698  0.8945
   100   406   289  3.0647  0.8971
   104   388   284  3.0642  0.8855
    94   397   281  3.0628  0.8783
    98   406   289  3.0623  0.8961
   100   388   287  3.0609  0.8909
    94   405   281  3.0574  0.8762
    94   397   283  3.0541  0.8792
   105   388   284  3.0535  0.8812
   101   406   289  3.0478  0.8901
    94   392   287  3.0453  0.8846
   103   388   287  3.0431  0.8837
   103   388   284  3.0430  0.8769
    97   406   289  3.0410  0.8874
    94   402   280  3.0387  0.8666
   100   406   287  3.0365  0.8810
    94   393   288  3.0360  0.8830
   103   406   284  3.0284  0.8710
    98   406   285  3.0220  0.8706
    99   388   287  3.0196  0.8741
   102   406   289  3.0186  0.8782
    94   403   283  3.0180  0.8647
    94   396   282  3.0117  0.8600
    94   396   281  3.0101  0.8573
   106   388   284  3.0086  0.8631
    96   406   289  3.0054  0.8729
    94   406   282  3.0050  0.8574
    94   405   289  3.0048  0.8726
    94   395   289  3.0027  0.8718
    93   401   287  3.7271  1.1838
    93   400   287  3.7203  1.1806
    93   402   287  3.6982  1.1702
    93   399   287  3.6787  1.1611
    93   403   287  3.6351  1.1408
    93   398   287  3.6059  1.1273
    93   404   287  3.5421  1.0982
    93   397   287  3.5074  1.0825
    93   402   285  3.4461  1.0495
    93   401   285  3.4376  1.0458
    93   405   287  3.4250  1.0458
    93   403   285  3.4220  1.0389
    93   400   285  3.3977  1.0283
    93   402   284  3.3951  1.0244
    93   396   287  3.3903  1.0305
    93   403   284  3.3860  1.0205
    93   401   284  3.3723  1.0146
    93   404   285  3.3679  1.0153
    93   404   284  3.3495  1.0047
    93   399   285  3.3316  0.9996
    93   400   284  3.3173  0.9909
    93   405   284  3.2919  0.9800
    93   406   287  3.2909  0.9873
    93   405   285  3.2887  0.9812
    93   395   287  3.2622  0.9750
    93   398   285  3.2473  0.9636
    93   399   284  3.2339  0.9555
    93   402   282  3.2219  0.9457
    93   406   284  3.2194  0.9494
    93   401   282  3.2154  0.9430
    93   403   282  3.2001  0.9366
    93   406   285  3.1903  0.9397
    93   400   282  3.1798  0.9282
    93   405   280  3.1725  0.9206
    93   399   288  3.1720  0.9393
    93   404   280  3.1644  0.9173
    93   406   280  3.1633  0.9169
    93   400   288  3.1624  0.9353
    94   407   287  3.1622  0.9328
    93   398   288  3.1573  0.9332
    95   407   287  3.1567  0.9305
    93   403   281  3.1551  0.9158
    93   402   281  3.1549  0.9157
    93   404   282  3.1540  0.9176
    93   397   285  3.1531  0.9242
    93   401   283  3.1463  0.9167
    93   407   287  3.1462  0.9261
    93   400   283  3.1450  0.9162
    93   403   280  3.1392  0.9070
    93   407   284  3.1365  0.9150
    93   404   281  3.1358  0.9079
    93   407   280  3.1355  0.9055
    93   401   281  3.1338  0.9070
    93   398   284  3.1302  0.9124
    93   394   287  3.1301  0.9194
    96   407   287  3.1296  0.9192
    93   401   288  3.1270  0.9205
    93   397   288  3.1218  0.9184
    93   402   283  3.1216  0.9066
    93   399   282  3.1182  0.9029
    93   399   283  3.1181  0.9052
    94   407   284  3.1139  0.9058
    93   401   289  3.1132  0.9172
    93   400   289  3.1034  0.9131
    93   405   281  3.1001  0.8934
    93   402   289  3.0973  0.9106
    93   402   280  3.0957  0.8894
    93   400   281  3.0933  0.8906
    93   405   282  3.0887  0.8910
    95   407   284  3.0853  0.8941
    97   407   287  3.0833  0.9001
    93   407   285  3.0778  0.8933
    93   403   283  3.0731  0.8869
    93   399   289  3.0701  0.8993
    93   396   288  3.0696  0.8968
    93   398   283  3.0688  0.8851
    93   402   288  3.0670  0.8957
    94   407   285  3.0577  0.8851
    93   403   289  3.0569  0.8939
    93   396   285  3.0562  0.8845
    96   407   284  3.0545  0.8816
    93   406   281  3.0512  0.8737
    94   407   280  3.0422  0.8680
    93   399   281  3.0376  0.8683
    93   398   282  3.0373  0.8703
    93   401   280  3.0324  0.8641
    97   407   284  3.0244  0.8694
    98   407   287  3.0214  0.8748
    95   407   285  3.0179  0.8690
    93   398   289  3.0177  0.8779
    93   397   284  3.0158  0.8660
    93   406   282  3.0097  0.8592
    93   404   283  3.0053  0.8596
    93   395   288  3.0038  0.8699
    93   397   283  3.0022  0.8584
    92   401   287  3.6508  1.1481
    92   402   287  3.6343  1.1405
    92   400   287  3.6288  1.1379
    92   403   287  3.5808  1.1158
    92   399   287  3.5707  1.1112
    92   404   287  3.4945  1.0767
    92   398   287  3.4814  1.0708
    92   405   287  3.3823  1.0270
    92   397   287  3.3681  1.0208
    92   402   285  3.3616  1.0126
    92   403   285  3.3519  1.0084
    92   401   285  3.3409  1.0036
    92   404   285  3.3138  0.9919
    92   403   284  3.3082  0.9870
    92   404   284  3.2961  0.9819
    92   402   284  3.2939  0.9809
    92   400   285  3.2916  0.9825
    92   405   284  3.2626  0.9676
    92   406   287  3.2521  0.9707
    92   405   285  3.2515  0.9654
    92   401   284  3.2506  0.9626
    92   396   287  3.2394  0.9653
    92   405   280  3.2314  0.9449
    92   406   280  3.2259  0.9426
    92   399   285  3.2193  0.9518
    92   404   280  3.2184  0.9395
    92   406   284  3.2124  0.9465
    92   407   280  3.2008  0.9322
    92   403   280  3.1870  0.9266
    92   400   284  3.1792  0.9327
    92   401   283  3.1783  0.9299
    92   406   285  3.1704  0.9314
    92   402   283  3.1671  0.9253
    92   400   283  3.1609  0.9227
    92   403   281  3.1541  0.9153
    92   408   280  3.1540  0.9131
    92   404   281  3.1534  0.9151
    92   402   282  3.1524  0.9169
    92   403   282  3.1503  0.9161
    92   407   284  3.1491  0.9202
    92   402   280  3.1358  0.9056
    92   405   281  3.1338  0.9070
    92   402   281  3.1329  0.9067
    92   398   285  3.1317  0.9154
    92   403   283  3.1293  0.9098
    92   401   282  3.1257  0.9060
    92   404   282  3.1218  0.9044
    92   399   283  3.1161  0.9044
    92   407   287  3.1118  0.9118
    92   395   287  3.1039  0.9086
    92   406   281  3.0986  0.8928
    92   401   281  3.0891  0.8889
    93   408   280  3.0869  0.8859
    92   399   284  3.0849  0.8939
    92   407   285  3.0753  0.8922
    92   408   284  3.0741  0.8895
    92   405   282  3.0717  0.8841
    92   400   282  3.0713  0.8840
    92   404   283  3.0698  0.8855
    92   401   280  3.0636  0.8765
    92   407   281  3.0506  0.8734
    92   398   283  3.0482  0.8768
    93   408   284  3.0454  0.8779
    92   397   285  3.0371  0.8767
    92   400   281  3.0253  0.8634
    94   408   287  3.0081  0.8695
    94   408   284  3.0052  0.8617
    92   406   282  3.0051  0.8574
    91   401   287  3.5646  1.1085
    91   402   287  3.5581  1.1055
    91   400   287  3.5312  1.0933
    91   403   287  3.5123  1.0847
    91   399   287  3.4607  1.0616
    91   404   287  3.4319  1.0488
    91   398   287  3.3595  1.0170
    91   405   287  3.3245  1.0018
    91   403   285  3.2632  0.9704
    91   405   280  3.2629  0.9580
    91   402   285  3.2616  0.9697
    91   406   280  3.2594  0.9565
    91   404   280  3.2471  0.9514
    91   404   285  3.2388  0.9601
    91   404   284  3.2362  0.9565
    91   397   287  3.2360  0.9639
    91   407   280  3.2355  0.9466
    91   401   285  3.2327  0.9575
    91   403   284  3.2268  0.9525
    91   405   284  3.2242  0.9514
    91   403   280  3.2115  0.9367
    91   402   283  3.2062  0.9415
    91   401   283  3.2041  0.9406
    91   406   287  3.1989  0.9482
    91   406   284  3.1943  0.9389
    91   402   284  3.1931  0.9384
    91   405   285  3.1923  0.9405
    91   408   280  3.1893  0.9275
    91   403   283  3.1802  0.9307
    91   400   285  3.1785  0.9348
    91   400   283  3.1721  0.9274
    91   404   281  3.1629  0.9189
    91   405   281  3.1553  0.9159
    91   402   280  3.1551  0.9135
    91   403   281  3.1497  0.9136
    91   407   284  3.1487  0.9201
    91   401   284  3.1339  0.9139
    91   404   283  3.1306  0.9103
    91   406   281  3.1305  0.9057
    91   406   285  3.1283  0.9140
    91   409   280  3.1192  0.8989
    91   402   281  3.1134  0.8987
    91   399   283  3.1120  0.9027
    91   399   285  3.1044  0.9041
    91   396   287  3.1000  0.9070
    91   403   282  3.0990  0.8951
    91   407   281  3.0910  0.8897
    91   408   284  3.0880  0.8952
    91   402   282  3.0854  0.8896
    91   404   282  3.0851  0.8895
    92   409   280  3.0835  0.8845
    91   401   280  3.0766  0.8817
    91   407   287  3.0638  0.8921
    91   405   283  3.0636  0.8830
    91   401   281  3.0535  0.8746
    91   400   284  3.0515  0.8804
    91   407   285  3.0511  0.8824
    91   405   282  3.0478  0.8745
    91   401   282  3.0429  0.8725
    91   408   281  3.0385  0.8686
    91   398   283  3.0285  0.8689
    91   398   285  3.0177  0.8689
    93   409   280  3.0154  0.8573
    91   409   284  3.0107  0.8639
    90   402   287  3.4716  1.0665
    90   401   287  3.4702  1.0658
    90   403   287  3.4328  1.0492
    90   400   287  3.4280  1.0471
    90   404   287  3.3584  1.0165
    90   399   287  3.3486  1.0123
    90   405   280  3.2658  0.9592
    90   406   280  3.2629  0.9580
    90   405   287  3.2565  0.9726
    90   404   280  3.2484  0.9520
    90   398   287  3.2393  0.9653
    90   407   280  3.2391  0.9481
    90   402   283  3.2311  0.9519
    90   403   283  3.2187  0.9467
    90   401   283  3.2149  0.9451
    90   403   280  3.2104  0.9362
    90   408   280  3.1929  0.9290
    90   404   283  3.1818  0.9314
    90   405   284  3.1751  0.9310
    90   400   283  3.1689  0.9260
    90   404   284  3.1678  0.9280
    90   406   284  3.1634  0.9261
    90   403   285  3.1621  0.9280
    90   405   281  3.1615  0.9184
    90   404   281  3.1608  0.9181
    90   402   285  3.1518  0.9237
    90   402   280  3.1506  0.9116
    90   404   285  3.1496  0.9228
    90   406   281  3.1436  0.9111
    90   403   284  3.1399  0.9164
    90   403   281  3.1385  0.9090
    90   406   287  3.1366  0.9221
    90   407   284  3.1339  0.9139
    90   405   283  3.1260  0.9084
    90   409   280  3.1229  0.9004
    90   401   285  3.1178  0.9096
    90   405   285  3.1175  0.9095
    90   407   281  3.1098  0.8973
    90   397   287  3.1095  0.9109
    90   399   283  3.0954  0.8959
    90   402   281  3.0925  0.8903
    90   402   284  3.0901  0.8960
    90   408   284  3.0860  0.8943
    90   406   285  3.0696  0.8899
    90   401   280  3.0683  0.8784
    90   400   285  3.0619  0.8868
    90   408   281  3.0618  0.8779
    90   406   283  3.0569  0.8803
    90   403   282  3.0480  0.8746
    90   404   282  3.0455  0.8736
    90   410   280  3.0283  0.8625
    91   410   280  3.0238  0.8607
    90   401   281  3.0226  0.8623
    90   402   282  3.0226  0.8644
    90   401   284  3.0191  0.8673
    90   405   282  3.0185  0.8628
    90   409   284  3.0177  0.8667
    90   407   285  3.0099  0.8658
    90   407   287  3.0080  0.8694
    89   402   287  3.3762  1.0243
    89   401   287  3.3675  1.0205
    89   403   287  3.3445  1.0105
    89   400   287  3.3182  0.9991
    89   404   287  3.2771  0.9814
    89   405   280  3.2403  0.9486
    89   403   283  3.2387  0.9551
    89   406   280  3.2375  0.9474
    89   402   283  3.2350  0.9536
    89   399   287  3.2324  0.9624
    89   404   280  3.2222  0.9411
    89   404   283  3.2174  0.9462
    89   407   280  3.2134  0.9374
    89   401   283  3.2035  0.9404
    89   403   280  3.1827  0.9248
    89   405   287  3.1822  0.9412
    89   405   283  3.1756  0.9288
    89   408   280  3.1669  0.9183
    89   405   281  3.1495  0.9135
    89   404   281  3.1437  0.9111
    89   400   283  3.1436  0.9156
    89   406   281  3.1359  0.9079
    89   402   280  3.1209  0.8996
    89   406   284  3.1192  0.9079
    89   406   283  3.1181  0.9052
    89   398   287  3.1179  0.9144
    89   403   281  3.1160  0.8998
    89   405   284  3.1143  0.9059
    89   407   281  3.1053  0.8955
    89   407   284  3.1041  0.9017
    89   409   280  3.0972  0.8900
    89   404   284  3.0898  0.8959
    89   406   287  3.0698  0.8945
    89   408   284  3.0677  0.8869
    89   402   281  3.0646  0.8791
    89   408   281  3.0595  0.8770
    89   399   283  3.0582  0.8808
    89   403   285  3.0561  0.8844
    89   404   285  3.0541  0.8836
    89   407   283  3.0487  0.8770
    89   403   284  3.0455  0.8779
    89   402   285  3.0386  0.8773
    89   401   280  3.0366  0.8657
    89   405   285  3.0350  0.8759
    89   409   284  3.0076  0.8627
    89   410   280  3.0039  0.8528
    89   404   282  3.0038  0.8569
    89   406   285  3.0021  0.8627
    89   401   285  3.0008  0.8621
    88   402   287  3.2713  0.9789
    88   401   287  3.2552  0.9720
    88   403   287  3.2479  0.9689
    88   403   283  3.2349  0.9535
    88   404   283  3.2313  0.9520
    88   402   283  3.2136  0.9446
    88   405   283  3.2057  0.9413
    88   400   287  3.1997  0.9485
    88   404   287  3.1893  0.9441
    88   405   280  3.1882  0.9270
    88   406   280  3.1854  0.9259
    88   404   280  3.1695  0.9194
    88   401   283  3.1657  0.9247
    88   406   283  3.1617  0.9231
    88   407   280  3.1610  0.9159
    88   403   280  3.1290  0.9029
    88   405   281  3.1171  0.9003
    88   408   280  3.1145  0.8970
    88   399   287  3.1091  0.9107
    88   404   281  3.1083  0.8967
    88   406   281  3.1060  0.8958
    88   405   287  3.1037  0.9085
    88   407   283  3.1019  0.8986
    88   400   283  3.0923  0.8946
    88   403   281  3.0777  0.8843
    88   407   281  3.0771  0.8841
    88   402   280  3.0661  0.8775
    88   406   284  3.0611  0.8842
    88   407   284  3.0593  0.8835
    88   409   280  3.0456  0.8693
    88   405   284  3.0412  0.8762
    88   408   284  3.0336  0.8731
    88   408   281  3.0322  0.8661
    88   408   283  3.0278  0.8686
    88   402   281  3.0241  0.8629
    88   404   284  3.0011  0.8601
    88   406   287  3.0008  0.8665
    87   404   283  3.2189  0.9468
    87   405   283  3.2102  0.9432
    87   403   283  3.2041  0.9407
    87   406   283  3.1803  0.9307
    87   402   283  3.1648  0.9243
    87   402   287  3.1549  0.9297
    87   403   287  3.1414  0.9241
    87   401   287  3.1306  0.9196
    87   407   283  3.1306  0.9103
    87   405   280  3.1118  0.8959
    87   406   280  3.1094  0.8949
    87   401   283  3.1010  0.8982
    87   404   287  3.0940  0.9045
    87   404   280  3.0924  0.8881
    87   407   280  3.0853  0.8852
    87   400   287  3.0692  0.8943
    87   405   281  3.0631  0.8785
    87   408   283  3.0618  0.8823
    87   406   281  3.0539  0.8748
    87   404   281  3.0523  0.8741
    87   403   280  3.0509  0.8715
    87   408   280  3.0396  0.8669
    87   407   281  3.0264  0.8638
    87   405   287  3.0203  0.8744
    87   403   281  3.0202  0.8613
    87   400   283  3.0150  0.8635
    86   405   283  3.1843  0.9324
    86   404   283  3.1770  0.9294
    86   406   283  3.1676  0.9255
    86   403   283  3.1453  0.9163
    86   407   283  3.1274  0.9090
    86   402   283  3.0897  0.8936
    86   408   283  3.0639  0.8831
    86   402   287  3.0239  0.8759
    86   403   287  3.0221  0.8751
    86   405   280  3.0140  0.8568
    86   406   280  3.0127  0.8563
    86   401   283  3.0122  0.8624
    85   405   283  3.1255  0.9082
    85   406   283  3.1196  0.9058
    85   404   283  3.1053  0.8999
    85   407   283  3.0874  0.8927
    85   403   283  3.0601  0.8816
    85   408   283  3.0284  0.8689
    84   406   283  3.0360  0.8719
    84   405   283  3.0345  0.8713
    84   407   283  3.0093  0.8612
    84   404   283  3.0059  0.8599
