#   X     Y     Z      S       D
   234   110   180  4.4187  1.3341
   234   111   180  4.4068  1.3286
   234   109   180  4.4023  1.3266
   235   110   180  4.3916  1.3217
   233   110   180  4.3908  1.3213
   233   111   180  4.3850  1.3187
   235   109   180  4.3806  1.3167
   235   111   180  4.3717  1.3126
   233   109   180  4.3706  1.3121
   235   109   181  4.2493  1.2572
   234   109   181  4.2364  1.2515
   235   110   181  4.2196  1.2441
   234   110   181  4.2092  1.2395
   233   109   181  4.1787  1.2262
   235   111   181  4.1605  1.2182
   234   111   181  4.1568  1.2166
   233   110   181  4.1545  1.2156
   233   111   181  4.1089  1.1959
   234   110   179  3.1374  0.8154
   234   109   179  3.1256  0.8112
   235   110   179  3.1225  0.8101
   234   111   179  3.1175  0.8084
   233   110   179  3.1111  0.8061
   233   109   179  3.1061  0.8043
   235   111   179  3.1051  0.8040
   235   109   179  3.1036  0.8034
   233   111   179  3.0890  0.7983
   234   112   180  4.3650  1.3096
   234   108   180  4.3595  1.3071
   233   112   180  4.3515  1.3035
   235   108   180  4.3401  1.2983
   233   108   180  4.3261  1.2920
   235   112   180  4.3194  1.2890
   232   110   180  4.3133  1.2863
   232   111   180  4.3127  1.2860
   236   110   180  4.3068  1.2834
   236   109   180  4.3031  1.2817
   232   109   180  4.2896  1.2757
   232   112   180  4.2862  1.2742
   236   111   180  4.2761  1.2697
   236   108   180  4.2662  1.2653
   235   108   181  4.2445  1.2551
   232   108   180  4.2429  1.2549
   234   108   181  4.2333  1.2501
   236   109   181  4.2137  1.2415
   236   112   180  4.2109  1.2408
   236   108   181  4.2080  1.2390
   236   110   181  4.1808  1.2271
   233   108   181  4.1765  1.2252
   234   108   182  4.1165  1.1987
   234   109   182  4.1160  1.1985
   236   111   181  4.1144  1.1982
   233   108   182  4.1041  1.1933
   233   109   182  4.1038  1.1932
   234   110   182  4.0911  1.1878
   235   108   182  4.0864  1.1857
   235   109   182  4.0841  1.1847
   234   112   181  4.0837  1.1851
   232   109   181  4.0821  1.1844
   233   110   182  4.0817  1.1837
   232   108   181  4.0786  1.1829
   235   112   181  4.0772  1.1822
   232   110   181  4.0625  1.1760
   232   108   182  4.0551  1.1723
   235   110   182  4.0542  1.1720
   232   109   182  4.0542  1.1720
   233   112   181  4.0456  1.1688
   234   111   182  4.0451  1.1681
   233   111   182  4.0415  1.1666
   232   110   182  4.0336  1.1632
   232   111   181  4.0245  1.1598
   236   112   181  4.0204  1.1581
   236   108   182  4.0101  1.1533
   236   109   182  4.0033  1.1504
   235   111   182  3.9998  1.1489
   232   111   182  3.9975  1.1479
   233   112   182  3.9868  1.1435
   234   112   182  3.9816  1.1413
   232   112   181  3.9710  1.1372
   236   110   182  3.9658  1.1346
   232   112   182  3.9490  1.1276
   235   112   182  3.9246  1.1175
   236   111   182  3.9003  1.1074
   236   112   182  3.8113  1.0709
   234   108   179  3.0764  0.7938
   234   112   179  3.0717  0.7922
   233   108   179  3.0676  0.7908
   236   110   179  3.0639  0.7895
   235   112   179  3.0571  0.7871
   232   109   179  3.0486  0.7841
   232   110   179  3.0486  0.7841
   236   111   179  3.0484  0.7840
   233   112   179  3.0452  0.7829
   235   108   179  3.0432  0.7822
   236   109   179  3.0387  0.7806
   232   111   179  3.0252  0.7759
   232   108   179  3.0192  0.7738
   234   113   180  4.2918  1.2767
   234   107   180  4.2916  1.2766
   233   113   180  4.2883  1.2751
   235   107   180  4.2717  1.2677
   233   107   180  4.2582  1.2617
   235   113   180  4.2343  1.2511
   232   113   180  4.2321  1.2501
   235   107   181  4.2016  1.2362
   231   111   180  4.1985  1.2354
   236   107   180  4.1977  1.2350
   234   107   181  4.1956  1.2335
   231   110   180  4.1935  1.2332
   231   112   180  4.1792  1.2269
   232   107   180  4.1740  1.2246
   237   109   180  4.1690  1.2225
   231   109   180  4.1654  1.2209
   237   110   180  4.1633  1.2200
   236   107   181  4.1603  1.2181
   233   107   181  4.1430  1.2106
   237   108   180  4.1375  1.2087
   231   113   180  4.1342  1.2073
   237   109   181  4.1287  1.2044
   237   108   181  4.1237  1.2023
   237   111   180  4.1201  1.2012
   231   108   180  4.1152  1.1991
   236   113   180  4.1123  1.1978
   237   110   181  4.0910  1.1882
   234   107   182  4.0905  1.1875
   233   107   182  4.0798  1.1829
   237   107   181  4.0729  1.1804
   237   107   180  4.0699  1.1797
   235   107   182  4.0601  1.1745
   232   107   181  4.0474  1.1695
   231   107   180  4.0436  1.1684
   237   112   180  4.0407  1.1672
   232   107   182  4.0327  1.1628
   237   111   181  4.0164  1.1564
   234   113   181  3.9922  1.1462
   236   107   182  3.9855  1.1429
   231   108   182  3.9757  1.1388
   231   109   182  3.9748  1.1384
   235   113   181  3.9736  1.1384
   233   113   181  3.9654  1.1349
   231   110   182  3.9557  1.1304
   231   107   182  3.9543  1.1298
   231   109   181  3.9533  1.1299
   231   108   181  3.9460  1.1268
   231   110   181  3.9406  1.1245
   232   110   183  3.9378  1.1225
   237   113   180  3.9283  1.1199
   232   111   183  3.9282  1.1186
   233   110   183  3.9244  1.1170
   231   111   182  3.9224  1.1166
   233   113   182  3.9195  1.1154
   232   109   183  3.9166  1.1137
   233   109   183  3.9149  1.1131
   231   111   183  3.9146  1.1129
   231   107   181  3.9143  1.1136
   231   110   183  3.9132  1.1123
   237   112   181  3.9121  1.1127
   231   111   181  3.9116  1.1125
   236   113   181  3.9048  1.1097
   233   111   183  3.9036  1.1083
   234   113   182  3.9034  1.1087
   232   113   181  3.9010  1.1081
   232   113   182  3.8895  1.1029
   237   108   182  3.8860  1.1015
   232   112   183  3.8847  1.1006
   231   112   183  3.8812  1.0991
   231   109   183  3.8809  1.0990
   231   112   182  3.8782  1.0983
   233   108   183  3.8780  1.0978
   234   109   183  3.8753  1.0967
   234   110   183  3.8723  1.0954
   237   109   182  3.8720  1.0957
   232   108   183  3.8680  1.0937
   231   112   181  3.8679  1.0945
   237   107   182  3.8659  1.0932
   234   108   183  3.8509  1.0867
   233   112   183  3.8496  1.0861
   234   111   183  3.8397  1.0821
   235   113   182  3.8326  1.0796
   237   110   182  3.8243  1.0762
   231   113   182  3.8237  1.0760
   231   108   183  3.8214  1.0747
   233   107   183  3.8164  1.0726
   231   113   183  3.8089  1.0695
   231   113   181  3.8072  1.0697
   232   113   183  3.8034  1.0673
   234   107   183  3.8014  1.0665
   235   109   183  3.7974  1.0649
   232   107   183  3.7955  1.0641
   235   108   183  3.7866  1.0605
   237   113   181  3.7857  1.0609
   235   110   183  3.7810  1.0583
   234   112   183  3.7749  1.0558
   233   113   183  3.7592  1.0495
   235   107   183  3.7503  1.0459
   237   111   182  3.7460  1.0446
   231   107   183  3.7390  1.0414
   235   111   183  3.7357  1.0401
   236   113   182  3.7038  1.0277
   236   108   183  3.6862  1.0204
   236   109   183  3.6823  1.0188
   234   113   183  3.6752  1.0160
   236   107   183  3.6640  1.0116
   235   112   183  3.6594  1.0098
   236   110   183  3.6513  1.0066
   237   112   182  3.6424  1.0034
   236   111   183  3.5923  0.9835
   237   108   183  3.5512  0.9676
   235   113   183  3.5501  0.9672
   237   107   183  3.5439  0.9647
   237   109   183  3.5318  0.9601
   237   113   182  3.5200  0.9559
   236   112   183  3.5039  0.9494
   237   110   183  3.4855  0.9424
   237   111   183  3.4121  0.9146
   236   113   183  3.3848  0.9044
   237   112   183  3.3112  0.8771
   237   113   183  3.1826  0.8304
   234   113   179  3.0042  0.7686
   234   106   180  4.1991  1.2356
   233   114   180  4.1948  1.2337
   234   114   180  4.1870  1.2303
   235   106   180  4.1762  1.2256
   233   106   180  4.1674  1.2218
   232   114   180  4.1494  1.2139
   234   106   181  4.1210  1.2011
   235   106   181  4.1189  1.2002
   235   114   180  4.1172  1.2000
   236   106   180  4.0989  1.1921
   232   106   180  4.0833  1.1854
   233   106   181  4.0755  1.1815
   236   106   181  4.0696  1.1790
   231   114   180  4.0626  1.1765
   230   111   180  4.0516  1.1718
   230   112   180  4.0406  1.1672
   230   110   180  4.0395  1.1667
   234   106   182  4.0378  1.1650
   233   106   182  4.0298  1.1616
   230   113   180  4.0056  1.1523
   235   106   182  4.0055  1.1513
   230   109   180  4.0053  1.1522
   238   109   181  3.9957  1.1477
   238   108   181  3.9941  1.1470
   232   106   182  3.9852  1.1428
   232   106   181  3.9850  1.1431
   236   114   180  3.9826  1.1426
   238   109   180  3.9786  1.1409
   237   106   181  3.9757  1.1393
   237   106   180  3.9685  1.1367
   238   110   180  3.9624  1.1341
   238   108   180  3.9539  1.1306
   238   110   181  3.9516  1.1292
   231   106   180  3.9516  1.1296
   230   108   180  3.9498  1.1289
   230   114   180  3.9460  1.1273
   238   107   181  3.9430  1.1255
   236   106   182  3.9308  1.1200
   231   106   182  3.9084  1.1107
   238   111   180  3.9065  1.1108
   238   107   180  3.8894  1.1038
   234   114   181  3.8819  1.1002
   230   107   180  3.8741  1.0975
   230   109   182  3.8722  1.0958
   230   108   182  3.8717  1.0956
   238   111   181  3.8686  1.0947
   233   114   181  3.8658  1.0936
   230   111   183  3.8625  1.0914
   230   110   182  3.8552  1.0888
   231   106   181  3.8550  1.0892
   235   114   181  3.8517  1.0878
   230   110   183  3.8509  1.0867
   230   107   182  3.8497  1.0866
   238   106   181  3.8421  1.0839
   233   114   182  3.8400  1.0826
   230   112   183  3.8386  1.0816
   230   111   182  3.8247  1.0764
   232   114   182  3.8183  1.0738
   238   112   180  3.8140  1.0729
   237   106   182  3.8133  1.0717
   234   114   182  3.8121  1.0713
   232   114   181  3.8106  1.0710
   230   109   183  3.8082  1.0693
   230   106   182  3.8039  1.0679
   230   109   181  3.7994  1.0665
   230   110   181  3.7955  1.0649
   238   106   180  3.7875  1.0621
   237   114   180  3.7872  1.0620
   230   108   181  3.7857  1.0609
   230   112   182  3.7834  1.0596
   230   106   180  3.7793  1.0588
   230   111   181  3.7766  1.0573
   230   113   183  3.7746  1.0557
   236   114   181  3.7717  1.0553
   231   114   182  3.7577  1.0493
   238   112   181  3.7553  1.0487
   230   107   181  3.7509  1.0469
   230   112   181  3.7427  1.0436
   230   108   183  3.7389  1.0413
   233   106   183  3.7337  1.0393
   230   113   182  3.7319  1.0389
   234   106   183  3.7296  1.0376
   235   114   182  3.7271  1.0370
   231   114   181  3.7245  1.0364
   238   108   182  3.7155  1.0324
   232   106   183  3.7032  1.0271
   238   107   182  3.7024  1.0272
   231   114   183  3.6939  1.0234
   230   106   181  3.6925  1.0236
   238   109   182  3.6920  1.0230
   235   106   183  3.6906  1.0221
   230   113   181  3.6903  1.0227
   238   113   180  3.6902  1.0231
   232   114   183  3.6811  1.0184
   230   114   182  3.6688  1.0138
   230   114   183  3.6666  1.0126
   238   106   182  3.6549  1.0083
   230   107   183  3.6479  1.0053
   237   114   181  3.6437  1.0043
   231   106   183  3.6386  1.0016
   238   110   182  3.6328  0.9997
   233   114   183  3.6296  0.9981
   238   113   181  3.6212  0.9955
   236   106   183  3.6172  0.9932
   230   114   181  3.6138  0.9926
   236   114   182  3.5832  0.9803
   238   111   182  3.5415  0.9642
   238   114   180  3.5412  0.9648
   230   106   183  3.5410  0.9637
   234   114   183  3.5385  0.9627
   237   106   183  3.5105  0.9520
   238   114   181  3.4747  0.9389
   238   112   182  3.4247  0.9197
   235   114   183  3.4066  0.9126
   238   107   183  3.3915  0.9069
   237   114   182  3.3857  0.9051
   238   108   183  3.3839  0.9041
   238   106   183  3.3720  0.8997
   238   109   183  3.3489  0.8911
   238   113   182  3.2904  0.8698
   238   110   183  3.2872  0.8683
   236   114   183  3.2349  0.8492
   238   111   183  3.1995  0.8365
   238   114   182  3.1470  0.8179
   238   112   183  3.0868  0.7963
   237   114   183  3.0275  0.7755
   234   105   180  4.0813  1.1845
   233   115   180  4.0722  1.1806
   235   105   180  4.0536  1.1727
   233   105   180  4.0531  1.1724
   234   115   180  4.0524  1.1722
   232   115   180  4.0392  1.1666
   234   105   181  4.0091  1.1533
   235   105   181  3.9967  1.1481
   233   105   181  3.9730  1.1381
   235   115   180  3.9712  1.1378
   232   105   180  3.9707  1.1376
   236   105   180  3.9706  1.1376
   231   115   180  3.9656  1.1355
   234   105   182  3.9591  1.1318
   233   105   182  3.9544  1.1299
   236   105   181  3.9372  1.1231
   235   105   182  3.9240  1.1172
   232   105   182  3.9127  1.1125
   232   105   181  3.8906  1.1038
   229   111   180  3.8795  1.0997
   229   112   180  3.8783  1.0992
   230   115   180  3.8631  1.0929
   229   110   180  3.8588  1.0912
   229   113   180  3.8543  1.0893
   236   105   182  3.8479  1.0858
   231   105   180  3.8394  1.0832
   231   105   182  3.8378  1.0817
   237   105   180  3.8352  1.0815
   237   105   181  3.8345  1.0808
   236   115   180  3.8262  1.0778
   239   108   181  3.8231  1.0762
   239   109   181  3.8191  1.0745
   229   109   180  3.8168  1.0740
   229   114   180  3.8076  1.0703
   239   107   181  3.7750  1.0566
   229   111   183  3.7698  1.0538
   239   110   181  3.7675  1.0536
   231   105   181  3.7670  1.0534
   229   108   180  3.7544  1.0488
   229   112   183  3.7540  1.0474
   229   109   182  3.7507  1.0465
   234   115   181  3.7504  1.0467
   229   110   183  3.7494  1.0456
   233   115   182  3.7478  1.0453
   229   108   182  3.7472  1.0450
   233   115   181  3.7426  1.0436
   229   115   180  3.7397  1.0429
   229   110   182  3.7369  1.0409
   232   115   182  3.7341  1.0398
   230   105   182  3.7341  1.0398
   239   109   180  3.7340  1.0406
   237   105   182  3.7313  1.0387
   229   107   182  3.7227  1.0353
   239   108   180  3.7175  1.0340
   235   115   181  3.7113  1.0311
   229   111   182  3.7093  1.0299
   234   115   182  3.7090  1.0298
   239   110   180  3.7077  1.0301
   229   109   183  3.6979  1.0250
   229   113   183  3.6972  1.0247
   238   105   181  3.6950  1.0246
   232   115   181  3.6944  1.0244
   231   115   182  3.6787  1.0177
   239   111   181  3.6767  1.0174
   229   106   182  3.6753  1.0164
   239   106   181  3.6745  1.0165
   229   107   180  3.6732  1.0164
   229   112   182  3.6705  1.0145
   230   105   180  3.6669  1.0139
   239   107   180  3.6584  1.0105
   238   105   180  3.6521  1.0080
   239   111   180  3.6410  1.0037
   234   105   183  3.6387  1.0016
   233   105   183  3.6338  0.9997
   229   110   181  3.6319  0.9997
   229   109   181  3.6259  0.9973
   236   115   181  3.6235  0.9964
   229   111   181  3.6232  0.9963
   237   115   180  3.6230  0.9966
   229   113   182  3.6207  0.9949
   229   108   183  3.6204  0.9945
   231   115   181  3.6140  0.9927
   235   115   182  3.6111  0.9912
   235   105   183  3.6100  0.9904
   230   105   181  3.6094  0.9909
   229   105   182  3.6050  0.9888
   229   108   181  3.6041  0.9888
   229   112   181  3.5983  0.9866
   232   105   183  3.5957  0.9848
   229   114   183  3.5956  0.9848
   230   115   182  3.5926  0.9840
   238   105   182  3.5769  0.9779
   229   106   180  3.5751  0.9779
   229   107   181  3.5645  0.9734
   239   106   180  3.5599  0.9721
   229   114   182  3.5592  0.9710
   239   112   181  3.5572  0.9706
   229   113   181  3.5528  0.9689
   236   105   183  3.5479  0.9663
   239   112   180  3.5392  0.9640
   231   115   183  3.5350  0.9614
   239   105   181  3.5263  0.9587
   231   105   183  3.5252  0.9576
   229   107   183  3.5229  0.9567
   232   115   183  3.5169  0.9544
   230   115   183  3.5134  0.9531
   230   115   181  3.5078  0.9516
   229   106   181  3.5053  0.9506
   239   108   182  3.5027  0.9493
   239   107   182  3.4989  0.9478
   237   115   181  3.4906  0.9450
   229   115   182  3.4849  0.9425
   229   114   181  3.4811  0.9414
   239   109   182  3.4688  0.9364
   229   105   180  3.4623  0.9346
   233   115   183  3.4606  0.9329
   239   106   182  3.4594  0.9328
   236   115   182  3.4542  0.9308
   237   105   183  3.4533  0.9302
   229   115   183  3.4483  0.9283
   239   105   180  3.4273  0.9214
   229   105   181  3.4257  0.9204
   230   105   183  3.4236  0.9190
   239   113   181  3.4200  0.9183
   229   106   183  3.4116  0.9145
   239   113   180  3.4092  0.9146
   239   110   182  3.3984  0.9098
   239   105   182  3.3893  0.9064
   229   115   181  3.3785  0.9027
   238   115   180  3.3740  0.9014
   234   115   183  3.3653  0.8972
   238   105   183  3.3275  0.8831
   238   115   181  3.3218  0.8817
   239   111   182  3.2963  0.8720
   229   105   183  3.2924  0.8702
   239   114   181  3.2748  0.8644
   239   114   180  3.2587  0.8588
   237   115   182  3.2464  0.8537
   235   115   183  3.2302  0.8476
   239   107   183  3.2089  0.8399
   239   106   183  3.2035  0.8379
   239   108   183  3.1866  0.8318
   239   105   183  3.1725  0.8268
   239   112   182  3.1704  0.8263
   239   109   183  3.1366  0.8139
   239   115   181  3.1282  0.8115
   239   115   180  3.0950  0.8001
   239   110   183  3.0603  0.7870
   236   115   183  3.0565  0.7857
   239   113   182  3.0299  0.7766
   238   115   182  3.0023  0.7671
   234   104   180  3.9369  1.1235
   233   116   180  3.9254  1.1187
   233   104   180  3.9137  1.1138
   232   116   180  3.9062  1.1107
   235   104   180  3.9029  1.1094
   234   116   180  3.8934  1.1054
   234   104   181  3.8612  1.0917
   234   104   182  3.8554  1.0889
   233   104   182  3.8544  1.0885
   231   116   180  3.8477  1.0866
   235   104   181  3.8371  1.0818
   233   104   181  3.8367  1.0817
   232   104   180  3.8352  1.0815
   235   104   182  3.8171  1.0733
   232   104   182  3.8161  1.0729
   236   104   180  3.8133  1.0726
   235   116   180  3.8019  1.0680
   236   104   181  3.7663  1.0531
   232   104   181  3.7651  1.0526
   230   116   180  3.7613  1.0515
   231   104   182  3.7440  1.0438
   236   104   182  3.7392  1.0418
   231   104   180  3.7071  1.0298
   228   112   180  3.6968  1.0257
   228   111   180  3.6874  1.0220
   228   113   180  3.6847  1.0209
   237   104   180  3.6727  1.0162
   228   110   180  3.6569  1.0099
   229   116   180  3.6548  1.0091
   237   104   181  3.6543  1.0085
   228   114   180  3.6515  1.0078
   231   104   181  3.6513  1.0073
   236   116   180  3.6494  1.0070
   233   116   182  3.6434  1.0038
   230   104   182  3.6420  1.0033
   232   116   182  3.6368  1.0012
   228   111   183  3.6331  0.9994
   237   104   182  3.6235  0.9960
   228   112   183  3.6233  0.9956
   240   108   181  3.6161  0.9935
   228   109   182  3.6117  0.9914
   228   110   183  3.6063  0.9890
   228   109   180  3.6059  0.9899
   240   109   181  3.6045  0.9890
   228   108   182  3.6036  0.9883
   228   110   182  3.6022  0.9877
   228   115   180  3.5992  0.9873
   234   116   182  3.5956  0.9851
   234   116   181  3.5953  0.9854
   233   116   181  3.5924  0.9843
   231   116   182  3.5863  0.9815
   228   111   182  3.5781  0.9783
   228   107   182  3.5750  0.9771
   240   107   181  3.5744  0.9773
   228   113   183  3.5721  0.9757
   235   116   181  3.5517  0.9685
   232   116   181  3.5489  0.9674
   228   109   183  3.5485  0.9665
   240   110   181  3.5455  0.9661
   228   112   182  3.5416  0.9642
   230   104   180  3.5376  0.9634
   228   108   180  3.5357  0.9627
   234   104   183  3.5326  0.9604
   228   116   180  3.5316  0.9611
   228   106   182  3.5246  0.9577
   233   104   183  3.5208  0.9559
   229   104   182  3.5139  0.9536
   235   104   183  3.5121  0.9526
   238   104   181  3.5091  0.9521
   230   116   182  3.5037  0.9497
   230   104   181  3.5026  0.9496
   228   113   182  3.4933  0.9457
   238   104   180  3.4881  0.9444
   235   116   182  3.4877  0.9436
   240   106   181  3.4791  0.9406
   232   104   183  3.4773  0.9393
   228   114   183  3.4761  0.9388
   238   104   182  3.4736  0.9382
   231   116   181  3.4725  0.9381
   228   108   183  3.4655  0.9348
   236   116   181  3.4611  0.9338
   236   104   183  3.4595  0.9325
   228   105   182  3.4530  0.9304
   228   111   181  3.4525  0.9306
   228   110   181  3.4522  0.9304
   240   111   181  3.4490  0.9292
   228   107   180  3.4484  0.9294
   237   116   180  3.4426  0.9272
   240   109   180  3.4406  0.9264
   228   109   181  3.4366  0.9245
   228   112   181  3.4349  0.9239
   228   114   182  3.4330  0.9228
   240   108   180  3.4329  0.9235
   228   108   181  3.4065  0.9132
   240   110   180  3.4057  0.9133
   231   104   183  3.4033  0.9113
   229   116   182  3.3989  0.9100
   228   113   181  3.3944  0.9086
   240   107   180  3.3824  0.9045
   237   104   183  3.3755  0.9010
   230   116   181  3.3701  0.8996
   228   107   183  3.3641  0.8967
   228   104   182  3.3624  0.8964
   228   107   181  3.3612  0.8962
   228   115   182  3.3608  0.8958
   228   106   180  3.3470  0.8913
   239   104   181  3.3399  0.8884
   229   104   180  3.3364  0.8874
   231   116   183  3.3361  0.8863
   240   105   181  3.3358  0.8868
   228   115   183  3.3349  0.8859
   240   111   180  3.3322  0.8859
   237   116   181  3.3291  0.8843
   240   112   181  3.3272  0.8837
   229   104   181  3.3265  0.8834
   228   114   181  3.3258  0.8831
   236   116   182  3.3218  0.8813
   230   116   183  3.3189  0.8800
   232   116   183  3.3147  0.8784
   230   104   183  3.3002  0.8731
   228   106   181  3.2999  0.8736
   239   104   182  3.2949  0.8714
   240   106   180  3.2922  0.8711
   228   116   182  3.2783  0.8653
   239   104   180  3.2678  0.8622
   238   104   183  3.2617  0.8590
   240   107   182  3.2613  0.8591
   229   116   183  3.2594  0.8582
   233   116   183  3.2562  0.8570
   240   108   182  3.2547  0.8567
   228   106   183  3.2512  0.8552
   229   116   181  3.2446  0.8534
   228   105   180  3.2344  0.8500
   240   106   182  3.2327  0.8487
   240   112   180  3.2270  0.8473
   228   115   181  3.2258  0.8466
   228   105   181  3.2226  0.8454
   240   109   182  3.2108  0.8408
   238   116   180  3.1952  0.8358
   240   113   181  3.1924  0.8345
   240   105   182  3.1743  0.8277
   229   104   183  3.1695  0.8257
   240   105   180  3.1690  0.8264
   238   116   181  3.1660  0.8250
   234   116   183  3.1603  0.8224
   240   104   181  3.1559  0.8214
   228   116   183  3.1532  0.8199
   228   105   183  3.1328  0.8126
   240   110   182  3.1317  0.8125
   228   104   181  3.1296  0.8120
   239   104   183  3.1202  0.8081
   228   104   180  3.1126  0.8063
   237   116   182  3.1080  0.8041
   240   113   180  3.0982  0.8012
   228   116   181  3.0957  0.8000
   240   104   182  3.0936  0.7990
   240   114   181  3.0547  0.7856
   235   116   183  3.0262  0.7751
   240   111   182  3.0234  0.7744
   240   104   180  3.0217  0.7744
   228   104   183  3.0127  0.7704
   240   106   183  3.0071  0.7685
   234   103   180  3.7646  1.0529
   233   117   180  3.7628  1.0522
   232   117   180  3.7584  1.0504
   233   103   180  3.7480  1.0462
   233   103   182  3.7311  1.0386
   234   103   182  3.7279  1.0373
   235   103   180  3.7239  1.0365
   234   117   180  3.7186  1.0344
   231   117   180  3.7165  1.0336
   232   103   182  3.6971  1.0251
   235   103   182  3.6863  1.0208
   234   103   181  3.6808  1.0190
   232   103   180  3.6760  1.0175
   233   103   181  3.6694  1.0145
   230   117   180  3.6479  1.0064
   235   103   181  3.6443  1.0046
   231   103   182  3.6288  0.9981
   236   103   180  3.6285  0.9988
   235   117   180  3.6181  0.9947
   232   103   181  3.6112  0.9916
   236   103   182  3.6073  0.9897
   236   103   181  3.5629  0.9728
   229   117   180  3.5598  0.9720
   231   103   180  3.5542  0.9698
   230   103   182  3.5300  0.9597
   233   117   182  3.5291  0.9594
   232   117   182  3.5283  0.9591
   231   103   181  3.5105  0.9526
   227   113   180  3.4983  0.9483
   227   112   180  3.4982  0.9483
   237   103   182  3.4937  0.9459
   237   103   180  3.4848  0.9432
   231   117   182  3.4827  0.9417
   227   114   180  3.4788  0.9409
   227   111   180  3.4779  0.9406
   234   117   182  3.4749  0.9387
   236   117   180  3.4607  0.9340
   228   117   180  3.4550  0.9319
   227   109   182  3.4542  0.9308
   227   110   182  3.4499  0.9292
   227   111   183  3.4495  0.9287
   237   103   181  3.4433  0.9271
   227   112   183  3.4433  0.9264
   227   115   180  3.4421  0.9270
   227   108   182  3.4403  0.9256
   227   110   180  3.4371  0.9251
   227   111   182  3.4299  0.9216
   227   110   183  3.4193  0.9173
   234   117   181  3.4167  0.9170
   233   117   181  3.4156  0.9166
   234   103   183  3.4149  0.9157
   227   107   182  3.4064  0.9128
   229   103   182  3.4046  0.9121
   230   117   182  3.4045  0.9121
   235   103   183  3.4009  0.9105
   233   103   183  3.3982  0.9094
   227   112   182  3.3962  0.9090
   227   113   183  3.3960  0.9086
   227   116   180  3.3918  0.9080
   230   103   180  3.3915  0.9079
   241   108   181  3.3789  0.9029
   227   109   180  3.3767  0.9024
   232   117   181  3.3748  0.9013
   230   103   181  3.3741  0.9011
   235   117   181  3.3732  0.9007
   235   117   182  3.3610  0.8958
   241   109   181  3.3589  0.8954
   227   109   183  3.3583  0.8946
   236   103   183  3.3564  0.8938
   227   106   182  3.3520  0.8925
   232   103   183  3.3515  0.8920
   238   103   182  3.3504  0.8919
   227   113   182  3.3499  0.8917
   241   107   181  3.3468  0.8909
   227   117   180  3.3333  0.8862
   227   114   183  3.3048  0.8748
   229   117   182  3.3043  0.8749
   231   117   181  3.3022  0.8744
   238   103   180  3.3019  0.8747
   227   108   180  3.2985  0.8734
   238   103   181  3.2950  0.8718
   241   110   181  3.2936  0.8713
   227   114   182  3.2917  0.8703
   236   117   181  3.2855  0.8683
   237   103   183  3.2823  0.8665
   227   105   182  3.2785  0.8654
   231   103   183  3.2760  0.8642
   227   108   183  3.2733  0.8632
   227   111   181  3.2639  0.8604
   241   106   181  3.2619  0.8597
   227   110   181  3.2567  0.8578
   228   103   182  3.2554  0.8570
   237   117   180  3.2539  0.8571
   227   112   181  3.2510  0.8557
   227   109   181  3.2333  0.8493
   227   115   182  3.2226  0.8451
   227   113   181  3.2132  0.8420
   229   103   181  3.2091  0.8405
   227   107   180  3.2055  0.8395
   230   117   181  3.2043  0.8388
   229   103   180  3.1977  0.8367
   227   108   181  3.1956  0.8356
   241   111   181  3.1945  0.8352
   236   117   182  3.1908  0.8336
   228   117   182  3.1892  0.8330
   227   104   182  3.1882  0.8327
   239   103   182  3.1830  0.8308
   238   103   183  3.1803  0.8296
   230   103   183  3.1731  0.8270
   227   107   183  3.1715  0.8264
   227   115   183  3.1703  0.8260
   237   117   181  3.1602  0.8229
   227   114   181  3.1462  0.8179
   227   116   182  3.1451  0.8173
   227   107   181  3.1447  0.8174
   241   105   181  3.1304  0.8123
   239   103   181  3.1288  0.8118
   241   108   180  3.1095  0.8052
   241   109   180  3.1079  0.8046
   231   117   183  3.1073  0.8036
   227   106   180  3.1015  0.8024
   230   117   183  3.0935  0.7987
   239   103   180  3.0902  0.7984
   232   117   183  3.0846  0.7955
   229   117   181  3.0845  0.7961
   227   103   182  3.0835  0.7954
   227   106   181  3.0809  0.7948
   241   112   181  3.0750  0.7927
   241   107   180  3.0705  0.7914
   241   110   180  3.0669  0.7902
   227   117   182  3.0631  0.7883
   227   106   183  3.0604  0.7870
   239   103   183  3.0528  0.7844
   227   115   181  3.0482  0.7833
   229   103   183  3.0445  0.7815
   229   117   183  3.0397  0.7798
   233   117   183  3.0268  0.7753
   228   103   181  3.0217  0.7741
   238   117   180  3.0119  0.7709
   238   117   181  3.0082  0.7694
   227   105   181  3.0047  0.7682
   232   118   180  3.6061  0.9900
   233   118   180  3.5951  0.9857
   233   102   182  3.5859  0.9813
   231   118   180  3.5818  0.9805
   234   102   182  3.5781  0.9783
   234   102   180  3.5649  0.9740
   232   102   182  3.5572  0.9702
   233   102   180  3.5559  0.9705
   234   118   180  3.5386  0.9638
   235   102   182  3.5339  0.9612
   230   118   180  3.5317  0.9611
   235   102   180  3.5184  0.9560
   231   102   182  3.4942  0.9460
   232   102   180  3.4926  0.9462
   233   102   181  3.4757  0.9393
   234   102   181  3.4732  0.9384
   229   118   180  3.4623  0.9346
   236   102   182  3.4553  0.9312
   232   102   181  3.4327  0.9230
   235   118   180  3.4303  0.9225
   235   102   181  3.4252  0.9202
   236   102   180  3.4200  0.9186
   232   118   182  3.4122  0.9150
   233   118   182  3.4083  0.9135
   230   102   182  3.4002  0.9105
   231   102   180  3.3805  0.9038
   228   118   180  3.3760  0.9021
   231   118   182  3.3718  0.8999
   234   118   182  3.3505  0.8920
   231   102   181  3.3477  0.8912
   237   102   182  3.3464  0.8904
   236   102   181  3.3358  0.8868
   230   118   182  3.2994  0.8731
   226   113   180  3.2958  0.8724
   226   114   180  3.2899  0.8703
   234   102   183  3.2897  0.8692
   226   112   180  3.2837  0.8680
   235   102   183  3.2811  0.8661
   229   102   182  3.2792  0.8657
   226   110   182  3.2777  0.8651
   237   102   180  3.2774  0.8657
   226   109   182  3.2759  0.8645
   227   118   180  3.2719  0.8637
   236   118   180  3.2699  0.8630
   233   102   183  3.2695  0.8618
   226   115   180  3.2684  0.8624
   226   111   182  3.2627  0.8597
   226   108   182  3.2553  0.8570
   226   111   180  3.2523  0.8565
   236   102   183  3.2439  0.8525
   226   116   180  3.2347  0.8501
   235   118   182  3.2347  0.8495
   226   112   182  3.2329  0.8488
   230   102   180  3.2283  0.8478
   230   102   181  3.2263  0.8467
   232   102   183  3.2209  0.8442
   226   111   183  3.2190  0.8435
   234   118   181  3.2187  0.8440
   233   118   181  3.2171  0.8434
   226   107   182  3.2153  0.8425
   226   112   183  3.2142  0.8417
   237   102   181  3.2127  0.8418
   238   102   182  3.2126  0.8415
   229   118   182  3.2056  0.8390
   226   110   180  3.2014  0.8380
   226   117   180  3.1932  0.8351
   226   113   182  3.1900  0.8333
   226   110   183  3.1882  0.8324
   237   102   183  3.1793  0.8292
   235   118   181  3.1790  0.8297
   232   118   181  3.1787  0.8296
   226   113   183  3.1695  0.8257
   226   106   182  3.1565  0.8213
   226   118   180  3.1481  0.8189
   231   102   183  3.1449  0.8169
   226   114   182  3.1356  0.8139
   228   102   182  3.1340  0.8133
   226   109   180  3.1318  0.8131
   226   109   183  3.1275  0.8107
   242   108   181  3.1183  0.8080
   231   118   181  3.1108  0.8054
   238   102   180  3.1016  0.8024
   236   118   181  3.0988  0.8011
   242   107   181  3.0986  0.8010
   228   118   182  3.0982  0.8006
   242   109   181  3.0895  0.7978
   238   102   183  3.0895  0.7973
   226   114   183  3.0832  0.7951
   226   105   182  3.0807  0.7944
   229   102   181  3.0751  0.7927
   226   115   182  3.0716  0.7912
   238   102   181  3.0666  0.7898
   237   118   180  3.0654  0.7896
   236   118   182  3.0651  0.7889
   239   102   182  3.0597  0.7871
   226   111   181  3.0569  0.7864
   226   112   181  3.0463  0.7827
   226   108   180  3.0462  0.7829
   229   102   180  3.0456  0.7827
   226   110   181  3.0455  0.7824
   226   108   183  3.0441  0.7814
   230   102   183  3.0430  0.7810
   242   106   181  3.0291  0.7767
   230   118   181  3.0199  0.7734
   242   110   181  3.0198  0.7734
   226   109   181  3.0164  0.7722
   226   113   181  3.0094  0.7698
   226   116   182  3.0011  0.7666
   232   119   180  3.4586  0.9332
   231   119   180  3.4517  0.9306
   233   119   180  3.4321  0.9232
   233   101   182  3.4209  0.9183
   230   119   180  3.4199  0.9186
   234   101   182  3.4090  0.9138
   232   101   182  3.3981  0.9097
   229   119   180  3.3685  0.8993
   234   119   180  3.3639  0.8976
   235   101   182  3.3636  0.8968
   231   101   182  3.3415  0.8886
   234   101   180  3.3413  0.8892
   233   101   180  3.3395  0.8886
   228   119   180  3.2993  0.8737
   232   119   182  3.2920  0.8704
   235   101   180  3.2914  0.8708
   236   101   182  3.2880  0.8689
   232   101   180  3.2863  0.8689
   233   119   182  3.2845  0.8676
   233   101   181  3.2619  0.8597
   231   119   182  3.2573  0.8577
   230   101   182  3.2539  0.8565
   235   119   180  3.2484  0.8551
   234   101   181  3.2464  0.8540
   232   101   181  3.2346  0.8497
   234   119   182  3.2255  0.8461
   227   119   180  3.2112  0.8416
   236   101   180  3.1943  0.8355
   230   119   182  3.1921  0.8341
   235   101   181  3.1896  0.8335
   237   101   182  3.1869  0.8322
   231   101   180  3.1863  0.8326
   231   101   181  3.1664  0.8252
   234   101   183  3.1611  0.8227
   235   101   183  3.1575  0.8214
   229   101   182  3.1386  0.8150
   233   101   183  3.1376  0.8143
   236   101   183  3.1275  0.8107
   235   119   182  3.1115  0.8053
   229   119   182  3.1068  0.8036
   226   119   180  3.1017  0.8024
   236   101   181  3.0966  0.8003
   232   101   183  3.0871  0.7964
   225   114   180  3.0868  0.7972
   236   119   180  3.0863  0.7970
   225   110   182  3.0840  0.7956
   225   115   180  3.0796  0.7946
   225   113   180  3.0796  0.7946
   225   111   182  3.0754  0.7926
   225   109   182  3.0749  0.7924
   237   101   183  3.0728  0.7914
   238   101   182  3.0659  0.7892
   230   101   181  3.0617  0.7880
   225   116   180  3.0611  0.7881
   237   101   180  3.0589  0.7874
   225   112   180  3.0554  0.7861
   225   112   182  3.0512  0.7841
   230   101   180  3.0473  0.7833
   225   108   182  3.0470  0.7826
   225   117   180  3.0348  0.7789
   225   113   182  3.0138  0.7710
   225   111   180  3.0129  0.7713
   231   101   183  3.0105  0.7697
   228   119   182  3.0089  0.7693
   234   119   181  3.0086  0.7695
   233   119   181  3.0060  0.7686
   225   118   180  3.0038  0.7681
   225   107   182  3.0004  0.7664
   231   120   180  3.3304  0.8852
   232   120   180  3.3209  0.8817
   230   120   180  3.3154  0.8796
   229   120   180  3.2802  0.8667
   233   120   180  3.2800  0.8666
   233   100   182  3.2394  0.8512
   228   120   180  3.2260  0.8469
   234   100   182  3.2251  0.8460
   232   100   182  3.2217  0.8448
   234   120   180  3.2009  0.8379
   235   100   182  3.1810  0.8301
   231   100   182  3.1717  0.8268
   232   120   182  3.1689  0.8258
   233   120   182  3.1585  0.8220
   227   120   180  3.1512  0.8200
   231   120   182  3.1405  0.8156
   236   100   182  3.1115  0.8053
   233   100   180  3.1037  0.8031
   234   100   180  3.1005  0.8020
   234   120   182  3.1004  0.8014
   230   100   182  3.0909  0.7980
   230   120   182  3.0838  0.7955
   235   120   180  3.0794  0.7946
   232   100   180  3.0599  0.7877
   226   120   180  3.0531  0.7853
   235   100   180  3.0511  0.7846
   233   100   181  3.0360  0.7791
   235   100   183  3.0344  0.7780
   234   100   183  3.0323  0.7772
   232   100   181  3.0227  0.7744
   237   100   182  3.0213  0.7737
   236   100   183  3.0122  0.7702
   234   100   181  3.0105  0.7702
   229   120   182  3.0087  0.7693
   233   100   183  3.0048  0.7677
   231   121   180  3.2162  0.8434
   230   121   180  3.2157  0.8432
   229   121   180  3.1942  0.8355
   232   121   180  3.1925  0.8348
   228   121   180  3.1522  0.8204
   233   121   180  3.1392  0.8158
   227   121   180  3.0878  0.7975
   234   121   180  3.0511  0.7846
   233    99   182  3.0454  0.7821
   232   121   182  3.0413  0.7806
   234    99   182  3.0317  0.7773
   232    99   182  3.0304  0.7768
   233   121   182  3.0285  0.7762
   231   121   182  3.0194  0.7730
   230   122   180  3.1142  0.8069
   229   122   180  3.1035  0.8031
   231   122   180  3.1030  0.8029
   228   122   180  3.0709  0.7916
   232   122   180  3.0678  0.7905
   227   122   180  3.0143  0.7718
   233   122   180  3.0050  0.7686
   230   123   180  3.0028  0.7678
   229   123   180  3.0003  0.7669
