#   X     Y     Z      S       D
   306   129   231  4.2934  1.3012
   307   129   231  4.2928  1.3010
   305   129   231  4.2786  1.2945
   307   130   231  4.2725  1.2917
   306   128   231  4.2713  1.2912
   306   130   231  4.2671  1.2892
   305   128   231  4.2640  1.2878
   307   128   231  4.2617  1.2868
   305   130   231  4.2488  1.2809
   305   128   232  3.5407  0.9825
   305   129   232  3.5307  0.9785
   305   130   232  3.4941  0.9642
   306   128   232  3.4900  0.9626
   306   129   232  3.4726  0.9558
   306   130   232  3.4269  0.9381
   307   128   232  3.4044  0.9294
   307   129   232  3.3777  0.9192
   307   130   232  3.3220  0.8980
   307   129   230  3.3021  0.8885
   307   128   230  3.2919  0.8847
   307   130   230  3.2673  0.8755
   306   128   230  3.1317  0.8256
   306   129   230  3.1311  0.8254
   306   130   230  3.0911  0.8110
   308   129   231  4.2696  1.2904
   308   130   231  4.2565  1.2844
   304   129   231  4.2544  1.2835
   304   128   231  4.2449  1.2792
   308   128   231  4.2293  1.2721
   304   130   231  4.2238  1.2696
   305   127   231  4.2090  1.2630
   306   127   231  4.2055  1.2614
   304   127   231  4.1992  1.2586
   307   131   231  4.1987  1.2583
   306   131   231  4.1909  1.2548
   308   131   231  4.1873  1.2532
   307   127   231  4.1846  1.2520
   305   131   231  4.1733  1.2470
   304   131   231  4.1519  1.2374
   308   127   231  4.1418  1.2329
   304   128   232  3.5639  0.9916
   304   129   232  3.5591  0.9897
   304   127   232  3.5488  0.9857
   304   130   232  3.5301  0.9783
   305   127   232  3.5284  0.9776
   306   127   232  3.4831  0.9599
   304   131   232  3.4728  0.9559
   308   128   229  3.4693  0.9513
   308   129   229  3.4576  0.9468
   308   127   229  3.4430  0.9411
   308   129   230  3.4394  0.9408
   305   131   232  3.4269  0.9381
   308   128   230  3.4195  0.9331
   308   130   230  3.4105  0.9296
   307   127   232  3.4058  0.9299
   308   130   229  3.4000  0.9246
   308   127   230  3.3562  0.9089
   306   131   232  3.3494  0.9084
   307   128   229  3.3437  0.9032
   307   127   229  3.3319  0.8988
   308   131   230  3.3316  0.8996
   307   129   229  3.3205  0.8944
   308   131   229  3.2927  0.8840
   308   127   232  3.2905  0.8862
   308   128   232  3.2782  0.8816
   307   130   229  3.2554  0.8702
   307   127   230  3.2413  0.8658
   308   129   232  3.2406  0.8675
   307   131   232  3.2347  0.8653
   306   127   229  3.2001  0.8497
   306   128   229  3.1981  0.8490
   307   131   230  3.1870  0.8458
   308   130   232  3.1748  0.8432
   306   129   229  3.1650  0.8369
   307   131   229  3.1458  0.8299
   304   127   233  3.1250  0.8260
   306   127   230  3.0964  0.8129
   306   130   229  3.0950  0.8115
   308   131   232  3.0791  0.8084
   305   127   229  3.0568  0.7978
   305   128   229  3.0436  0.7931
   306   131   230  3.0116  0.7826
   305   129   229  3.0035  0.7789
   303   129   231  4.2242  1.2698
   303   128   231  4.2176  1.2668
   309   129   231  4.2160  1.2661
   309   130   231  4.2094  1.2631
   303   130   231  4.1950  1.2567
   303   127   231  4.1791  1.2496
   309   128   231  4.1687  1.2449
   309   131   231  4.1455  1.2346
   303   131   231  4.1287  1.2271
   304   126   231  4.1238  1.2249
   305   126   231  4.1211  1.2237
   303   126   231  4.1147  1.2209
   306   126   231  4.1041  1.2162
   309   127   231  4.0738  1.2029
   307   132   231  4.0723  1.2023
   307   126   231  4.0701  1.2013
   306   132   231  4.0661  1.1995
   308   132   231  4.0625  1.1980
   305   132   231  4.0533  1.1940
   304   132   231  4.0393  1.1879
   303   132   231  4.0252  1.1817
   309   132   231  4.0243  1.1813
   308   126   231  4.0163  1.1779
   309   126   231  3.9408  1.1454
   303   128   232  3.5669  0.9928
   303   129   232  3.5649  0.9921
   309   128   229  3.5644  0.9884
   309   129   229  3.5639  0.9882
   303   127   232  3.5515  0.9867
   303   130   232  3.5417  0.9829
   309   129   230  3.5373  0.9789
   309   127   229  3.5250  0.9729
   303   126   232  3.5224  0.9752
   304   126   232  3.5179  0.9735
   309   130   229  3.5144  0.9688
   309   130   230  3.5136  0.9696
   309   128   230  3.5101  0.9682
   305   126   232  3.4983  0.9658
   303   131   232  3.4929  0.9637
   306   126   232  3.4568  0.9496
   309   126   229  3.4566  0.9464
   303   126   234  3.4409  0.9457
   309   127   230  3.4378  0.9401
   309   131   230  3.4372  0.9399
   303   132   232  3.4141  0.9331
   309   131   229  3.4112  0.9289
   308   126   229  3.3887  0.9203
   307   126   232  3.3862  0.9224
   304   132   232  3.3832  0.9213
   303   126   233  3.3640  0.9150
   303   127   234  3.3527  0.9118
   309   126   230  3.3297  0.8989
   305   132   232  3.3259  0.8995
   309   132   230  3.3112  0.8919
   307   126   229  3.2937  0.8844
   308   126   232  3.2810  0.8826
   304   126   234  3.2612  0.8773
   308   126   230  3.2583  0.8722
   303   127   233  3.2583  0.8751
   309   132   229  3.2556  0.8702
   303   128   234  3.2420  0.8701
   306   132   232  3.2376  0.8664
   309   130   228  3.2374  0.8626
   304   126   233  3.2332  0.8658
   309   129   228  3.2312  0.8603
   309   131   228  3.2132  0.8537
   308   132   230  3.2063  0.8529
   309   128   228  3.1942  0.8467
   304   127   234  3.1806  0.8473
   306   126   229  3.1779  0.8416
   309   132   228  3.1606  0.8344
   307   126   230  3.1584  0.8353
   309   126   232  3.1386  0.8300
   308   132   229  3.1375  0.8269
   309   127   232  3.1352  0.8287
   303   128   233  3.1340  0.8293
   309   127   228  3.1287  0.8228
   308   130   228  3.1170  0.8186
   307   132   232  3.1142  0.8211
   308   129   228  3.1104  0.8162
   309   128   232  3.1097  0.8195
   308   131   228  3.0982  0.8118
   304   128   234  3.0802  0.8107
   308   128   228  3.0786  0.8048
   305   126   233  3.0777  0.8088
   307   132   230  3.0651  0.8016
   309   129   232  3.0600  0.8016
   308   132   228  3.0551  0.7964
   305   126   234  3.0514  0.8004
   305   126   229  3.0488  0.7950
   309   126   228  3.0404  0.7912
   306   126   230  3.0324  0.7900
   308   127   228  3.0237  0.7852
   302   129   231  4.1887  1.2538
   302   128   231  4.1835  1.2515
   302   130   231  4.1624  1.2421
   302   127   231  4.1505  1.2368
   310   129   231  4.1260  1.2259
   310   130   231  4.1227  1.2244
   302   131   231  4.1026  1.2156
   302   126   231  4.0952  1.2123
   310   128   231  4.0758  1.2038
   310   131   231  4.0625  1.1980
   303   125   231  4.0313  1.1844
   304   125   231  4.0269  1.1825
   302   125   231  4.0237  1.1811
   305   125   231  4.0094  1.1749
   302   132   231  4.0086  1.1746
   310   127   231  3.9785  1.1615
   306   125   231  3.9773  1.1611
   310   132   231  3.9450  1.1472
   307   125   231  3.9293  1.1405
   307   133   231  3.8964  1.1265
   306   133   231  3.8953  1.1261
   305   133   231  3.8910  1.1243
   304   133   231  3.8877  1.1229
   303   133   231  3.8853  1.1218
   308   133   231  3.8850  1.1217
   302   133   231  3.8804  1.1198
   308   125   231  3.8641  1.1129
   309   133   231  3.8485  1.1064
   310   126   231  3.8429  1.1040
   309   125   231  3.7808  1.0782
   310   133   231  3.7727  1.0749
   310   125   231  3.6797  1.0369
   302   125   234  3.6495  1.0284
   310   129   229  3.6283  1.0138
   310   128   227  3.6209  1.0088
   310   128   229  3.6205  1.0107
   310   129   227  3.6009  1.0008
   310   129   230  3.5929  1.0009
   310   127   227  3.5917  0.9972
   310   130   229  3.5854  0.9967
   302   126   234  3.5837  1.0020
   310   130   230  3.5720  0.9926
   310   127   229  3.5716  0.9913
   310   128   230  3.5621  0.9886
   302   125   233  3.5568  0.9900
   302   128   232  3.5555  0.9883
   302   129   232  3.5541  0.9878
   302   127   232  3.5422  0.9831
   302   130   232  3.5343  0.9800
   310   130   227  3.5321  0.9737
   302   126   232  3.5171  0.9732
   310   126   227  3.5168  0.9677
   303   125   234  3.5032  0.9701
   310   131   230  3.4975  0.9633
   309   128   227  3.4948  0.9591
   310   126   229  3.4933  0.9606
   302   131   232  3.4921  0.9634
   302   127   234  3.4906  0.9651
   310   131   229  3.4863  0.9579
   310   127   230  3.4856  0.9587
   303   125   232  3.4826  0.9597
   302   125   232  3.4825  0.9596
   309   127   227  3.4765  0.9521
   304   125   232  3.4750  0.9567
   302   126   233  3.4716  0.9565
   309   129   227  3.4682  0.9489
   305   125   232  3.4548  0.9488
   303   125   233  3.4530  0.9493
   302   132   232  3.4225  0.9364
   310   131   227  3.4184  0.9297
   309   126   227  3.4165  0.9290
   306   125   232  3.4154  0.9336
   310   125   227  3.4036  0.9241
   309   130   227  3.3978  0.9218
   310   125   229  3.3963  0.9232
   310   126   230  3.3726  0.9152
   302   128   234  3.3725  0.9194
   310   132   230  3.3722  0.9150
   309   125   229  3.3697  0.9130
   302   127   233  3.3695  0.9171
   307   125   232  3.3502  0.9087
   310   130   228  3.3364  0.8995
   310   129   228  3.3344  0.8988
   308   128   227  3.3331  0.8973
   310   132   229  3.3319  0.8987
   308   127   227  3.3287  0.8957
   304   125   233  3.3253  0.9003
   309   125   227  3.3214  0.8929
   302   133   232  3.3205  0.8974
   304   125   234  3.3184  0.8988
   308   125   229  3.3156  0.8926
   310   131   228  3.3035  0.8871
   303   133   232  3.3008  0.8900
   308   129   227  3.2983  0.8843
   310   128   228  3.2963  0.8845
   309   131   227  3.2876  0.8803
   308   126   227  3.2873  0.8802
   310   132   227  3.2668  0.8726
   304   133   232  3.2577  0.8739
   302   128   235  3.2560  0.8764
   308   125   232  3.2535  0.8723
   302   128   233  3.2481  0.8713
   302   129   235  3.2435  0.8717
   310   132   228  3.2389  0.8631
   307   125   229  3.2368  0.8632
   310   125   230  3.2340  0.8631
   302   129   234  3.2337  0.8670
   302   127   235  3.2304  0.8668
   308   130   227  3.2260  0.8575
   310   127   228  3.2244  0.8578
   308   125   227  3.2144  0.8532
   310   133   230  3.2035  0.8519
   309   125   230  3.1970  0.8495
   305   133   232  3.1885  0.8482
   303   128   235  3.1779  0.8473
   305   125   233  3.1719  0.8431
   302   126   235  3.1717  0.8451
   303   129   235  3.1625  0.8417
   307   127   227  3.1599  0.8333
   303   127   235  3.1525  0.8380
   307   128   227  3.1497  0.8296
   310   133   228  3.1469  0.8294
   309   132   227  3.1444  0.8277
   309   133   230  3.1431  0.8298
   307   126   227  3.1388  0.8257
   306   125   229  3.1376  0.8269
   308   125   230  3.1368  0.8275
   310   133   229  3.1287  0.8237
   310   126   228  3.1249  0.8215
   309   125   232  3.1228  0.8242
   308   131   227  3.1204  0.8190
   303   129   234  3.1135  0.8228
   307   129   227  3.1070  0.8142
   302   129   233  3.1067  0.8193
   305   125   234  3.1018  0.8185
   303   126   235  3.0917  0.8159
   306   133   232  3.0904  0.8125
   310   133   227  3.0860  0.8067
   302   125   235  3.0860  0.8138
   309   133   228  3.0821  0.8060
   304   128   235  3.0547  0.8025
   309   133   229  3.0545  0.7970
   307   125   230  3.0531  0.7974
   308   133   230  3.0421  0.7934
   304   129   235  3.0342  0.7951
   307   130   227  3.0340  0.7881
   304   127   235  3.0328  0.7946
   305   125   229  3.0241  0.7862
   310   125   228  3.0068  0.7793
   303   125   235  3.0025  0.7838
   301   129   231  4.1467  1.2351
   301   128   231  4.1421  1.2330
   301   130   231  4.1235  1.2248
   301   127   231  4.1136  1.2204
   301   131   231  4.0701  1.2013
   301   126   231  4.0661  1.1996
   301   125   231  4.0050  1.1730
   311   129   231  3.9959  1.1691
   311   130   231  3.9907  1.1668
   301   132   231  3.9852  1.1644
   311   128   231  3.9490  1.1489
   302   124   231  3.9411  1.1455
   303   124   231  3.9355  1.1432
   301   124   231  3.9339  1.1425
   311   131   231  3.9303  1.1410
   304   124   231  3.9164  1.1350
   305   124   231  3.8833  1.1210
   301   133   231  3.8678  1.1145
   311   127   231  3.8555  1.1093
   306   124   231  3.8357  1.1010
   311   132   231  3.8146  1.0922
   301   124   234  3.7952  1.0882
   307   124   231  3.7736  1.0753
   301   125   234  3.7542  1.0712
   311   126   231  3.7231  1.0545
   302   134   231  3.7177  1.0523
   301   134   231  3.7172  1.0521
   303   134   231  3.7098  1.0491
   301   124   233  3.7074  1.0506
   311   128   227  3.7008  1.0408
   304   134   231  3.6990  1.0447
   308   124   231  3.6969  1.0438
   305   134   231  3.6897  1.0409
   302   124   234  3.6880  1.0440
   301   126   234  3.6864  1.0434
   311   129   227  3.6839  1.0340
   306   134   231  3.6831  1.0382
   307   134   231  3.6761  1.0354
   311   127   227  3.6652  1.0265
   308   134   231  3.6605  1.0291
   311   133   231  3.6461  1.0233
   311   129   229  3.6434  1.0199
   301   125   233  3.6389  1.0228
   311   128   229  3.6322  1.0154
   302   124   233  3.6284  1.0186
   309   134   231  3.6238  1.0143
   311   130   227  3.6148  1.0063
   309   124   231  3.6055  1.0070
   311   129   230  3.6051  1.0057
   311   130   229  3.6035  1.0040
   301   127   234  3.5909  1.0048
   311   130   230  3.5832  0.9970
   311   126   227  3.5809  0.9929
   311   127   229  3.5794  0.9944
   311   128   230  3.5758  0.9941
   311   125   231  3.5616  0.9896
   301   126   233  3.5579  0.9904
   310   134   231  3.5514  0.9855
   303   124   234  3.5388  0.9841
   301   128   232  3.5339  0.9798
   301   129   232  3.5307  0.9785
   303   124   233  3.5277  0.9785
   301   127   232  3.5246  0.9761
   301   130   232  3.5121  0.9712
   311   131   230  3.5083  0.9675
   311   131   229  3.5068  0.9658
   301   126   232  3.5052  0.9685
   311   127   230  3.5007  0.9645
   310   124   231  3.5001  0.9654
   311   131   227  3.4977  0.9603
   311   126   229  3.4968  0.9620
   301   125   232  3.4773  0.9576
   301   131   232  3.4739  0.9563
   301   128   234  3.4685  0.9565
   301   127   233  3.4603  0.9521
   311   125   227  3.4556  0.9440
   301   124   232  3.4415  0.9437
   302   124   232  3.4399  0.9431
   303   124   232  3.4343  0.9409
   311   134   231  3.4305  0.9383
   304   124   232  3.4229  0.9365
   301   132   232  3.4113  0.9321
   311   129   228  3.4068  0.9262
   304   124   233  3.4026  0.9298
   305   124   232  3.4010  0.9281
   311   130   228  3.3997  0.9235
   311   125   229  3.3949  0.9226
   311   126   230  3.3883  0.9211
   311   132   230  3.3835  0.9193
   311   124   231  3.3815  0.9196
   311   128   228  3.3732  0.9134
   306   124   232  3.3626  0.9134
   311   131   228  3.3543  0.9063
   311   132   229  3.3537  0.9070
   304   124   234  3.3502  0.9109
   301   128   233  3.3429  0.9070
   311   132   227  3.3394  0.8997
   301   129   234  3.3226  0.9004
   301   133   232  3.3187  0.8968
   301   127   236  3.3035  0.8954
   307   124   232  3.3012  0.8902
   311   124   227  3.3006  0.8852
   311   127   228  3.3005  0.8860
   301   126   236  3.2945  0.8920
   301   128   235  3.2925  0.8901
   310   124   229  3.2882  0.8824
   301   128   236  3.2813  0.8870
   311   124   229  3.2811  0.8797
   301   129   235  3.2805  0.8856
   311   132   228  3.2755  0.8767
   309   124   229  3.2712  0.8760
   301   127   235  3.2696  0.8815
   302   127   236  3.2634  0.8803
   310   124   227  3.2630  0.8712
   302   126   236  3.2574  0.8780
   301   125   236  3.2567  0.8778
   305   124   233  3.2514  0.8725
   311   125   230  3.2486  0.8685
   302   128   236  3.2364  0.8701
   301   130   235  3.2305  0.8669
   308   124   229  3.2301  0.8608
   301   129   236  3.2268  0.8666
   302   125   236  3.2206  0.8643
   301   126   235  3.2164  0.8616
   311   133   230  3.2160  0.8565
   308   124   232  3.2113  0.8566
   301   129   233  3.2049  0.8553
   309   124   227  3.2008  0.8483
   303   127   236  3.1953  0.8549
   311   126   228  3.1951  0.8470
   301   124   236  3.1944  0.8545
   303   126   236  3.1915  0.8534
   301   134   232  3.1904  0.8489
   302   130   235  3.1899  0.8518
   302   134   232  3.1812  0.8456
   302   129   236  3.1763  0.8478
   311   133   228  3.1694  0.8376
   307   124   229  3.1663  0.8374
   303   128   236  3.1650  0.8437
   301   130   234  3.1583  0.8391
   302   124   236  3.1571  0.8408
   303   125   236  3.1555  0.8402
   311   133   229  3.1507  0.8317
   311   133   227  3.1494  0.8295
   303   134   232  3.1493  0.8339
   301   130   236  3.1409  0.8348
   301   125   235  3.1378  0.8326
   305   124   234  3.1292  0.8285
   308   124   227  3.1180  0.8181
   303   130   235  3.1035  0.8201
   303   129   236  3.1011  0.8203
   304   127   236  3.0980  0.8191
   304   126   236  3.0955  0.8182
   304   134   232  3.0939  0.8138
   311   124   230  3.0919  0.8112
   303   124   236  3.0916  0.8168
   309   124   232  3.0903  0.8125
   307   125   227  3.0900  0.8081
   302   130   236  3.0852  0.8145
   306   124   229  3.0830  0.8072
   310   124   230  3.0804  0.8071
   302   130   234  3.0793  0.8104
   306   124   233  3.0740  0.8075
   311   125   228  3.0670  0.8007
   304   128   236  3.0658  0.8075
   304   125   236  3.0605  0.8056
   309   124   230  3.0507  0.7965
   301   130   233  3.0475  0.7980
   311   134   228  3.0419  0.7917
   301   124   235  3.0390  0.7968
   310   134   228  3.0318  0.7881
   307   124   227  3.0196  0.7830
   311   134   230  3.0172  0.7846
   305   134   232  3.0140  0.7851
   303   130   236  3.0062  0.7861
   310   134   230  3.0026  0.7794
   308   124   230  3.0023  0.7793
   300   129   231  4.0954  1.2124
   300   128   231  4.0917  1.2108
   300   130   231  4.0746  1.2033
   300   127   231  4.0675  1.2001
   300   126   231  4.0272  1.1826
   300   131   231  4.0266  1.1823
   300   125   231  3.9754  1.1602
   300   132   231  3.9495  1.1491
   300   124   231  3.9146  1.1343
   300   123   234  3.8813  1.1244
   300   124   234  3.8608  1.1157
   301   123   231  3.8542  1.1088
   302   123   231  3.8499  1.1070
   300   123   231  3.8452  1.1050
   300   133   231  3.8419  1.1036
   303   123   231  3.8316  1.0993
   312   129   231  3.8253  1.0967
   300   123   233  3.8243  1.0989
   300   125   234  3.8170  1.0973
   312   130   231  3.8116  1.0910
   301   123   234  3.8110  1.0948
   304   123   231  3.7983  1.0855
   312   128   231  3.7886  1.0815
   300   124   233  3.7670  1.0751
   301   123   233  3.7661  1.0748
   305   123   231  3.7502  1.0656
   300   126   234  3.7482  1.0687
   312   131   231  3.7458  1.0638
   312   128   227  3.7273  1.0516
   312   129   227  3.7092  1.0442
   312   127   231  3.7056  1.0474
   300   134   231  3.7021  1.0460
   300   125   233  3.7015  1.0482
   302   123   234  3.7001  1.0490
   312   127   227  3.6910  1.0369
   302   123   233  3.6887  1.0430
   306   123   231  3.6879  1.0402
   300   127   234  3.6521  1.0295
   312   130   227  3.6372  1.0153
   312   132   231  3.6285  1.0162
   300   126   233  3.6246  1.0171
   307   123   231  3.6126  1.0098
   312   129   229  3.6058  1.0049
   312   126   227  3.6038  1.0019
   312   128   229  3.5973  1.0015
   303   123   233  3.5894  1.0030
   312   126   231  3.5825  0.9979
   312   129   230  3.5740  0.9934
   312   130   229  3.5638  0.9882
   312   128   230  3.5519  0.9846
   303   123   234  3.5477  0.9876
   312   127   229  3.5474  0.9818
   312   130   230  3.5461  0.9824
   301   135   231  3.5324  0.9780
   300   127   233  3.5318  0.9801
   300   135   231  3.5285  0.9765
   300   128   234  3.5283  0.9800
   308   123   231  3.5248  0.9751
   302   135   231  3.5208  0.9735
   312   131   227  3.5158  0.9673
   300   128   232  3.5040  0.9680
   300   127   232  3.5003  0.9666
   303   135   231  3.5001  0.9654
   300   129   232  3.4972  0.9654
   300   126   232  3.4879  0.9617
   312   127   230  3.4841  0.9581
   300   130   232  3.4774  0.9577
   304   135   231  3.4762  0.9561
   312   125   227  3.4731  0.9508
   300   125   232  3.4676  0.9538
   312   131   230  3.4676  0.9517
   312   126   229  3.4669  0.9503
   312   131   229  3.4662  0.9501
   304   123   233  3.4656  0.9542
   312   133   231  3.4628  0.9509
   305   135   231  3.4539  0.9474
   300   131   232  3.4409  0.9435
   300   124   232  3.4395  0.9429
   312   129   228  3.4372  0.9379
   306   135   231  3.4354  0.9402
   312   125   231  3.4276  0.9373
   309   123   231  3.4251  0.9363
   300   128   233  3.4194  0.9363
   307   135   231  3.4189  0.9339
   312   130   228  3.4159  0.9297
   312   128   228  3.4141  0.9290
   300   123   232  3.4027  0.9287
   308   135   231  3.3975  0.9257
   301   123   232  3.3975  0.9267
   302   123   232  3.3892  0.9236
   300   132   232  3.3827  0.9211
   300   129   234  3.3787  0.9218
   303   123   232  3.3782  0.9194
   312   126   230  3.3776  0.9171
   312   125   229  3.3655  0.9115
   304   123   232  3.3627  0.9134
   309   135   231  3.3594  0.9112
   304   123   234  3.3562  0.9132
   312   131   228  3.3543  0.9063
   312   132   227  3.3523  0.9046
   312   127   228  3.3471  0.9036
   312   132   230  3.3420  0.9035
   305   123   232  3.3386  0.9043
   300   127   236  3.3166  0.9004
   305   123   233  3.3155  0.8966
   310   123   231  3.3141  0.8940
   312   132   229  3.3136  0.8919
   312   124   227  3.3104  0.8888
   300   126   236  3.3039  0.8955
   306   123   232  3.3002  0.8898
   300   128   236  3.3001  0.8941
   300   133   232  3.2970  0.8886
   300   128   235  3.2937  0.8906
   310   135   231  3.2903  0.8851
   300   129   233  3.2856  0.8854
   300   129   235  3.2799  0.8854
   300   127   235  3.2760  0.8839
   300   125   236  3.2652  0.8810
   300   125   237  3.2602  0.8802
   312   132   228  3.2594  0.8707
   300   126   237  3.2556  0.8785
   312   134   231  3.2545  0.8717
   300   129   236  3.2524  0.8761
   312   124   231  3.2507  0.8703
   312   124   229  3.2505  0.8683
   312   126   228  3.2425  0.8644
   312   125   230  3.2416  0.8659
   307   123   232  3.2412  0.8677
   300   124   237  3.2350  0.8708
   300   130   235  3.2313  0.8672
   300   126   235  3.2306  0.8669
   301   125   237  3.2210  0.8655
   300   127   237  3.2178  0.8643
   301   126   237  3.2139  0.8629
   300   130   234  3.2078  0.8574
   300   124   236  3.2049  0.8584
   301   124   237  3.1962  0.8563
   311   123   231  3.1928  0.8489
   300   123   237  3.1858  0.8524
   300   134   232  3.1772  0.8441
   311   135   231  3.1771  0.8431
   312   133   230  3.1767  0.8421
   310   123   229  3.1729  0.8397
   300   130   236  3.1728  0.8465
   301   127   237  3.1721  0.8474
   309   123   229  3.1649  0.8368
   300   125   235  3.1616  0.8414
   311   123   229  3.1597  0.8349
   312   133   227  3.1567  0.8322
   308   123   232  3.1564  0.8365
   302   125   237  3.1528  0.8403
   300   128   237  3.1470  0.8381
   300   131   235  3.1457  0.8355
   301   123   237  3.1454  0.8375
   302   126   237  3.1425  0.8365
   301   131   235  3.1408  0.8337
   312   133   228  3.1393  0.8267
   306   123   233  3.1390  0.8311
   308   123   229  3.1352  0.8260
   305   123   234  3.1325  0.8297
   300   130   233  3.1315  0.8283
   302   124   237  3.1303  0.8320
   311   123   227  3.1292  0.8222
   312   123   227  3.1292  0.8222
   300   123   236  3.1278  0.8300
   312   123   229  3.1262  0.8228
   301   123   236  3.1126  0.8245
   312   133   229  3.1125  0.8178
   312   125   228  3.1107  0.8163
   310   123   227  3.1075  0.8144
   302   127   237  3.0974  0.8200
   301   128   237  3.0967  0.8197
   302   131   235  3.0941  0.8167
   312   124   230  3.0852  0.8089
   307   123   229  3.0845  0.8077
   302   123   237  3.0804  0.8138
   300   124   235  3.0726  0.8089
   302   123   236  3.0722  0.8098
   309   123   227  3.0659  0.7995
   300   131   236  3.0623  0.8062
   312   123   231  3.0622  0.8015
   303   125   237  3.0503  0.8029
   300   129   237  3.0475  0.8019
   309   123   232  3.0429  0.7954
   303   126   237  3.0365  0.7979
   303   124   237  3.0318  0.7963
   301   131   236  3.0257  0.7931
   301   135   232  3.0218  0.7879
   300   131   234  3.0211  0.7895
   302   128   237  3.0195  0.7919
   300   135   232  3.0181  0.7866
   306   123   229  3.0151  0.7830
   312   135   231  3.0127  0.7838
   308   123   227  3.0071  0.7786
   303   123   236  3.0056  0.7859
   302   135   232  3.0015  0.7807
   312   134   228  3.0015  0.7774
   303   131   235  3.0006  0.7831
   299   129   231  4.0316  1.1845
   299   128   231  4.0298  1.1837
   299   130   231  4.0118  1.1759
   299   127   231  4.0103  1.1753
   299   126   231  3.9772  1.1610
   299   131   231  3.9675  1.1568
   299   125   231  3.9341  1.1426
   299   122   234  3.9176  1.1398
   299   122   233  3.9146  1.1370
   299   123   234  3.9132  1.1379
   299   132   231  3.8965  1.1266
   299   124   234  3.8869  1.1267
   299   124   231  3.8830  1.1209
   300   122   234  3.8781  1.1230
   300   122   233  3.8736  1.1197
   299   123   233  3.8650  1.1161
   299   125   234  3.8396  1.1068
   299   123   231  3.8232  1.0958
   301   122   233  3.8151  1.0951
   299   124   233  3.8088  1.0925
   301   122   234  3.8016  1.0909
   299   133   231  3.7969  1.0849
   299   126   234  3.7697  1.0776
   300   122   231  3.7645  1.0715
   301   122   231  3.7640  1.0713
   299   122   231  3.7518  1.0663
   302   122   231  3.7497  1.0654
   299   125   233  3.7458  1.0664
   302   122   233  3.7371  1.0628
   303   122   231  3.7202  1.0533
   313   128   227  3.6972  1.0393
   302   122   234  3.6858  1.0431
   304   122   231  3.6748  1.0349
   299   127   234  3.6742  1.0384
   313   129   227  3.6735  1.0298
   299   126   233  3.6726  1.0365
   299   134   231  3.6666  1.0316
   313   127   227  3.6658  1.0267
   303   122   233  3.6371  1.0221
   313   129   231  3.6165  1.0114
   305   122   231  3.6140  1.0104
   313   128   231  3.5965  1.0034
   313   130   227  3.5961  0.9989
   313   130   231  3.5882  1.0001
   299   127   233  3.5844  1.0010
   313   126   227  3.5822  0.9934
   299   128   234  3.5511  0.9890
   306   122   231  3.5392  0.9807
   313   127   231  3.5301  0.9772
   303   122   234  3.5299  0.9806
   313   128   229  3.5160  0.9694
   313   129   229  3.5153  0.9692
   304   122   233  3.5125  0.9726
   313   131   231  3.5119  0.9700
   299   135   231  3.5031  0.9665
   313   129   230  3.5004  0.9644
   313   128   230  3.4909  0.9607
   299   128   233  3.4770  0.9586
   313   127   229  3.4757  0.9538
   313   131   227  3.4697  0.9494
   299   127   232  3.4694  0.9545
   299   128   232  3.4664  0.9534
   313   130   229  3.4659  0.9500
   299   126   232  3.4647  0.9527
   313   130   230  3.4620  0.9495
   299   129   232  3.4546  0.9488
   313   125   227  3.4533  0.9431
   299   125   232  3.4525  0.9480
   307   122   231  3.4523  0.9468
   313   127   230  3.4357  0.9393
   299   124   232  3.4324  0.9402
   299   130   232  3.4318  0.9399
   313   126   231  3.4217  0.9350
   313   129   228  3.4174  0.9303
   313   128   228  3.4105  0.9276
   313   126   229  3.4036  0.9260
   299   123   232  3.4033  0.9290
   299   129   234  3.4009  0.9303
   299   131   232  3.3946  0.9256
   313   132   231  3.3897  0.9227
   313   130   228  3.3776  0.9151
   313   131   230  3.3765  0.9166
   313   131   229  3.3640  0.9109
   299   122   232  3.3632  0.9136
   305   122   233  3.3617  0.9141
   313   127   228  3.3560  0.9069
   300   122   232  3.3552  0.9106
   308   122   231  3.3546  0.9093
   299   129   233  3.3480  0.9089
   301   122   232  3.3434  0.9061
   313   126   230  3.3402  0.9029
   299   132   232  3.3382  0.9041
   304   122   234  3.3360  0.9055
   302   122   232  3.3293  0.9008
   300   136   231  3.3196  0.8961
   303   122   232  3.3132  0.8947
   301   136   231  3.3131  0.8936
   313   125   229  3.3083  0.8899
   299   136   231  3.3040  0.8902
   299   127   236  3.3028  0.8951
   313   132   227  3.3027  0.8860
   313   131   228  3.2971  0.8847
   304   122   232  3.2938  0.8874
   299   128   236  3.2921  0.8911
   302   136   231  3.2907  0.8852
   313   124   227  3.2899  0.8812
   299   126   236  3.2866  0.8890
   313   125   231  3.2779  0.8804
   299   125   237  3.2771  0.8866
   299   126   237  3.2741  0.8854
   305   122   232  3.2673  0.8775
   299   128   235  3.2672  0.8806
   313   126   228  3.2592  0.8707
   303   136   231  3.2588  0.8733
   299   133   232  3.2564  0.8734
   299   127   235  3.2563  0.8765
   299   124   237  3.2530  0.8775
   299   129   236  3.2513  0.8757
   299   129   235  3.2496  0.8740
   313   132   230  3.2486  0.8685
   299   125   236  3.2478  0.8744
   309   122   231  3.2469  0.8689
   299   127   237  3.2403  0.8727
   306   122   232  3.2282  0.8629
   299   130   234  3.2271  0.8645
   313   133   231  3.2256  0.8610
   304   136   231  3.2234  0.8602
   299   126   235  3.2201  0.8630
   313   125   230  3.2118  0.8549
   313   132   229  3.2108  0.8536
   299   123   237  3.2071  0.8604
   299   130   235  3.2002  0.8556
   299   130   233  3.1976  0.8526
   313   124   229  3.1964  0.8484
   299   124   236  3.1906  0.8531
   305   136   231  3.1896  0.8477
   313   132   228  3.1854  0.8435
   306   122   233  3.1848  0.8478
   299   130   236  3.1786  0.8487
   299   128   237  3.1752  0.8485
   307   122   232  3.1705  0.8416
   299   125   235  3.1617  0.8414
   306   136   231  3.1602  0.8369
   299   122   237  3.1449  0.8374
   299   134   232  3.1424  0.8313
   307   136   231  3.1347  0.8276
   313   125   228  3.1308  0.8236
   310   122   231  3.1298  0.8258
   299   123   236  3.1195  0.8270
   300   122   237  3.1189  0.8278
   299   131   235  3.1163  0.8248
   305   122   234  3.1107  0.8217
   313   124   231  3.1081  0.8180
   308   136   231  3.1073  0.8177
   313   133   227  3.1056  0.8137
   313   123   227  3.1054  0.8136
   308   122   232  3.0891  0.8120
   313   133   230  3.0863  0.8093
   299   124   235  3.0837  0.8130
   299   129   237  3.0819  0.8144
   301   122   237  3.0755  0.8120
   299   131   236  3.0736  0.8103
   313   123   229  3.0724  0.8034
   309   136   231  3.0677  0.8034
   313   124   230  3.0591  0.7995
   313   133   228  3.0526  0.7955
   309   122   229  3.0511  0.7958
   310   122   229  3.0510  0.7958
   299   122   236  3.0384  0.7976
   300   122   236  3.0383  0.7976
   299   131   234  3.0354  0.7946
   311   122   229  3.0318  0.7889
   308   122   229  3.0310  0.7887
   299   131   233  3.0278  0.7910
   313   134   231  3.0259  0.7885
   300   132   235  3.0225  0.7909
   301   122   236  3.0166  0.7898
   313   133   229  3.0132  0.7823
   301   132   235  3.0117  0.7871
   302   122   237  3.0101  0.7885
   311   122   231  3.0043  0.7808
   310   136   231  3.0023  0.7801
   298   121   233  3.9792  1.1648
   299   121   233  3.9534  1.1537
   298   128   231  3.9531  1.1507
   298   129   231  3.9515  1.1500
   298   127   231  3.9393  1.1448
   298   122   233  3.9393  1.1476
   298   130   231  3.9309  1.1412
   298   122   234  3.9220  1.1417
   298   126   231  3.9137  1.1339
   300   121   233  3.9110  1.1355
   298   121   234  3.9104  1.1367
   298   123   234  3.9088  1.1361
   299   121   234  3.8963  1.1307
   298   123   233  3.8892  1.1263
   298   131   231  3.8883  1.1231
   298   125   231  3.8793  1.1194
   298   124   234  3.8756  1.1219
   301   121   233  3.8506  1.1100
   300   121   234  3.8482  1.1104
   298   124   231  3.8375  1.1018
   298   124   233  3.8334  1.1028
   298   125   234  3.8239  1.1002
   298   132   231  3.8214  1.0950
   298   123   231  3.7871  1.0808
   298   125   233  3.7719  1.0772
   302   121   233  3.7702  1.0765
   301   121   234  3.7646  1.0755
   298   126   234  3.7524  1.0704
   298   133   231  3.7279  1.0565
   298   122   231  3.7249  1.0553
   298   126   233  3.7014  1.0482
   300   121   231  3.6684  1.0323
   303   121   233  3.6674  1.0343
   299   121   231  3.6642  1.0306
   301   121   231  3.6599  1.0288
   298   127   234  3.6577  1.0317
   298   121   231  3.6464  1.0234
   302   121   234  3.6434  1.0259
   302   121   231  3.6374  1.0198
   298   127   233  3.6171  1.0141
   314   128   227  3.6108  1.0047
   298   134   231  3.6054  1.0070
   303   121   231  3.5995  1.0046
   314   127   227  3.5890  0.9961
   314   129   227  3.5784  0.9919
   304   121   231  3.5451  0.9830
   304   121   233  3.5398  0.9833
   298   128   234  3.5367  0.9833
   314   126   227  3.5150  0.9670
   298   128   233  3.5143  0.9732
   314   130   227  3.4939  0.9588
   303   121   234  3.4838  0.9625
   305   121   231  3.4749  0.9556
   298   135   231  3.4506  0.9461
   298   126   232  3.4343  0.9409
   298   127   232  3.4311  0.9397
   298   125   232  3.4302  0.9394
   298   128   232  3.4209  0.9357
   298   124   232  3.4184  0.9348
   298   129   232  3.4030  0.9289
   298   123   232  3.3974  0.9267
   314   125   227  3.3945  0.9206
   314   128   230  3.3926  0.9228
   306   121   231  3.3909  0.9231
   314   128   229  3.3900  0.9208
   298   129   233  3.3900  0.9250
   298   129   234  3.3886  0.9256
   305   121   233  3.3862  0.9235
   314   129   230  3.3857  0.9202
   298   130   232  3.3757  0.9184
   314   128   231  3.3752  0.9172
   314   129   229  3.3747  0.9150
   314   129   231  3.3742  0.9168
   298   122   232  3.3653  0.9144
   314   127   229  3.3651  0.9113
   314   131   227  3.3633  0.9088
   314   128   228  3.3569  0.9072
   314   127   230  3.3541  0.9081
   314   129   228  3.3431  0.9020
   298   131   232  3.3358  0.9032
   314   130   230  3.3336  0.9004
   314   127   231  3.3297  0.8999
   314   130   231  3.3275  0.8991
   314   127   228  3.3207  0.8936
   298   121   232  3.3195  0.8971
   314   130   229  3.3137  0.8919
   299   121   232  3.3091  0.8931
   314   126   229  3.3069  0.8894
   307   121   231  3.2951  0.8869
   300   121   232  3.2942  0.8875
   304   121   234  3.2877  0.8872
   314   130   228  3.2820  0.8791
   298   132   232  3.2785  0.8817
   298   125   237  3.2776  0.8868
   301   121   232  3.2764  0.8809
   298   126   237  3.2752  0.8859
   314   126   230  3.2734  0.8778
   298   127   236  3.2625  0.8799
   298   136   231  3.2603  0.8739
   302   121   232  3.2571  0.8737
   298   128   236  3.2565  0.8777
   298   124   237  3.2558  0.8785
   298   127   237  3.2450  0.8745
   298   126   236  3.2444  0.8731
   298   130   233  3.2436  0.8696
   314   126   231  3.2400  0.8663
   314   131   230  3.2392  0.8651
   314   126   228  3.2387  0.8630
   314   131   231  3.2376  0.8654
   314   124   227  3.2374  0.8617
   303   121   232  3.2367  0.8661
   314   125   229  3.2226  0.8580
   298   129   236  3.2219  0.8647
   298   128   235  3.2206  0.8632
   298   127   235  3.2172  0.8619
   298   130   234  3.2157  0.8603
   298   123   237  3.2141  0.8630
   304   121   232  3.2137  0.8575
   306   121   233  3.2072  0.8561
   298   125   236  3.2068  0.8591
   314   131   229  3.2049  0.8515
   298   129   235  3.1979  0.8547
   298   133   232  3.1976  0.8516
   314   132   227  3.1955  0.8463
   298   126   235  3.1905  0.8520
   308   121   231  3.1894  0.8476
   298   128   237  3.1860  0.8525
   305   121   232  3.1846  0.8468
   314   131   228  3.1820  0.8422
   298   122   237  3.1572  0.8419
   314   125   230  3.1562  0.8346
   298   130   236  3.1557  0.8403
   298   124   236  3.1542  0.8397
   298   130   235  3.1457  0.8355
   306   121   232  3.1444  0.8321
   298   125   235  3.1427  0.8344
   314   125   228  3.1207  0.8200
   314   124   229  3.1180  0.8198
   314   125   231  3.1114  0.8192
   314   132   231  3.1088  0.8182
   314   132   230  3.1088  0.8173
   298   129   237  3.1001  0.8210
   298   123   236  3.0905  0.8164
   298   121   237  3.0880  0.8166
   307   121   232  3.0872  0.8113
   298   134   232  3.0861  0.8110
   298   131   233  3.0762  0.8083
   298   124   235  3.0758  0.8101
   300   137   231  3.0755  0.8062
   309   121   231  3.0748  0.8060
   299   121   237  3.0705  0.8102
   299   137   231  3.0682  0.8036
   305   121   234  3.0617  0.8040
   298   131   235  3.0613  0.8049
   301   137   231  3.0607  0.8009
   298   131   236  3.0565  0.8041
   314   123   227  3.0564  0.7961
   314   132   228  3.0547  0.7963
   314   132   229  3.0509  0.7957
   300   121   237  3.0395  0.7990
   298   137   231  3.0325  0.7909
   302   137   231  3.0302  0.7900
   298   131   234  3.0231  0.7902
   298   122   236  3.0188  0.7906
   314   124   230  3.0103  0.7821
   308   121   232  3.0080  0.7830
   307   121   233  3.0059  0.7832
   314   133   227  3.0016  0.7767
   297   120   233  4.0122  1.1790
   298   120   233  4.0017  1.1745
   297   121   233  3.9887  1.1688
   299   120   233  3.9742  1.1626
   297   122   233  3.9477  1.1512
   300   120   233  3.9294  1.1434
   297   123   233  3.8967  1.1294
   297   122   234  3.8921  1.1289
   297   121   234  3.8908  1.1284
   297   123   234  3.8695  1.1194
   298   120   234  3.8676  1.1186
   301   120   233  3.8659  1.1164
   297   120   234  3.8592  1.1150
   297   128   231  3.8576  1.1102
   297   129   231  3.8510  1.1075
   297   127   231  3.8505  1.1072
   299   120   234  3.8433  1.1084
   297   124   233  3.8402  1.1056
   297   126   231  3.8331  1.0999
   297   124   234  3.8286  1.1022
   297   130   231  3.8277  1.0977
   297   125   231  3.8076  1.0893
   300   120   234  3.7865  1.0846
   297   131   231  3.7847  1.0799
   302   120   233  3.7816  1.0812
   297   125   233  3.7789  1.0801
   297   124   231  3.7749  1.0758
   297   125   234  3.7717  1.0785
   297   123   231  3.7338  1.0589
   297   132   231  3.7199  1.0532
   297   126   233  3.7098  1.0516
   297   126   234  3.6979  1.0481
   301   120   234  3.6957  1.0472
   297   122   231  3.6810  1.0374
   303   120   233  3.6743  1.0372
   297   133   231  3.6306  1.0171
   297   127   233  3.6280  1.0185
   297   121   231  3.6120  1.0096
   297   127   234  3.6038  1.0100
   302   120   234  3.5691  0.9962
   299   120   231  3.5563  0.9875
   300   120   231  3.5529  0.9861
   298   120   231  3.5473  0.9839
   304   120   233  3.5421  0.9842
   301   120   231  3.5377  0.9801
   297   128   233  3.5288  0.9790
   297   120   231  3.5230  0.9743
   297   134   231  3.5141  0.9709
   302   120   231  3.5095  0.9691
   297   128   234  3.4857  0.9632
   315   128   227  3.4725  0.9505
   303   120   231  3.4661  0.9521
   315   127   227  3.4634  0.9470
   315   129   227  3.4300  0.9341
   297   129   233  3.4086  0.9321
   304   120   231  3.4064  0.9291
   303   120   234  3.4061  0.9323
   315   126   227  3.4034  0.9240
   297   125   232  3.3991  0.9274
   297   124   232  3.3954  0.9260
   297   126   232  3.3950  0.9258
   305   120   233  3.3844  0.9228
   297   127   232  3.3841  0.9216
   297   123   232  3.3828  0.9211
   297   135   231  3.3665  0.9138
   297   128   232  3.3665  0.9149
   297   122   232  3.3596  0.9123
   297   129   232  3.3418  0.9055
   297   129   234  3.3417  0.9076
   315   130   227  3.3392  0.8996
   305   120   231  3.3308  0.9003
   297   121   232  3.3233  0.8985
   297   130   232  3.3087  0.8930
   315   125   227  3.2969  0.8838
   297   120   232  3.2711  0.8789
   297   130   233  3.2660  0.8780
   297   125   237  3.2656  0.8822
   297   131   232  3.2643  0.8763
   297   126   237  3.2630  0.8813
   315   128   230  3.2569  0.8716
   298   120   232  3.2566  0.8735
   315   128   228  3.2509  0.8676
   297   124   237  3.2465  0.8751
   306   120   231  3.2411  0.8667
   299   120   232  3.2376  0.8664
   315   127   228  3.2374  0.8626
   315   127   230  3.2371  0.8643
   297   127   237  3.2357  0.8710
   315   129   230  3.2325  0.8626
   315   128   229  3.2223  0.8579
   315   127   229  3.2165  0.8557
   300   120   232  3.2157  0.8583
   315   129   228  3.2140  0.8540
   297   123   237  3.2093  0.8612
   304   120   234  3.2087  0.8577
   315   131   227  3.2068  0.8505
   297   132   232  3.2038  0.8539
   306   120   233  3.2025  0.8544
   297   127   236  3.1973  0.8556
   297   128   236  3.1937  0.8543
   301   120   232  3.1926  0.8497
   315   129   229  3.1893  0.8457
   297   136   231  3.1838  0.8456
   297   128   237  3.1824  0.8512
   297   126   236  3.1795  0.8490
   315   126   229  3.1763  0.8410
   315   126   228  3.1760  0.8400
   315   126   230  3.1736  0.8409
   297   130   234  3.1729  0.8445
   302   120   232  3.1689  0.8411
   315   130   230  3.1663  0.8382
   297   127   235  3.1649  0.8426
   297   129   236  3.1635  0.8431
   297   128   235  3.1610  0.8411
   297   122   237  3.1574  0.8420
   315   124   227  3.1524  0.8306
   297   126   235  3.1470  0.8360
   297   125   236  3.1453  0.8364
   303   120   232  3.1447  0.8322
   307   120   231  3.1399  0.8295
   297   129   235  3.1326  0.8307
   315   130   228  3.1316  0.8239
   315   128   231  3.1279  0.8252
   297   133   232  3.1210  0.8236
   304   120   232  3.1184  0.8226
   315   130   229  3.1147  0.8186
   297   125   235  3.1090  0.8221
   315   125   229  3.1070  0.8158
   315   129   231  3.1051  0.8169
   315   127   231  3.1050  0.8168
   297   129   237  3.1042  0.8224
   297   130   236  3.1029  0.8209
   297   131   233  3.1013  0.8174
   297   124   236  3.0989  0.8195
   297   121   237  3.0931  0.8184
   305   120   232  3.0868  0.8112
   297   130   235  3.0766  0.8104
   315   125   228  3.0752  0.8036
   315   125   230  3.0705  0.8036
   315   131   230  3.0637  0.8011
   297   124   235  3.0527  0.8018
   306   120   232  3.0451  0.7962
   297   123   236  3.0437  0.7995
   315   132   227  3.0425  0.7912
   315   130   231  3.0397  0.7934
   315   126   231  3.0362  0.7922
   308   120   231  3.0288  0.7895
   297   120   237  3.0176  0.7911
   315   131   228  3.0140  0.7818
   315   124   229  3.0135  0.7824
   297   131   236  3.0093  0.7872
   297   134   232  3.0089  0.7833
   298   120   237  3.0084  0.7879
   297   130   237  3.0043  0.7864
   307   120   233  3.0001  0.7811
   297   119   233  4.0095  1.1778
   296   120   233  4.0051  1.1759
   296   119   233  4.0031  1.1751
   298   119   233  3.9977  1.1727
   296   121   233  3.9808  1.1654
   299   119   233  3.9681  1.1600
   296   122   233  3.9385  1.1473
   300   119   233  3.9203  1.1395
   296   123   233  3.8859  1.1249
   301   119   233  3.8529  1.1110
   296   121   234  3.8368  1.1056
   296   124   233  3.8277  1.1004
   296   122   234  3.8275  1.1017
   296   120   234  3.8171  1.0973
   296   123   234  3.7956  1.0884
   297   119   234  3.7915  1.0867
   298   119   234  3.7879  1.0852
   296   125   233  3.7649  1.0743
   302   119   233  3.7641  1.0739
   296   119   234  3.7628  1.0748
   299   119   234  3.7533  1.0708
   296   124   234  3.7470  1.0682
   296   127   231  3.7396  1.0612
   296   128   231  3.7389  1.0610
   296   126   231  3.7308  1.0577
   296   129   231  3.7260  1.0557
   296   125   231  3.7144  1.0510
   296   130   231  3.6983  1.0444
   296   126   233  3.6954  1.0457
   296   124   231  3.6909  1.0414
   300   119   234  3.6877  1.0439
   296   125   234  3.6846  1.0427
   296   123   231  3.6589  1.0285
   296   131   231  3.6533  1.0262
   303   119   233  3.6518  1.0280
   296   122   231  3.6156  1.0110
   296   127   233  3.6146  1.0131
   296   126   234  3.6080  1.0117
   301   119   234  3.5902  1.0046
   296   132   231  3.5886  1.0003
   296   121   231  3.5567  0.9876
   296   128   233  3.5177  0.9746
   304   119   233  3.5145  0.9733
   296   127   234  3.5142  0.9744
   296   133   231  3.5018  0.9661
   296   120   231  3.4784  0.9569
   302   119   234  3.4591  0.9528
   299   119   231  3.4263  0.9368
   298   119   231  3.4260  0.9366
   300   119   231  3.4160  0.9328
   297   119   231  3.4119  0.9312
   296   129   233  3.4006  0.9290
   296   128   234  3.3993  0.9297
   301   119   231  3.3956  0.9250
   296   134   231  3.3895  0.9226
   296   119   231  3.3790  0.9186
   302   119   231  3.3636  0.9127
   296   124   232  3.3616  0.9130
   296   123   232  3.3578  0.9116
   296   125   232  3.3571  0.9113
   305   119   233  3.3524  0.9106
   296   126   232  3.3452  0.9068
   296   122   232  3.3441  0.9064
   296   127   232  3.3265  0.8997
   296   121   232  3.3185  0.8967
   303   119   231  3.3174  0.8953
   296   128   232  3.3015  0.8903
   316   127   227  3.2956  0.8833
   303   119   234  3.2938  0.8895
   316   128   227  3.2911  0.8816
   296   120   232  3.2784  0.8816
   296   129   232  3.2697  0.8784
   296   130   233  3.2613  0.8762
   296   129   234  3.2608  0.8771
   304   119   231  3.2557  0.8721
   316   126   227  3.2522  0.8672
   296   135   231  3.2475  0.8691
   296   125   237  3.2420  0.8734
   316   129   227  3.2395  0.8625
   296   126   237  3.2387  0.8722
   296   130   232  3.2299  0.8636
   296   124   237  3.2258  0.8673
   296   119   232  3.2215  0.8604
   296   127   237  3.2136  0.8628
   297   119   232  3.2002  0.8525
   296   123   237  3.1929  0.8551
   296   131   232  3.1794  0.8449
   305   119   231  3.1784  0.8436
   298   119   232  3.1739  0.8429
   306   119   233  3.1677  0.8416
   296   128   237  3.1653  0.8449
   316   125   227  3.1638  0.8347
   299   119   232  3.1455  0.8325
   296   122   237  3.1454  0.8376
   316   130   227  3.1453  0.8280
   300   119   232  3.1167  0.8220
   296   132   232  3.1135  0.8209
   296   127   236  3.1103  0.8236
   296   128   236  3.1063  0.8222
   316   127   228  3.1057  0.8145
   296   127   235  3.1048  0.8206
   296   131   233  3.0996  0.8167
   296   130   234  3.0988  0.8174
   304   119   234  3.0962  0.8165
   296   126   236  3.0956  0.8183
   316   128   228  3.0946  0.8105
   296   128   235  3.0944  0.8168
   296   126   235  3.0944  0.8168
   296   129   237  3.0941  0.8188
   301   119   232  3.0884  0.8118
   306   119   231  3.0870  0.8104
   316   128   230  3.0854  0.8089
   296   121   237  3.0852  0.8155
   316   127   230  3.0835  0.8082
   296   129   236  3.0781  0.8119
   296   136   231  3.0713  0.8047
   316   126   228  3.0688  0.8013
   296   125   236  3.0669  0.8079
   296   125   235  3.0650  0.8062
   302   119   232  3.0609  0.8019
   296   129   235  3.0607  0.8047
   316   129   230  3.0452  0.7945
   316   126   230  3.0379  0.7919
   316   124   227  3.0368  0.7891
   316   129   228  3.0351  0.7893
   303   119   232  3.0334  0.7921
   316   127   229  3.0322  0.7891
   296   124   236  3.0281  0.7939
   296   133   232  3.0263  0.7895
   296   130   236  3.0213  0.7915
   296   124   235  3.0181  0.7894
   316   128   229  3.0177  0.7839
   316   131   227  3.0157  0.7817
   296   120   237  3.0130  0.7895
   316   126   229  3.0121  0.7820
   304   119   232  3.0042  0.7817
   296   130   237  3.0019  0.7856
   296   130   235  3.0003  0.7830
   295   120   233  3.9783  1.1644
   295   119   233  3.9773  1.1639
   297   118   233  3.9733  1.1622
   296   118   233  3.9682  1.1600
   298   118   233  3.9597  1.1563
   295   121   233  3.9531  1.1535
   295   118   233  3.9439  1.1496
   299   118   233  3.9276  1.1426
   295   122   233  3.9092  1.1348
   300   118   233  3.8766  1.1209
   295   123   233  3.8542  1.1115
   301   118   233  3.8053  1.0910
   295   124   233  3.7929  1.0859
   295   121   234  3.7470  1.0682
   295   120   234  3.7397  1.0652
   295   125   233  3.7273  1.0588
   295   122   234  3.7272  1.0601
   302   118   233  3.7121  1.0526
   295   119   234  3.7002  1.0490
   295   123   234  3.6866  1.0435
   297   118   234  3.6856  1.0431
   296   118   234  3.6722  1.0376
   298   118   234  3.6689  1.0363
   295   126   233  3.6557  1.0296
   295   124   234  3.6310  1.0210
   295   118   234  3.6269  1.0193
   299   118   234  3.6234  1.0179
   295   126   231  3.6025  1.0058
   295   127   231  3.6021  1.0057
   295   125   231  3.5954  1.0030
   303   118   233  3.5952  1.0053
   295   128   231  3.5929  1.0020
   295   124   231  3.5811  0.9973
   295   127   233  3.5741  0.9969
   295   129   231  3.5728  0.9940
   295   125   234  3.5636  0.9939
   295   123   231  3.5584  0.9883
   300   118   234  3.5495  0.9884
   295   130   231  3.5396  0.9809
   295   122   231  3.5245  0.9749
   295   131   231  3.4912  0.9619
   295   126   234  3.4843  0.9627
   295   128   233  3.4779  0.9590
   295   121   231  3.4759  0.9559
   304   118   233  3.4537  0.9496
   301   118   234  3.4461  0.9478
   295   132   231  3.4255  0.9364
   295   120   231  3.4091  0.9301
   295   127   234  3.3907  0.9264
   295   129   233  3.3629  0.9146
   295   133   231  3.3398  0.9037
   295   119   231  3.3223  0.8971
   295   123   232  3.3198  0.8972
   295   122   232  3.3162  0.8958
   295   124   232  3.3147  0.8952
   302   118   234  3.3118  0.8963
   295   121   232  3.3022  0.8906
   295   125   232  3.3019  0.8904
   305   118   233  3.2883  0.8864
   298   118   231  3.2839  0.8827
   295   126   232  3.2822  0.8830
   297   118   231  3.2802  0.8813
   295   128   234  3.2792  0.8840
   299   118   231  3.2759  0.8797
   295   120   232  3.2756  0.8805
   296   118   231  3.2595  0.8735
   300   118   231  3.2594  0.8735
   295   127   232  3.2561  0.8733
   301   118   231  3.2347  0.8643
   295   119   232  3.2339  0.8650
   295   134   231  3.2304  0.8627
   295   130   233  3.2266  0.8633
   295   128   232  3.2236  0.8612
   295   118   231  3.2165  0.8576
   295   125   237  3.2054  0.8597
   295   126   237  3.2011  0.8581
   302   118   231  3.2002  0.8516
   295   124   237  3.1921  0.8548
   295   129   232  3.1844  0.8468
   295   127   237  3.1774  0.8493
   295   118   232  3.1756  0.8435
   295   123   237  3.1629  0.8440
   303   118   231  3.1532  0.8344
   295   129   234  3.1472  0.8351
   296   118   232  3.1461  0.8327
   303   118   234  3.1460  0.8346
   295   130   232  3.1372  0.8295
   295   128   237  3.1330  0.8330
   295   122   237  3.1195  0.8280
   297   118   232  3.1094  0.8194
   306   118   233  3.1024  0.8178
   317   127   227  3.0966  0.8105
   295   135   231  3.0927  0.8124
   304   118   231  3.0918  0.8121
   317   128   227  3.0800  0.8045
   295   131   232  3.0793  0.8085
   317   126   227  3.0701  0.8010
   298   118   232  3.0701  0.8052
   295   131   233  3.0682  0.8054
   295   129   237  3.0677  0.8092
   295   121   237  3.0627  0.8074
   295   127   235  3.0405  0.7974
   295   126   235  3.0362  0.7958
   299   118   232  3.0316  0.7914
   295   128   235  3.0249  0.7918
   317   129   227  3.0226  0.7841
   305   118   231  3.0157  0.7849
   295   125   235  3.0141  0.7879
   295   132   232  3.0064  0.7825
   295   127   236  3.0059  0.7860
   317   125   227  3.0015  0.7767
   294   119   233  3.9297  1.1435
   294   120   233  3.9291  1.1432
   294   121   233  3.9022  1.1318
   297   117   233  3.9000  1.1309
   294   118   233  3.8990  1.1304
   296   117   233  3.8973  1.1297
   298   117   233  3.8840  1.1241
   295   117   233  3.8758  1.1206
   294   122   233  3.8561  1.1123
   299   117   233  3.8492  1.1094
   294   117   233  3.8351  1.1035
   294   123   233  3.7979  1.0879
   300   117   233  3.7950  1.0867
   294   124   233  3.7327  1.0610
   301   117   233  3.7203  1.0559
   294   125   233  3.6629  1.0326
   294   120   234  3.6261  1.0190
   302   117   233  3.6238  1.0168
   294   121   234  3.6205  1.0167
   294   119   234  3.6028  1.0096
   294   122   234  3.5906  1.0047
   294   126   233  3.5878  1.0024
   294   118   234  3.5489  0.9881
   296   117   234  3.5481  0.9878
   297   117   234  3.5441  0.9862
   294   123   234  3.5424  0.9855
   295   117   234  3.5229  0.9778
   298   117   234  3.5129  0.9739
   294   127   233  3.5040  0.9692
   303   117   233  3.5037  0.9691
   294   124   234  3.4810  0.9614
   294   117   234  3.4674  0.9561
   299   117   234  3.4561  0.9517
   294   125   231  3.4476  0.9450
   294   126   231  3.4452  0.9440
   294   124   231  3.4427  0.9431
   294   127   231  3.4355  0.9403
   294   123   231  3.4293  0.9379
   294   128   231  3.4175  0.9334
   294   125   234  3.4096  0.9336
   294   128   233  3.4073  0.9316
   294   122   231  3.4051  0.9286
   294   129   231  3.3898  0.9227
   300   117   234  3.3741  0.9200
   294   121   231  3.3670  0.9140
   304   117   233  3.3598  0.9134
   294   130   231  3.3506  0.9078
   294   126   234  3.3283  0.9025
   294   120   231  3.3121  0.8932
   294   131   231  3.2983  0.8881
   294   129   233  3.2935  0.8883
   294   122   232  3.2729  0.8796
   294   121   232  3.2710  0.8788
   301   117   234  3.2660  0.8791
   294   123   232  3.2659  0.8769
   294   120   232  3.2584  0.8741
   294   124   232  3.2514  0.8715
   294   119   231  3.2388  0.8658
   294   127   234  3.2352  0.8676
   294   119   232  3.2327  0.8646
   294   132   231  3.2307  0.8629
   294   125   232  3.2302  0.8637
   294   126   232  3.2028  0.8535
   305   117   233  3.1934  0.8510
   294   118   232  3.1922  0.8496
   294   127   232  3.1693  0.8412
   294   130   233  3.1600  0.8388
   294   125   237  3.1525  0.8401
   294   118   231  3.1477  0.8324
   294   126   237  3.1467  0.8380
   294   133   231  3.1452  0.8315
   294   124   237  3.1421  0.8363
   294   117   232  3.1358  0.8290
   297   117   231  3.1324  0.8268
   302   117   234  3.1305  0.8290
   294   128   232  3.1295  0.8267
   294   128   234  3.1275  0.8279
   298   117   231  3.1261  0.8245
   296   117   231  3.1239  0.8237
   294   127   237  3.1237  0.8296
   294   123   237  3.1167  0.8270
   299   117   231  3.1102  0.8187
   295   117   232  3.1005  0.8161
   295   117   231  3.0950  0.8133
   300   117   231  3.0879  0.8107
   294   129   232  3.0828  0.8097
   294   128   237  3.0821  0.8144
   294   122   237  3.0770  0.8126
   301   117   231  3.0595  0.8005
   296   117   232  3.0529  0.7990
   294   117   231  3.0418  0.7942
   294   134   231  3.0378  0.7927
   294   130   232  3.0276  0.7900
   294   121   237  3.0235  0.7933
   302   117   231  3.0231  0.7875
   294   129   237  3.0213  0.7925
   306   117   233  3.0089  0.7842
   294   131   233  3.0059  0.7832
   294   129   234  3.0029  0.7830
   293   119   233  3.8579  1.1131
   293   120   233  3.8539  1.1114
   293   118   233  3.8319  1.1022
   293   121   233  3.8243  1.0990
   296   116   233  3.7919  1.0855
   297   116   233  3.7913  1.0852
   293   122   233  3.7752  1.0785
   295   116   233  3.7747  1.0783
   293   117   233  3.7745  1.0782
   298   116   233  3.7723  1.0773
   294   116   233  3.7400  1.0640
   299   116   233  3.7347  1.0618
   293   123   233  3.7132  1.0530
   293   116   233  3.6875  1.0425
   300   116   233  3.6777  1.0386
   293   124   233  3.6436  1.0247
   301   116   233  3.6006  1.0075
   293   125   233  3.5691  0.9949
   302   116   233  3.5020  0.9684
   293   126   233  3.4897  0.9636
   293   120   234  3.4777  0.9601
   293   119   234  3.4719  0.9578
   293   121   234  3.4586  0.9526
   293   118   234  3.4394  0.9452
   293   122   234  3.4190  0.9373
   293   127   233  3.4029  0.9299
   296   116   234  3.3986  0.9294
   295   116   234  3.3957  0.9283
   293   117   234  3.3821  0.9231
   303   116   233  3.3807  0.9214
   297   116   234  3.3752  0.9204
   294   116   234  3.3648  0.9165
   293   123   234  3.3641  0.9162
   298   116   234  3.3281  0.9025
   293   116   234  3.3057  0.8940
   293   128   233  3.3049  0.8926
   293   124   234  3.2983  0.8912
   293   124   231  3.2756  0.8796
   293   123   231  3.2718  0.8781
   293   125   231  3.2710  0.8779
   299   116   234  3.2594  0.8766
   293   126   231  3.2591  0.8734
   293   122   231  3.2575  0.8728
   293   127   231  3.2401  0.8663
   304   116   233  3.2367  0.8671
   293   121   231  3.2302  0.8627
   293   125   234  3.2243  0.8635
   293   120   232  3.2225  0.8608
   293   121   232  3.2208  0.8602
   293   128   231  3.2135  0.8565
   293   119   232  3.2130  0.8573
   293   122   232  3.2102  0.8562
   293   123   232  3.1923  0.8496
   293   129   233  3.1921  0.8506
   293   118   232  3.1902  0.8489
   293   120   231  3.1876  0.8470
   293   129   231  3.1784  0.8436
   300   116   234  3.1698  0.8433
   293   124   232  3.1681  0.8408
   293   117   232  3.1525  0.8350
   293   126   234  3.1422  0.8332
   293   125   232  3.1383  0.8299
   293   130   231  3.1334  0.8272
   293   119   231  3.1284  0.8253
   293   126   232  3.1031  0.8171
   293   116   232  3.0999  0.8159
   293   125   237  3.0798  0.8136
   293   131   231  3.0772  0.8068
   293   124   237  3.0727  0.8110
   305   116   233  3.0722  0.8069
   293   126   237  3.0721  0.8108
   294   116   232  3.0647  0.8032
   293   127   232  3.0622  0.8024
   293   130   233  3.0618  0.8031
   301   116   234  3.0586  0.8029
   293   118   231  3.0529  0.7982
   293   123   237  3.0514  0.8033
   293   127   234  3.0505  0.8000
   293   127   237  3.0488  0.8024
   293   122   237  3.0159  0.7905
   293   128   232  3.0152  0.7856
   295   116   232  3.0107  0.7840
   293   128   237  3.0087  0.7880
   293   132   231  3.0077  0.7820
   292   119   233  3.7598  1.0722
   292   120   233  3.7504  1.0683
   292   118   233  3.7411  1.0645
   292   121   233  3.7165  1.0543
   292   117   233  3.6928  1.0447
   292   122   233  3.6635  1.0328
   296   115   233  3.6589  1.0309
   297   115   233  3.6540  1.0289
   295   115   233  3.6472  1.0262
   298   115   233  3.6317  1.0200
   294   115   233  3.6195  1.0151
   292   116   233  3.6164  1.0138
   292   123   233  3.5975  1.0062
   299   115   233  3.5913  1.0038
   293   115   233  3.5759  0.9976
   300   115   233  3.5322  0.9803
   292   124   233  3.5235  0.9769
   292   115   233  3.5156  0.9737
   301   115   233  3.4535  0.9495
   292   125   233  3.4445  0.9460
   292   126   233  3.3609  0.9139
   302   115   233  3.3542  0.9113
   292   119   234  3.3117  0.8963
   292   118   234  3.3017  0.8925
   292   120   234  3.2990  0.8915
   292   127   233  3.2711  0.8799
   292   117   234  3.2698  0.8805
   292   121   234  3.2660  0.8790
   295   115   234  3.2562  0.8754
   294   115   234  3.2509  0.8734
   296   115   234  3.2354  0.8676
   303   115   233  3.2335  0.8659
   292   116   234  3.2199  0.8619
   293   115   234  3.2181  0.8612
   292   122   234  3.2168  0.8607
   297   115   234  3.1913  0.8513
   292   128   233  3.1721  0.8432
   292   119   232  3.1704  0.8416
   292   118   232  3.1647  0.8395
   292   120   232  3.1640  0.8392
   292   115   234  3.1582  0.8391
   292   123   234  3.1560  0.8383
   292   121   232  3.1481  0.8334
   292   117   232  3.1448  0.8322
   298   115   234  3.1275  0.8279
   292   122   232  3.1247  0.8249
   292   116   232  3.1099  0.8195
   292   123   232  3.0956  0.8144
   304   115   233  3.0917  0.8139
   292   123   231  3.0894  0.8112
   292   124   234  3.0871  0.8132
   292   122   231  3.0853  0.8098
   292   124   231  3.0835  0.8091
   292   125   231  3.0693  0.8040
   292   121   231  3.0693  0.8040
   292   124   232  3.0615  0.8021
   292   129   233  3.0607  0.8027
   292   115   232  3.0605  0.8017
   292   126   231  3.0481  0.7964
   299   115   234  3.0469  0.7987
   292   120   231  3.0395  0.7934
   293   115   232  3.0340  0.7923
   292   125   232  3.0229  0.7883
   292   127   231  3.0204  0.7865
   292   125   234  3.0118  0.7862
   291   119   233  3.6348  1.0212
   291   118   233  3.6259  1.0176
   291   120   233  3.6178  1.0143
   291   117   233  3.5894  1.0030
   291   121   233  3.5781  0.9985
   291   116   233  3.5256  0.9777
   291   122   233  3.5207  0.9758
   296   114   233  3.5087  0.9711
   295   114   233  3.5029  0.9688
   297   114   233  3.4992  0.9673
   294   114   233  3.4823  0.9607
   298   114   233  3.4734  0.9572
   291   123   233  3.4509  0.9485
   293   114   233  3.4471  0.9470
   291   115   233  3.4370  0.9431
   299   114   233  3.4303  0.9405
   292   114   233  3.3961  0.9273
   291   124   233  3.3731  0.9185
   300   114   233  3.3694  0.9171
   291   114   233  3.3278  0.9013
   291   125   233  3.2903  0.8871
   301   114   233  3.2898  0.8869
   291   126   233  3.2035  0.8548
   302   114   233  3.1907  0.8500
   291   118   234  3.1424  0.8333
   294   114   234  3.1359  0.8309
   291   117   234  3.1354  0.8308
   291   119   234  3.1298  0.8287
   293   114   234  3.1278  0.8280
   295   114   234  3.1163  0.8238
   291   118   232  3.1124  0.8204
   291   127   233  3.1117  0.8211
   291   116   234  3.1111  0.8219
   291   117   232  3.1089  0.8192
   291   119   232  3.1021  0.8167
   291   120   234  3.0983  0.8173
   292   114   234  3.0915  0.8148
   291   116   232  3.0901  0.8124
   291   120   232  3.0807  0.8090
   291   115   234  3.0737  0.8084
   296   114   234  3.0720  0.8077
   303   114   233  3.0716  0.8067
   291   115   232  3.0558  0.8001
   291   121   234  3.0512  0.8003
   291   121   232  3.0508  0.7983
   291   114   234  3.0286  0.7922
   291   122   232  3.0150  0.7855
   291   128   233  3.0127  0.7856
   291   114   232  3.0076  0.7829
   297   114   234  3.0073  0.7846
   290   118   233  3.4874  0.9627
   290   119   233  3.4847  0.9616
   290   117   233  3.4643  0.9537
   290   120   233  3.4585  0.9514
   290   116   233  3.4146  0.9344
   290   121   233  3.4123  0.9335
   296   113   233  3.3536  0.9111
   295   113   233  3.3531  0.9109
   290   122   233  3.3503  0.9098
   297   113   233  3.3395  0.9057
   290   115   233  3.3393  0.9056
   294   113   233  3.3384  0.9053
   298   113   233  3.3099  0.8945
   293   113   233  3.3093  0.8943
   290   123   233  3.2771  0.8822
   292   113   233  3.2648  0.8775
   299   113   233  3.2640  0.8772
   290   114   233  3.2411  0.8687
   291   113   233  3.2033  0.8547
   300   113   233  3.2011  0.8539
   290   124   233  3.1966  0.8522
   290   113   233  3.1240  0.8256
   301   113   233  3.1205  0.8244
   290   125   233  3.1115  0.8211
   290   117   232  3.0431  0.7955
   293   113   234  3.0422  0.7970
   290   116   232  3.0382  0.7938
   290   118   232  3.0323  0.7917
   294   113   234  3.0287  0.7922
   292   113   234  3.0259  0.7912
   290   126   233  3.0230  0.7892
   302   113   233  3.0217  0.7888
   290   115   232  3.0170  0.7862
   290   119   232  3.0080  0.7830
   289   118   233  3.3287  0.9016
   289   117   233  3.3195  0.8981
   289   119   233  3.3140  0.8960
   289   116   233  3.2843  0.8849
   289   120   233  3.2784  0.8826
   289   121   233  3.2256  0.8630
   289   115   233  3.2227  0.8619
   295   112   233  3.2077  0.8563
   296   112   233  3.2041  0.8550
   294   112   233  3.1967  0.8522
   297   112   233  3.1856  0.8482
   293   112   233  3.1704  0.8426
   289   122   233  3.1596  0.8386
   298   112   233  3.1519  0.8358
   289   114   233  3.1359  0.8300
   292   112   233  3.1282  0.8271
   299   112   233  3.1024  0.8178
   289   123   233  3.0840  0.8111
   291   112   233  3.0691  0.8058
   300   112   233  3.0367  0.7941
   289   113   233  3.0275  0.7908
   289   124   233  3.0022  0.7818
   288   117   233  3.1589  0.8383
   288   118   233  3.1553  0.8370
   288   116   233  3.1374  0.8305
   288   119   233  3.1297  0.8277
   288   115   233  3.0890  0.8129
   288   120   233  3.0859  0.8118
   295   111   233  3.0728  0.8071
   296   111   233  3.0664  0.8048
   294   111   233  3.0626  0.8034
   297   111   233  3.0439  0.7967
   293   111   233  3.0354  0.7937
   288   121   233  3.0279  0.7910
   288   114   233  3.0143  0.7861
   298   111   233  3.0053  0.7829
