#   X     Y     Z      S       D
   186    43   193  3.7780  1.0549
   186    44   193  3.7733  1.0530
   187    43   193  3.7705  1.0519
   187    42   193  3.7694  1.0515
   186    42   193  3.7674  1.0506
   185    44   193  3.7635  1.0491
   187    44   193  3.7559  1.0460
   185    43   193  3.7559  1.0460
   185    42   193  3.7340  1.0373
   185    43   194  3.2799  0.8639
   185    42   194  3.2729  0.8613
   185    44   194  3.2667  0.8591
   186    42   194  3.2394  0.8492
   186    43   194  3.2355  0.8478
   186    44   194  3.2123  0.8394
   187    42   194  3.1927  0.8324
   187    43   194  3.1784  0.8272
   185    42   192  3.1690  0.8240
   186    42   192  3.1601  0.8208
   187    44   194  3.1466  0.8159
   185    43   192  3.1408  0.8139
   186    43   192  3.1226  0.8075
   187    42   192  3.1211  0.8070
   185    44   192  3.1082  0.8024
   186    44   192  3.0810  0.7928
   187    43   192  3.0778  0.7917
   187    44   192  3.0312  0.7754
   185    45   193  3.7583  1.0470
   186    45   193  3.7552  1.0457
   187    41   193  3.7493  1.0434
   188    42   193  3.7438  1.0412
   186    41   193  3.7384  1.0390
   188    43   193  3.7382  1.0389
   184    45   193  3.7330  1.0369
   188    41   193  3.7299  1.0356
   187    45   193  3.7273  1.0346
   184    44   193  3.7231  1.0329
   188    44   193  3.7164  1.0303
   184    43   193  3.7019  1.0245
   185    41   193  3.6952  1.0219
   188    45   193  3.6800  1.0159
   184    42   193  3.6683  1.0113
   184    41   193  3.6204  0.9925
   184    45   191  3.4936  0.9438
   184    44   191  3.4843  0.9402
   185    44   191  3.4735  0.9361
   185    45   191  3.4722  0.9356
   184    43   191  3.4612  0.9315
   185    43   191  3.4594  0.9308
   186    44   191  3.4432  0.9247
   186    43   191  3.4371  0.9224
   186    45   191  3.4323  0.9206
   185    42   191  3.4273  0.9187
   184    42   191  3.4221  0.9167
   186    42   191  3.4114  0.9127
   187    43   191  3.3962  0.9070
   187    44   191  3.3960  0.9070
   187    45   191  3.3772  0.9000
   187    42   191  3.3754  0.8993
   185    41   191  3.3743  0.8989
   184    41   191  3.3641  0.8951
   186    41   191  3.3633  0.8948
   188    43   191  3.3391  0.8859
   188    44   191  3.3347  0.8842
   187    41   191  3.3312  0.8829
   188    42   191  3.3212  0.8792
   188    45   191  3.3097  0.8750
   184    43   194  3.3077  0.8741
   184    44   194  3.3049  0.8731
   184    42   194  3.2906  0.8678
   184    45   194  3.2842  0.8655
   188    41   191  3.2792  0.8638
   184    41   194  3.2510  0.8534
   185    41   194  3.2428  0.8504
   185    45   194  3.2357  0.8479
   186    41   194  3.2209  0.8425
   186    41   192  3.1880  0.8308
   188    41   195  3.1879  0.8306
   185    41   192  3.1868  0.8304
   187    41   194  3.1863  0.8301
   187    41   195  3.1791  0.8275
   188    42   195  3.1785  0.8273
   187    42   195  3.1745  0.8258
   186    45   194  3.1723  0.8250
   187    41   192  3.1566  0.8195
   187    43   195  3.1536  0.8184
   188    43   195  3.1521  0.8178
   184    41   192  3.1504  0.8173
   186    42   195  3.1481  0.8164
   186    41   195  3.1448  0.8153
   184    42   192  3.1437  0.8150
   188    41   194  3.1414  0.8140
   188    42   194  3.1367  0.8124
   186    43   195  3.1361  0.8122
   184    43   192  3.1271  0.8091
   187    44   195  3.1196  0.8063
   188    43   194  3.1135  0.8042
   188    44   195  3.1119  0.8036
   186    44   195  3.1117  0.8035
   184    44   192  3.1062  0.8017
   185    42   195  3.1005  0.7996
   185    43   195  3.1002  0.7994
   188    41   192  3.0993  0.7993
   187    45   194  3.0992  0.7991
   185    44   195  3.0882  0.7952
   185    41   195  3.0869  0.7948
   184    45   192  3.0840  0.7939
   186    45   195  3.0756  0.7908
   188    44   194  3.0748  0.7905
   185    45   192  3.0739  0.7903
   187    45   195  3.0736  0.7901
   185    45   195  3.0650  0.7871
   188    42   192  3.0597  0.7853
   188    45   195  3.0592  0.7851
   184    44   195  3.0497  0.7818
   184    43   195  3.0476  0.7810
   184    45   195  3.0414  0.7789
   186    45   192  3.0379  0.7777
   184    42   195  3.0347  0.7765
   188    45   194  3.0217  0.7720
   188    43   192  3.0144  0.7696
   184    41   195  3.0096  0.7678
   185    46   193  3.7405  1.0399
   184    46   193  3.7310  1.0361
   186    46   193  3.7239  1.0333
   187    40   193  3.7061  1.0262
   189    42   193  3.6949  1.0217
   183    46   193  3.6944  1.0216
   188    40   193  3.6921  1.0206
   186    40   193  3.6879  1.0190
   189    43   193  3.6858  1.0181
   187    46   193  3.6851  1.0179
   189    41   193  3.6838  1.0174
   183    45   193  3.6793  1.0156
   189    44   193  3.6597  1.0079
   183    44   193  3.6534  1.0054
   189    40   193  3.6481  1.0033
   185    40   193  3.6371  0.9990
   188    46   193  3.6292  0.9959
   183    43   193  3.6184  0.9917
   189    45   193  3.6178  0.9915
   183    42   193  3.5740  0.9744
   189    46   193  3.5601  0.9691
   184    40   193  3.5562  0.9676
   183    41   193  3.5187  0.9532
   183    46   191  3.5028  0.9473
   183    45   191  3.4943  0.9440
   184    46   191  3.4904  0.9425
   183    44   191  3.4743  0.9364
   185    46   191  3.4572  0.9300
   183    40   193  3.4506  0.9273
   183    43   191  3.4424  0.9244
   186    46   191  3.4063  0.9108
   183    42   191  3.3967  0.9072
   187    46   191  3.3415  0.8867
   183    41   191  3.3345  0.8841
   183    44   194  3.3238  0.8800
   183    43   194  3.3172  0.8776
   183    45   194  3.3137  0.8763
   185    40   191  3.2986  0.8709
   183    42   194  3.2920  0.8683
   186    40   191  3.2911  0.8682
   183    46   194  3.2874  0.8667
   184    40   191  3.2854  0.8661
   189    43   191  3.2677  0.8596
   188    46   191  3.2661  0.8591
   187    40   191  3.2621  0.8576
   189    44   191  3.2607  0.8571
   183    40   191  3.2540  0.8547
   189    42   191  3.2508  0.8535
   184    46   194  3.2466  0.8518
   183    41   194  3.2457  0.8515
   189    45   191  3.2313  0.8465
   188    40   191  3.2121  0.8395
   189    41   191  3.2092  0.8385
   186    40   192  3.1995  0.8349
   185    46   194  3.1879  0.8306
   185    40   194  3.1877  0.8306
   185    40   192  3.1875  0.8306
   184    40   194  3.1872  0.8304
   189    46   191  3.1814  0.8285
   187    40   192  3.1779  0.8271
   186    40   194  3.1774  0.8269
   183    40   194  3.1769  0.8267
   188    40   195  3.1749  0.8260
   189    41   195  3.1710  0.8246
   187    40   195  3.1621  0.8214
   189    42   195  3.1600  0.8206
   189    40   195  3.1595  0.8205
   187    40   194  3.1558  0.8192
   189    40   191  3.1425  0.8146
   184    40   192  3.1405  0.8138
   189    43   195  3.1314  0.8105
   188    40   192  3.1283  0.8095
   188    40   194  3.1237  0.8078
   188    41   196  3.1234  0.8077
   186    40   195  3.1214  0.8070
   188    40   196  3.1162  0.8051
   186    46   194  3.1160  0.8050
   188    42   196  3.1146  0.8046
   187    42   196  3.1141  0.8044
   187    41   196  3.1128  0.8039
   189    41   196  3.1094  0.8027
   189    40   196  3.1081  0.8023
   187    43   196  3.1046  0.8010
   186    43   196  3.0968  0.7983
   187    40   196  3.0966  0.7982
   188    43   196  3.0943  0.7974
   189    42   196  3.0937  0.7972
   186    42   196  3.0933  0.7970
   186    44   196  3.0922  0.7967
   189    41   194  3.0892  0.7956
   189    44   195  3.0884  0.7953
   187    44   196  3.0867  0.7947
   183    42   192  3.0851  0.7942
   185    45   196  3.0830  0.7934
   189    40   194  3.0828  0.7933
   185    44   196  3.0811  0.7927
   183    41   192  3.0808  0.7928
   183    43   192  3.0806  0.7927
   186    45   196  3.0799  0.7923
   186    41   196  3.0797  0.7923
   184    46   196  3.0766  0.7912
   185    46   196  3.0757  0.7909
   189    42   194  3.0753  0.7907
   183    44   192  3.0729  0.7900
   185    43   196  3.0717  0.7894
   184    45   196  3.0695  0.7887
   189    43   196  3.0658  0.7874
   188    44   196  3.0651  0.7871
   183    45   192  3.0643  0.7870
   183    40   192  3.0616  0.7860
   187    45   196  3.0608  0.7856
   183    46   196  3.0605  0.7855
   184    46   192  3.0591  0.7851
   189    40   192  3.0585  0.7849
   186    46   196  3.0579  0.7846
   185    40   195  3.0552  0.7837
   185    42   196  3.0548  0.7835
   184    44   196  3.0538  0.7832
   183    46   192  3.0532  0.7831
   186    40   196  3.0528  0.7829
   189    43   194  3.0451  0.7802
   183    45   196  3.0400  0.7784
   185    46   192  3.0370  0.7774
   187    46   194  3.0364  0.7771
   189    45   195  3.0319  0.7755
   184    43   196  3.0315  0.7754
   185    46   195  3.0300  0.7749
   185    41   196  3.0287  0.7744
   189    44   196  3.0283  0.7743
   186    46   195  3.0276  0.7741
   188    45   196  3.0275  0.7740
   187    46   196  3.0251  0.7732
   189    41   192  3.0245  0.7731
   184    46   195  3.0217  0.7720
   187    46   195  3.0156  0.7699
   183    44   196  3.0122  0.7687
   183    45   195  3.0051  0.7663
   184    42   196  3.0024  0.7654
   183    46   195  3.0017  0.7651
   189    44   194  3.0009  0.7648
   184    47   193  3.7149  1.0297
   185    47   193  3.7087  1.0272
   183    47   193  3.6955  1.0220
   186    47   193  3.6785  1.0152
   182    47   193  3.6524  1.0050
   187    39   193  3.6363  0.9987
   182    46   193  3.6341  0.9978
   187    47   193  3.6284  0.9956
   188    39   193  3.6259  0.9946
   190    42   193  3.6259  0.9946
   190    43   193  3.6165  0.9909
   190    41   193  3.6140  0.9900
   186    39   193  3.6132  0.9897
   182    45   193  3.6018  0.9852
   190    44   193  3.5884  0.9800
   189    39   193  3.5829  0.9779
   190    40   193  3.5768  0.9755
   188    47   193  3.5630  0.9702
   182    44   193  3.5603  0.9691
   185    39   193  3.5579  0.9682
   190    45   193  3.5427  0.9624
   182    43   193  3.5124  0.9508
   190    39   193  3.5098  0.9498
   182    47   191  3.5005  0.9464
   183    47   191  3.4989  0.9458
   182    46   191  3.4934  0.9437
   189    47   193  3.4855  0.9405
   190    46   193  3.4790  0.9380
   184    47   191  3.4745  0.9365
   184    39   193  3.4743  0.9363
   182    45   191  3.4740  0.9363
   182    42   193  3.4587  0.9304
   182    44   191  3.4443  0.9251
   185    47   191  3.4290  0.9193
   182    43   191  3.4046  0.9102
   182    41   193  3.3981  0.9076
   190    47   193  3.3967  0.9071
   183    39   193  3.3687  0.8966
   186    47   191  3.3663  0.8959
   182    42   191  3.3535  0.8912
   182    40   193  3.3287  0.8819
   182    44   194  3.3231  0.8797
   182    45   194  3.3229  0.8797
   182    43   194  3.3086  0.8744
   182    46   194  3.3080  0.8742
   187    47   191  3.2907  0.8681
   182    41   191  3.2886  0.8673
   182    42   194  3.2778  0.8632
   182    47   194  3.2766  0.8627
   182    39   193  3.2489  0.8527
   183    47   194  3.2438  0.8508
   182    41   194  3.2282  0.8452
   182    40   191  3.2076  0.8379
   188    47   191  3.2059  0.8373
   185    39   191  3.2007  0.8354
   186    39   191  3.1954  0.8335
   184    47   194  3.1914  0.8319
   186    39   192  3.1886  0.8310
   184    39   191  3.1864  0.8303
   190    43   191  3.1823  0.8288
   187    39   192  3.1791  0.8276
   190    44   191  3.1741  0.8259
   187    39   191  3.1689  0.8240
   185    39   192  3.1653  0.8227
   190    42   191  3.1653  0.8227
   182    40   194  3.1579  0.8199
   183    39   191  3.1552  0.8191
   190    45   191  3.1416  0.8143
   188    39   192  3.1410  0.8140
   188    39   195  3.1327  0.8110
   190    41   195  3.1293  0.8097
   185    47   194  3.1227  0.8074
   190    41   191  3.1226  0.8076
   188    39   191  3.1209  0.8070
   190    42   195  3.1190  0.8061
   189    39   195  3.1190  0.8061
   190    40   195  3.1174  0.8055
   187    39   195  3.1171  0.8054
   189    47   191  3.1136  0.8044
   182    39   191  3.1102  0.8032
   184    39   192  3.1087  0.8026
   186    39   194  3.1076  0.8021
   185    39   194  3.1073  0.8020
   184    39   194  3.0995  0.7992
   187    39   194  3.0989  0.7990
   190    43   195  3.0911  0.7962
   188    39   196  3.0884  0.7953
   190    46   191  3.0870  0.7950
   183    39   194  3.0858  0.7944
   189    39   196  3.0850  0.7941
   189    39   192  3.0810  0.7928
   188    39   194  3.0802  0.7924
   190    39   195  3.0774  0.7915
   186    39   195  3.0721  0.7896
   184    47   196  3.0720  0.7895
   190    40   196  3.0710  0.7892
   183    47   196  3.0702  0.7889
   190    41   196  3.0698  0.7888
   182    39   194  3.0665  0.7876
   187    39   196  3.0618  0.7860
   185    47   196  3.0561  0.7840
   190    40   191  3.0551  0.7838
   189    39   191  3.0522  0.7828
   189    39   194  3.0516  0.7824
   182    47   196  3.0515  0.7824
   190    42   196  3.0511  0.7823
   190    39   196  3.0498  0.7818
   190    44   195  3.0477  0.7811
   186    47   194  3.0428  0.7794
   190    40   194  3.0350  0.7766
   183    47   192  3.0338  0.7763
   190    41   194  3.0324  0.7757
   182    46   196  3.0286  0.7744
   184    47   192  3.0263  0.7737
   186    47   196  3.0236  0.7727
   183    39   192  3.0224  0.7724
   190    43   196  3.0193  0.7712
   182    46   192  3.0186  0.7710
   182    45   192  3.0158  0.7701
   190    39   194  3.0142  0.7694
   190    47   191  3.0137  0.7694
   182    47   192  3.0128  0.7690
   190    42   194  3.0113  0.7684
   182    44   192  3.0108  0.7683
   186    39   196  3.0095  0.7678
   182    43   192  3.0059  0.7666
   190    39   192  3.0055  0.7665
   185    39   195  3.0006  0.7647
   184    48   193  3.6812  1.0163
   183    48   193  3.6777  1.0149
   185    48   193  3.6602  1.0081
   182    48   193  3.6505  1.0042
   186    48   193  3.6170  0.9911
   181    48   193  3.6032  0.9858
   181    47   193  3.5908  0.9809
   181    46   193  3.5568  0.9678
   187    48   193  3.5555  0.9673
   187    38   193  3.5378  0.9605
   191    42   193  3.5374  0.9604
   191    43   193  3.5301  0.9575
   188    38   193  3.5284  0.9569
   191    41   193  3.5220  0.9544
   186    38   193  3.5132  0.9511
   181    45   193  3.5088  0.9494
   191    44   193  3.5019  0.9467
   182    48   191  3.4922  0.9432
   189    38   193  3.4850  0.9403
   191    40   193  3.4805  0.9386
   183    48   191  3.4805  0.9388
   188    48   193  3.4801  0.9385
   181    47   191  3.4800  0.9386
   181    48   191  3.4798  0.9385
   181    46   191  3.4637  0.9324
   185    38   193  3.4573  0.9298
   181    44   193  3.4533  0.9283
   191    45   193  3.4533  0.9283
   184    48   191  3.4447  0.9252
   181    45   191  3.4350  0.9216
   190    38   193  3.4099  0.9120
   191    39   193  3.4096  0.9119
   181    44   191  3.3971  0.9074
   181    43   193  3.3944  0.9062
   189    48   193  3.3934  0.9058
   185    48   191  3.3874  0.9037
   191    46   193  3.3844  0.9025
   184    38   193  3.3750  0.8990
   181    43   191  3.3512  0.8903
   181    42   193  3.3333  0.8835
   186    48   191  3.3129  0.8762
   181    45   194  3.3125  0.8758
   181    46   194  3.3081  0.8742
   191    38   193  3.3071  0.8739
   181    44   194  3.3042  0.8728
   181    42   191  3.2962  0.8701
   190    48   193  3.2959  0.8698
   191    47   193  3.2950  0.8695
   181    47   194  3.2885  0.8671
   181    43   194  3.2839  0.8654
   183    38   193  3.2728  0.8613
   181    41   193  3.2692  0.8600
   181    48   194  3.2502  0.8531
   181    42   194  3.2499  0.8530
   181    41   191  3.2298  0.8459
   187    48   191  3.2262  0.8446
   182    48   194  3.2262  0.8444
   181    40   193  3.1999  0.8350
   181    41   194  3.1994  0.8348
   191    48   193  3.1862  0.8301
   183    48   194  3.1811  0.8282
   182    38   193  3.1579  0.8199
   187    38   192  3.1561  0.8194
   186    38   192  3.1520  0.8179
   181    40   191  3.1494  0.8171
   188    38   192  3.1326  0.8110
   188    48   191  3.1316  0.8108
   181    40   194  3.1300  0.8100
   181    39   193  3.1231  0.8076
   185    38   192  3.1174  0.8056
   184    48   194  3.1172  0.8055
   189    38   192  3.0864  0.7947
   185    38   191  3.0843  0.7940
   191    43   191  3.0823  0.7934
   186    38   191  3.0798  0.7925
   191    44   191  3.0734  0.7902
   184    38   191  3.0704  0.7892
   183    48   196  3.0649  0.7871
   191    42   191  3.0646  0.7871
   191    41   195  3.0630  0.7864
   182    48   196  3.0598  0.7853
   188    38   195  3.0555  0.7838
   187    38   191  3.0550  0.7838
   191    42   195  3.0550  0.7836
   181    39   191  3.0540  0.7834
   184    38   192  3.0524  0.7828
   184    48   196  3.0521  0.7826
   191    40   195  3.0500  0.7819
   189    38   195  3.0431  0.7795
   183    38   191  3.0410  0.7789
   181    39   194  3.0401  0.7784
   191    45   191  3.0390  0.7782
   185    48   194  3.0389  0.7780
   181    48   196  3.0383  0.7778
   187    38   195  3.0383  0.7778
   188    38   196  3.0373  0.7774
   181    38   193  3.0372  0.7775
   189    38   196  3.0368  0.7773
   189    48   191  3.0315  0.7756
   191    43   195  3.0294  0.7747
   190    38   192  3.0229  0.7725
   185    48   196  3.0212  0.7719
   191    41   191  3.0206  0.7718
   181    47   196  3.0177  0.7707
   187    38   194  3.0154  0.7698
   186    38   194  3.0129  0.7690
   191    39   195  3.0106  0.7682
   188    38   194  3.0090  0.7676
   188    38   191  3.0089  0.7678
   187    38   196  3.0061  0.7666
   191    40   196  3.0054  0.7664
   191    41   196  3.0050  0.7662
   185    38   194  3.0038  0.7658
   190    38   195  3.0032  0.7656
   190    38   196  3.0028  0.7655
   183    49   193  3.6361  0.9986
   184    49   193  3.6261  0.9947
   182    49   193  3.6220  0.9931
   185    49   193  3.5922  0.9815
   181    49   193  3.5863  0.9792
   180    48   193  3.5415  0.9619
   186    49   193  3.5372  0.9603
   180    49   193  3.5336  0.9589
   180    47   193  3.5175  0.9527
   180    46   193  3.4707  0.9349
   187    49   193  3.4651  0.9328
   182    49   191  3.4648  0.9328
   181    49   191  3.4584  0.9304
   180    48   191  3.4463  0.9258
   183    49   191  3.4451  0.9254
   180    47   191  3.4406  0.9237
   180    49   191  3.4284  0.9191
   192    42   193  3.4281  0.9188
   192    43   193  3.4240  0.9173
   180    46   191  3.4170  0.9148
   187    37   193  3.4108  0.9124
   180    45   193  3.4100  0.9121
   192    41   193  3.4076  0.9112
   184    49   191  3.3998  0.9084
   188    37   193  3.3995  0.9081
   192    44   193  3.3966  0.9070
   186    37   193  3.3887  0.9041
   180    45   191  3.3810  0.9014
   188    49   193  3.3799  0.9008
   192    40   193  3.3609  0.8937
   189    37   193  3.3542  0.8913
   192    45   193  3.3461  0.8883
   180    44   193  3.3432  0.8872
   180    44   191  3.3367  0.8850
   185    37   193  3.3365  0.8847
   185    49   191  3.3320  0.8832
   180    46   194  3.2893  0.8673
   180    43   191  3.2859  0.8663
   192    39   193  3.2857  0.8661
   180    45   194  3.2848  0.8657
   189    49   193  3.2839  0.8654
   180    47   194  3.2801  0.8640
   190    37   193  3.2775  0.8631
   180    43   193  3.2754  0.8623
   192    46   193  3.2727  0.8613
   180    44   194  3.2698  0.8602
   184    37   193  3.2593  0.8564
   180    48   194  3.2526  0.8540
   186    49   191  3.2469  0.8521
   180    43   194  3.2451  0.8513
   180    42   191  3.2282  0.8453
   180    42   194  3.2094  0.8384
   180    42   193  3.2085  0.8381
   180    49   194  3.2023  0.8358
   181    49   194  3.1895  0.8312
   192    38   193  3.1815  0.8284
   190    49   193  3.1778  0.8271
   192    47   193  3.1773  0.8269
   191    37   193  3.1741  0.8257
   183    37   193  3.1636  0.8220
   180    41   191  3.1611  0.8212
   180    41   194  3.1592  0.8204
   182    49   194  3.1541  0.8186
   187    49   191  3.1501  0.8173
   180    41   193  3.1418  0.8142
   187    37   192  3.1072  0.8020
   188    37   192  3.0998  0.7994
   183    49   194  3.0974  0.7985
   180    40   194  3.0913  0.7963
   186    37   192  3.0892  0.7957
   180    40   191  3.0816  0.7931
   180    40   193  3.0728  0.7899
   189    37   192  3.0701  0.7890
   192    48   193  3.0620  0.7861
   191    49   193  3.0605  0.7856
   182    37   193  3.0558  0.7839
   192    37   193  3.0503  0.7820
   182    49   196  3.0481  0.7812
   188    49   191  3.0467  0.7809
   185    37   192  3.0440  0.7799
   183    49   196  3.0407  0.7786
   181    49   196  3.0377  0.7776
   184    49   194  3.0230  0.7725
   190    37   192  3.0214  0.7720
   184    49   196  3.0142  0.7694
   180    49   196  3.0111  0.7684
   180    39   194  3.0031  0.7656
   180    48   196  3.0025  0.7654
   183    50   193  3.5661  0.9714
   182    50   193  3.5613  0.9695
   184    50   193  3.5460  0.9636
   181    50   193  3.5335  0.9588
   185    50   193  3.5020  0.9468
   180    50   193  3.4866  0.9409
   179    48   193  3.4707  0.9349
   179    49   193  3.4690  0.9342
   179    47   193  3.4389  0.9229
   186    50   193  3.4373  0.9223
   179    50   193  3.4257  0.9179
   182    50   191  3.4151  0.9141
   181    50   191  3.4115  0.9128
   179    48   191  3.3963  0.9071
   183    50   191  3.3904  0.9049
   179    47   191  3.3868  0.9035
   179    46   193  3.3831  0.9020
   180    50   191  3.3820  0.9018
   179    49   191  3.3799  0.9010
   179    46   191  3.3580  0.8928
   187    50   193  3.3561  0.8920
   184    50   191  3.3383  0.8855
   179    50   191  3.3321  0.8832
   179    45   191  3.3163  0.8774
   179    45   193  3.3134  0.8762
   193    42   193  3.2950  0.8695
   193    43   193  3.2944  0.8693
   193    41   193  3.2700  0.8603
   193    44   193  3.2682  0.8597
   179    44   191  3.2667  0.8593
   185    50   191  3.2627  0.8578
   188    50   193  3.2623  0.8575
   187    36   193  3.2586  0.8562
   179    46   194  3.2537  0.8544
   179    47   194  3.2530  0.8541
   188    36   193  3.2428  0.8504
   186    36   193  3.2425  0.8504
   179    45   194  3.2420  0.8502
   179    44   193  3.2385  0.8489
   179    48   194  3.2346  0.8474
   179    44   194  3.2216  0.8428
   193    40   193  3.2189  0.8418
   193    45   193  3.2166  0.8410
   179    43   191  3.2119  0.8395
   185    36   193  3.1977  0.8342
   189    36   193  3.1947  0.8331
   179    43   194  3.1936  0.8327
   179    49   194  3.1931  0.8325
   186    50   191  3.1693  0.8242
   179    43   193  3.1642  0.8222
   189    50   193  3.1583  0.8201
   179    42   194  3.1562  0.8193
   179    42   191  3.1518  0.8179
   193    39   193  3.1414  0.8141
   193    46   193  3.1400  0.8136
   184    36   193  3.1291  0.8097
   180    50   194  3.1262  0.8087
   179    50   194  3.1250  0.8082
   190    36   193  3.1173  0.8055
   179    41   194  3.1059  0.8015
   181    50   194  3.1045  0.8010
   179    42   193  3.0928  0.7969
   179    41   191  3.0839  0.7939
   187    50   191  3.0647  0.7872
   182    50   194  3.0594  0.7851
   190    50   193  3.0447  0.7801
   183    36   193  3.0424  0.7792
   188    36   192  3.0416  0.7790
   193    47   193  3.0404  0.7786
   179    40   194  3.0384  0.7778
   193    38   193  3.0384  0.7779
   187    36   192  3.0333  0.7761
   189    36   192  3.0284  0.7744
   179    41   193  3.0236  0.7727
   191    36   193  3.0160  0.7701
   182    50   196  3.0124  0.7688
   181    50   196  3.0100  0.7680
   179    40   191  3.0049  0.7664
   186    36   192  3.0023  0.7654
   182    51   193  3.4648  0.9327
   183    51   193  3.4646  0.9326
   181    51   193  3.4406  0.9235
   184    51   193  3.4385  0.9227
   178    49   193  3.3966  0.9070
   180    51   193  3.3959  0.9068
   178    48   193  3.3950  0.9064
   185    51   193  3.3879  0.9038
   178    47   193  3.3588  0.8930
   178    50   193  3.3555  0.8918
   182    51   191  3.3410  0.8866
   181    51   191  3.3365  0.8849
   179    51   193  3.3363  0.8847
   178    48   191  3.3357  0.8846
   178    47   191  3.3239  0.8802
   178    49   191  3.3194  0.8786
   186    51   193  3.3165  0.8774
   183    51   191  3.3151  0.8770
   180    51   191  3.3040  0.8729
   178    46   193  3.2981  0.8706
   178    46   191  3.2910  0.8682
   178    50   191  3.2690  0.8601
   178    51   193  3.2673  0.8594
   184    51   191  3.2599  0.8568
   179    51   191  3.2495  0.8531
   178    45   191  3.2445  0.8512
   187    51   193  3.2288  0.8454
   178    45   193  3.2234  0.8435
   178    47   194  3.2095  0.8384
   178    46   194  3.2034  0.8362
   178    48   194  3.1983  0.8344
   178    44   191  3.1900  0.8316
   178    45   194  3.1858  0.8299
   178    51   191  3.1816  0.8286
   185    51   191  3.1799  0.8279
   178    49   194  3.1643  0.8222
   178    44   194  3.1606  0.8209
   178    44   193  3.1438  0.8149
   194    43   193  3.1380  0.8129
   194    42   193  3.1363  0.8123
   178    43   191  3.1311  0.8106
   178    43   194  3.1289  0.8096
   188    51   193  3.1286  0.8096
   194    44   193  3.1130  0.8040
   194    41   193  3.1087  0.8025
   178    50   194  3.1034  0.8006
   178    42   194  3.0888  0.7955
   187    35   193  3.0872  0.7949
   186    51   191  3.0818  0.7932
   186    35   193  3.0794  0.7922
   178    42   191  3.0680  0.7883
   188    35   193  3.0655  0.7873
   178    43   193  3.0653  0.7873
   194    45   193  3.0612  0.7858
   194    40   193  3.0564  0.7841
   185    35   193  3.0445  0.7800
   178    41   194  3.0364  0.7772
   179    51   194  3.0294  0.7747
   180    51   194  3.0243  0.7729
   189    51   193  3.0187  0.7710
   189    35   193  3.0148  0.7697
   178    51   194  3.0145  0.7695
   182    52   193  3.3312  0.8828
   183    52   193  3.3304  0.8825
   177    49   193  3.3190  0.8783
   177    48   193  3.3161  0.8772
   181    52   193  3.3066  0.8737
   184    52   193  3.3026  0.8723
   177    50   193  3.2795  0.8638
   177    47   193  3.2786  0.8635
   177    48   191  3.2702  0.8606
   180    52   193  3.2609  0.8570
   177    47   191  3.2564  0.8556
   177    49   191  3.2537  0.8546
   185    52   193  3.2496  0.8529
   182    52   191  3.2422  0.8504
   181    52   191  3.2329  0.8470
   177    46   191  3.2198  0.8423
   183    52   191  3.2191  0.8420
   177    46   193  3.2167  0.8410
   177    50   191  3.2010  0.8355
   179    52   193  3.2005  0.8352
   180    52   191  3.1940  0.8330
   177    51   193  3.1933  0.8326
   186    52   193  3.1751  0.8261
   177    45   191  3.1683  0.8238
   184    52   191  3.1649  0.8226
   177    47   194  3.1517  0.8177
   177    48   194  3.1469  0.8160
   177    45   193  3.1407  0.8138
   177    46   194  3.1398  0.8135
   179    52   191  3.1325  0.8110
   178    52   193  3.1318  0.8107
   177    49   194  3.1198  0.8064
   177    45   194  3.1168  0.8053
   177    51   191  3.1096  0.8030
   177    44   191  3.1085  0.8026
   177    44   194  3.0865  0.7946
   185    52   191  3.0849  0.7942
   187    52   193  3.0840  0.7938
   177    50   194  3.0662  0.7875
   177    52   193  3.0603  0.7855
   177    44   193  3.0596  0.7852
   178    52   191  3.0579  0.7848
   177    43   194  3.0498  0.7818
   177    43   191  3.0444  0.7801
   177    42   194  3.0050  0.7663
   176    49   193  3.2376  0.8486
   176    48   193  3.2343  0.8474
   176    48   191  3.2043  0.8367
   176    50   193  3.2000  0.8350
   176    47   193  3.1978  0.8342
   176    49   191  3.1885  0.8310
   176    47   191  3.1880  0.8309
   183    53   193  3.1649  0.8224
   182    53   193  3.1624  0.8216
   176    46   191  3.1470  0.8162
   184    53   193  3.1395  0.8134
   176    46   193  3.1375  0.8127
   176    50   191  3.1349  0.8119
   181    53   193  3.1341  0.8115
   182    53   191  3.1204  0.8068
   176    51   193  3.1173  0.8055
   183    53   191  3.1040  0.8010
   181    53   191  3.1030  0.8006
   176    45   191  3.0898  0.7960
   185    53   193  3.0878  0.7952
   180    53   193  3.0850  0.7942
   176    48   194  3.0839  0.7938
   176    47   194  3.0822  0.7932
   176    46   194  3.0643  0.7869
   176    49   194  3.0641  0.7868
   176    45   193  3.0634  0.7866
   184    53   191  3.0553  0.7839
   180    53   191  3.0551  0.7838
   176    51   191  3.0418  0.7792
   176    45   194  3.0352  0.7767
   176    44   191  3.0234  0.7728
   179    53   193  3.0225  0.7723
   176    50   194  3.0188  0.7710
   186    53   193  3.0140  0.7694
   175    49   193  3.1530  0.8182
   175    48   193  3.1497  0.8170
   175    48   191  3.1407  0.8140
   175    49   191  3.1273  0.8092
   175    47   191  3.1204  0.8068
   175    50   193  3.1182  0.8059
   175    47   193  3.1153  0.8048
   175    50   191  3.0754  0.7909
   175    46   191  3.0739  0.7904
   175    46   193  3.0588  0.7850
   175    51   193  3.0413  0.7789
   175    48   194  3.0135  0.7692
   175    45   191  3.0098  0.7681
   175    47   194  3.0041  0.7659
   175    49   194  3.0023  0.7653
   174    48   191  3.0797  0.7924
   174    49   191  3.0712  0.7895
   174    49   193  3.0664  0.7876
   174    48   193  3.0627  0.7863
   174    47   191  3.0539  0.7834
   174    50   193  3.0358  0.7769
   174    47   193  3.0311  0.7753
   174    50   191  3.0241  0.7730
   174    46   191  3.0007  0.7649
   173    48   191  3.0202  0.7717
   173    49   191  3.0188  0.7712
