#   X     Y     Z      S       D
   265   188   145  3.8299  1.1106
   264   188   145  3.8295  1.1104
   265   189   145  3.8279  1.1098
   264   189   145  3.8253  1.1087
   266   189   145  3.7920  1.0946
   266   188   145  3.7918  1.0946
   264   187   145  3.7888  1.0933
   265   187   145  3.7879  1.0929
   266   187   145  3.7493  1.0768
   266   189   144  3.5536  0.9980
   266   188   144  3.5311  0.9890
   265   189   144  3.4972  0.9755
   265   188   144  3.4867  0.9714
   266   187   144  3.4555  0.9591
   265   187   144  3.4229  0.9463
   264   188   144  3.4118  0.9420
   264   189   144  3.4101  0.9413
   264   187   144  3.3605  0.9221
   266   189   146  3.3040  0.8985
   265   189   146  3.3040  0.8985
   265   188   146  3.2994  0.8968
   266   188   146  3.2889  0.8928
   264   188   146  3.2758  0.8878
   264   189   146  3.2710  0.8860
   265   187   146  3.2456  0.8765
   264   187   146  3.2302  0.8707
   266   187   146  3.2265  0.8693
   263   188   145  3.7874  1.0927
   265   190   145  3.7843  1.0914
   263   189   145  3.7810  1.0900
   264   190   145  3.7798  1.0895
   266   190   145  3.7507  1.0774
   263   187   145  3.7484  1.0764
   263   190   145  3.7340  1.0704
   267   189   145  3.7231  1.0659
   267   188   145  3.7212  1.0651
   265   186   145  3.7038  1.0579
   264   186   145  3.7034  1.0578
   267   190   145  3.6847  1.0501
   267   187   145  3.6792  1.0479
   266   186   145  3.6677  1.0431
   263   186   145  3.6626  1.0410
   267   186   145  3.6017  1.0163
   267   189   144  3.5772  1.0075
   267   190   144  3.5535  0.9980
   267   188   144  3.5446  0.9944
   266   190   144  3.5204  0.9848
   267   187   144  3.4600  0.9609
   266   188   143  3.4577  0.9610
   265   190   144  3.4536  0.9583
   266   189   143  3.4399  0.9540
   267   188   143  3.4399  0.9540
   265   188   143  3.4329  0.9513
   266   187   143  3.4288  0.9497
   267   189   143  3.4210  0.9466
   265   189   143  3.4155  0.9445
   267   187   143  3.4114  0.9429
   265   187   143  3.4050  0.9404
   266   190   143  3.3724  0.9277
   264   188   143  3.3613  0.9234
   266   186   143  3.3593  0.9226
   264   190   144  3.3567  0.9206
   267   190   143  3.3526  0.9201
   265   190   143  3.3500  0.9191
   264   189   143  3.3444  0.9169
   267   186   143  3.3420  0.9160
   265   186   143  3.3376  0.9143
   264   187   143  3.3356  0.9135
   266   186   144  3.3351  0.9123
   267   186   144  3.3332  0.9116
   267   188   147  3.3121  0.9007
   265   186   144  3.3120  0.9035
   267   189   147  3.3116  0.9005
   263   188   144  3.3067  0.9015
   263   189   144  3.2946  0.8969
   266   188   147  3.2890  0.8919
   266   189   147  3.2854  0.8905
   264   190   143  3.2820  0.8931
   267   187   147  3.2752  0.8867
   267   189   146  3.2741  0.8872
   264   186   143  3.2721  0.8893
   266   190   146  3.2711  0.8861
   267   190   147  3.2698  0.8847
   263   187   144  3.2672  0.8865
   264   186   144  3.2607  0.8840
   265   190   146  3.2601  0.8819
   266   187   147  3.2541  0.8787
   267   190   146  3.2529  0.8792
   267   188   146  3.2490  0.8777
   263   188   143  3.2435  0.8785
   266   190   147  3.2401  0.8735
   263   190   144  3.2335  0.8738
   265   188   147  3.2333  0.8709
   265   189   147  3.2279  0.8689
   263   189   143  3.2274  0.8724
   263   187   143  3.2203  0.8697
   264   190   146  3.2183  0.8662
   263   188   146  3.2143  0.8647
   267   186   147  3.2111  0.8626
   263   189   146  3.2030  0.8605
   265   187   147  3.2001  0.8585
   266   186   147  3.1900  0.8548
   265   190   147  3.1815  0.8516
   267   187   146  3.1794  0.8518
   263   186   144  3.1788  0.8533
   263   187   146  3.1753  0.8502
   263   190   143  3.1696  0.8508
   263   186   143  3.1617  0.8479
   265   186   146  3.1479  0.8401
   263   190   146  3.1450  0.8390
   264   188   147  3.1418  0.8370
   264   186   146  3.1381  0.8365
   264   189   147  3.1366  0.8351
   265   186   147  3.1362  0.8349
   266   186   146  3.1237  0.8312
   264   187   147  3.1092  0.8251
   264   190   147  3.0923  0.8189
   263   186   146  3.0886  0.8184
   267   186   146  3.0735  0.8129
   264   186   147  3.0454  0.8019
   263   188   147  3.0140  0.7906
   263   189   147  3.0112  0.7896
   265   191   145  3.7048  1.0584
   262   188   145  3.7043  1.0581
   264   191   145  3.6995  1.0562
   262   189   145  3.6955  1.0545
   266   191   145  3.6731  1.0453
   262   187   145  3.6673  1.0429
   263   191   145  3.6534  1.0373
   262   190   145  3.6469  1.0346
   268   189   145  3.6282  1.0270
   268   188   145  3.6249  1.0257
   267   191   145  3.6105  1.0198
   268   190   145  3.5933  1.0129
   268   187   145  3.5848  1.0095
   265   185   145  3.5834  1.0089
   262   186   145  3.5820  1.0083
   264   185   145  3.5780  1.0067
   262   191   145  3.5657  1.0018
   268   189   144  3.5657  1.0029
   266   185   145  3.5539  0.9970
   268   190   144  3.5492  0.9962
   263   185   145  3.5336  0.9890
   268   188   144  3.5265  0.9872
   268   191   145  3.5241  0.9851
   268   186   145  3.5131  0.9808
   267   185   145  3.4963  0.9741
   268   191   144  3.4777  0.9678
   267   191   144  3.4756  0.9670
   262   185   145  3.4511  0.9563
   268   187   144  3.4372  0.9519
   266   191   144  3.4353  0.9512
   268   185   145  3.4176  0.9432
   268   188   143  3.3855  0.9328
   268   189   143  3.3649  0.9248
   265   191   144  3.3613  0.9224
   268   187   143  3.3595  0.9227
   268   189   147  3.3103  0.9000
   268   186   144  3.3084  0.9021
   268   188   147  3.3073  0.8988
   268   190   143  3.2962  0.8985
   268   186   143  3.2928  0.8971
   268   190   147  3.2734  0.8860
   268   187   147  3.2689  0.8843
   264   191   144  3.2583  0.8831
   266   185   143  3.2575  0.8838
   266   191   143  3.2567  0.8835
   267   185   143  3.2403  0.8773
   265   185   143  3.2384  0.8765
   267   191   143  3.2369  0.8760
   265   191   143  3.2369  0.8760
   268   189   146  3.2170  0.8657
   268   190   146  3.2064  0.8618
   268   186   147  3.2054  0.8605
   268   191   147  3.2000  0.8585
   266   191   146  3.1967  0.8582
   268   185   143  3.1940  0.8599
   267   191   147  3.1907  0.8550
   267   191   146  3.1905  0.8558
   268   188   146  3.1841  0.8535
   268   191   143  3.1830  0.8558
   266   185   144  3.1819  0.8545
   264   185   143  3.1774  0.8537
   267   185   144  3.1772  0.8527
   265   191   146  3.1753  0.8502
   264   191   143  3.1745  0.8526
   262   188   144  3.1736  0.8514
   265   185   144  3.1646  0.8480
   266   191   147  3.1576  0.8428
   268   191   146  3.1564  0.8432
   262   189   144  3.1538  0.8440
   268   185   144  3.1537  0.8440
   262   187   144  3.1441  0.8405
   267   185   147  3.1325  0.8336
   263   191   144  3.1315  0.8358
   268   185   147  3.1296  0.8325
   264   191   146  3.1263  0.8322
   264   185   144  3.1212  0.8320
   262   188   146  3.1142  0.8277
   268   187   146  3.1104  0.8263
   266   185   147  3.1090  0.8250
   262   189   146  3.0997  0.8224
   265   191   147  3.0992  0.8214
   262   190   144  3.0884  0.8200
   262   188   143  3.0851  0.8197
   262   187   146  3.0796  0.8151
   263   185   143  3.0732  0.8153
   262   189   143  3.0702  0.8142
   263   191   143  3.0702  0.8142
   262   186   144  3.0664  0.8120
   262   187   143  3.0645  0.8122
   265   185   147  3.0529  0.8046
   263   191   146  3.0496  0.8042
   263   185   144  3.0484  0.8055
   262   190   146  3.0406  0.8010
   267   187   142  3.0185  0.7964
   262   190   143  3.0181  0.7954
   265   185   146  3.0171  0.7925
   266   187   142  3.0147  0.7950
   264   191   147  3.0144  0.7908
   262   186   143  3.0116  0.7930
   264   185   146  3.0091  0.7897
   268   187   142  3.0080  0.7926
   268   186   146  3.0045  0.7880
   267   186   142  3.0043  0.7912
   266   186   142  3.0034  0.7909
   267   188   142  3.0009  0.7900
   265   192   145  3.5976  1.0146
   264   192   145  3.5920  1.0124
   261   188   145  3.5844  1.0093
   261   189   145  3.5727  1.0046
   266   192   145  3.5678  1.0026
   261   187   145  3.5500  0.9955
   263   192   145  3.5465  0.9941
   261   190   145  3.5216  0.9842
   269   189   144  3.5168  0.9833
   269   189   145  3.5133  0.9809
   267   192   145  3.5090  0.9792
   269   188   145  3.5090  0.9792
   266   189   141  3.5069  0.9827
   269   190   144  3.5044  0.9784
   265   188   141  3.4954  0.9781
   266   188   141  3.4937  0.9774
   267   189   141  3.4884  0.9753
   269   190   145  3.4826  0.9687
   269   188   144  3.4754  0.9669
   269   187   145  3.4718  0.9645
   261   186   145  3.4664  0.9623
   267   188   141  3.4654  0.9662
   262   192   145  3.4593  0.9595
   265   187   141  3.4565  0.9627
   268   189   141  3.4463  0.9587
   266   187   141  3.4442  0.9579
   261   191   145  3.4389  0.9515
   269   191   144  3.4383  0.9523
   265   184   145  3.4362  0.9505
   268   192   145  3.4287  0.9475
   264   184   145  3.4216  0.9448
   269   191   145  3.4200  0.9442
   266   184   145  3.4176  0.9432
   268   188   141  3.4147  0.9463
   269   186   145  3.4074  0.9393
   267   187   141  3.4056  0.9427
   265   186   141  3.3867  0.9353
   269   187   144  3.3866  0.9322
   267   184   145  3.3724  0.9257
   263   184   145  3.3702  0.9249
   266   186   141  3.3649  0.9269
   268   192   144  3.3588  0.9215
   267   192   144  3.3520  0.9188
   269   188   141  3.3457  0.9195
   268   187   141  3.3457  0.9194
   261   185   145  3.3356  0.9116
   269   192   145  3.3329  0.9105
   261   192   145  3.3316  0.9100
   269   192   144  3.3251  0.9085
   269   185   145  3.3233  0.9069
   267   186   141  3.3168  0.9083
   266   192   144  3.3079  0.9019
   268   184   145  3.3073  0.9008
   269   188   143  3.3012  0.9004
   265   185   141  3.2926  0.8991
   269   189   147  3.2849  0.8903
   262   184   145  3.2831  0.8916
   269   187   143  3.2794  0.8921
   269   188   147  3.2791  0.8881
   269   189   143  3.2781  0.8916
   269   187   141  3.2692  0.8902
   266   185   141  3.2636  0.8880
   269   186   144  3.2612  0.8842
   269   190   147  3.2531  0.8783
   268   186   141  3.2483  0.8822
   269   187   147  3.2403  0.8736
   265   192   144  3.2310  0.8728
   269   184   145  3.2275  0.8706
   269   186   143  3.2178  0.8688
   269   190   143  3.2099  0.8658
   267   185   141  3.2083  0.8671
   269   191   147  3.1865  0.8535
   269   186   147  3.1786  0.8506
   261   184   145  3.1664  0.8478
   269   186   141  3.1649  0.8509
   269   189   146  3.1342  0.8350
   266   184   143  3.1333  0.8374
   268   185   141  3.1330  0.8391
   269   190   146  3.1321  0.8343
   264   192   144  3.1269  0.8341
   269   185   143  3.1248  0.8343
   267   184   143  3.1168  0.8313
   265   184   143  3.1161  0.8310
   269   185   144  3.1121  0.8287
   269   185   147  3.1061  0.8239
   269   191   143  3.1010  0.8255
   268   192   147  3.1008  0.8220
   266   192   143  3.0992  0.8248
   267   192   146  3.0975  0.8216
   269   188   146  3.0970  0.8214
   269   192   147  3.0948  0.8198
   269   191   146  3.0941  0.8204
   266   192   146  3.0925  0.8198
   267   192   147  3.0856  0.8164
   265   192   143  3.0816  0.8184
   267   192   143  3.0816  0.8184
   268   192   146  3.0766  0.8140
   268   184   143  3.0741  0.8157
   265   192   146  3.0624  0.8089
   264   184   143  3.0593  0.8103
   268   184   147  3.0528  0.8046
   267   184   147  3.0511  0.8039
   266   192   147  3.0497  0.8034
   268   192   143  3.0336  0.8010
   269   184   147  3.0334  0.7976
   269   192   146  3.0284  0.7966
   264   192   143  3.0259  0.7982
   269   187   146  3.0234  0.7948
   266   184   147  3.0225  0.7937
   261   188   144  3.0171  0.7942
   269   184   143  3.0110  0.7928
   266   184   144  3.0096  0.7915
   264   192   146  3.0081  0.7893
   267   184   144  3.0062  0.7902
   263   192   144  3.0012  0.7885
   264   189   140  3.6994  1.0622
   264   188   140  3.6791  1.0538
   265   189   140  3.6706  1.0503
   265   190   140  3.6585  1.0453
   265   188   140  3.6424  1.0387
   264   187   140  3.6198  1.0294
   266   189   140  3.6079  1.0246
   266   190   140  3.6022  1.0222
   265   187   140  3.5767  1.0119
   266   188   140  3.5741  1.0109
   264   186   140  3.5267  0.9917
   267   189   140  3.5148  0.9870
   267   190   140  3.5137  0.9866
   266   187   140  3.5045  0.9829
   265   189   141  3.4988  0.9795
   266   190   141  3.4809  0.9724
   265   186   140  3.4800  0.9731
   267   188   140  3.4778  0.9722
   265   193   145  3.4716  0.9644
   267   190   141  3.4702  0.9681
   264   188   141  3.4677  0.9671
   264   193   145  3.4654  0.9620
   265   190   141  3.4648  0.9660
   264   189   141  3.4619  0.9648
   266   193   145  3.4444  0.9537
   264   187   141  3.4384  0.9556
   268   190   141  3.4355  0.9544
   260   188   145  3.4342  0.9497
   270   189   144  3.4292  0.9488
   263   193   145  3.4204  0.9443
   260   189   145  3.4184  0.9435
   270   190   144  3.4181  0.9445
   264   185   140  3.4079  0.9447
   267   187   140  3.4073  0.9444
   266   186   140  3.4069  0.9443
   260   187   145  3.4036  0.9378
   268   190   140  3.3977  0.9407
   268   189   140  3.3959  0.9400
   267   193   145  3.3906  0.9328
   270   188   144  3.3901  0.9336
   269   189   141  3.3845  0.9345
   270   189   145  3.3826  0.9297
   269   190   141  3.3800  0.9327
   270   188   145  3.3773  0.9276
   264   186   141  3.3773  0.9317
   260   190   145  3.3634  0.9222
   265   185   140  3.3616  0.9267
   268   188   140  3.3581  0.9253
   270   190   145  3.3570  0.9198
   270   191   144  3.3563  0.9205
   270   187   145  3.3437  0.9147
   262   193   145  3.3337  0.9108
   260   186   145  3.3234  0.9069
   268   193   145  3.3178  0.9047
   267   186   140  3.3122  0.9076
   270   187   144  3.3070  0.9016
   270   189   141  3.3061  0.9042
   270   191   145  3.3025  0.8989
   266   185   140  3.2918  0.8998
   268   187   140  3.2898  0.8990
   264   185   141  3.2898  0.8980
   270   186   145  3.2876  0.8932
   260   191   145  3.2772  0.8893
   265   183   145  3.2743  0.8882
   264   184   140  3.2739  0.8929
   266   183   145  3.2701  0.8866
   270   188   141  3.2620  0.8874
   269   190   140  3.2592  0.8873
   269   189   140  3.2562  0.8862
   270   192   144  3.2498  0.8799
   264   183   145  3.2470  0.8779
   267   183   145  3.2402  0.8754
   270   189   147  3.2379  0.8726
   265   184   140  3.2325  0.8772
   269   193   145  3.2319  0.8722
   270   188   147  3.2307  0.8699
   270   192   145  3.2257  0.8699
   269   188   140  3.2200  0.8725
   270   185   145  3.2157  0.8662
   270   190   147  3.2104  0.8624
   261   193   145  3.2057  0.8624
   268   193   144  3.2057  0.8633
   267   185   140  3.2034  0.8663
   268   186   140  3.2004  0.8651
   267   193   144  3.1963  0.8598
   260   185   145  3.1956  0.8587
   270   187   147  3.1931  0.8559
   270   188   143  3.1923  0.8593
   268   183   145  3.1911  0.8570
   270   186   144  3.1902  0.8576
   263   183   145  3.1855  0.8549
   264   184   141  3.1823  0.8574
   265   184   141  3.1813  0.8570
   270   187   141  3.1803  0.8567
   269   193   144  3.1772  0.8527
   270   187   143  3.1759  0.8532
   266   184   140  3.1701  0.8538
   260   192   145  3.1674  0.8482
   270   189   143  3.1666  0.8497
   269   187   140  3.1567  0.8488
   266   193   144  3.1520  0.8434
   270   191   147  3.1506  0.8402
   266   184   141  3.1484  0.8448
   270   193   145  3.1366  0.8368
   270   184   145  3.1347  0.8361
   270   186   147  3.1345  0.8343
   269   183   145  3.1273  0.8334
   270   186   143  3.1214  0.8330
   270   193   144  3.1103  0.8280
   268   185   140  3.1008  0.8281
   270   189   140  3.1008  0.8281
   270   190   143  3.0994  0.8249
   262   183   145  3.0920  0.8204
   267   184   140  3.0914  0.8247
   267   184   141  3.0890  0.8229
   265   193   144  3.0771  0.8159
   269   186   140  3.0759  0.8190
   270   186   141  3.0711  0.8163
   270   188   140  3.0682  0.8162
   270   192   147  3.0669  0.8097
   270   185   147  3.0660  0.8093
   270   185   144  3.0512  0.8065
   270   183   145  3.0501  0.8053
   269   185   141  3.0441  0.8065
   260   193   145  3.0399  0.8016
   270   185   143  3.0364  0.8020
   270   190   146  3.0303  0.7973
   260   184   145  3.0292  0.7977
   270   189   146  3.0266  0.7959
   270   187   140  3.0121  0.7958
   268   184   141  3.0098  0.7941
   270   191   146  3.0031  0.7875
   268   184   140  3.0008  0.7917
   263   189   140  3.6930  1.0595
   263   188   140  3.6820  1.0550
   264   190   140  3.6796  1.0540
   263   190   140  3.6642  1.0476
   263   187   140  3.6311  1.0341
   264   191   140  3.6220  1.0303
   265   191   140  3.6081  1.0247
   266   191   140  3.5581  1.0044
   263   186   140  3.5439  0.9986
   267   191   140  3.4751  0.9712
   263   185   140  3.4271  0.9522
   264   190   141  3.4201  0.9484
   266   191   141  3.4169  0.9471
   267   191   141  3.4117  0.9451
   263   188   141  3.4092  0.9441
   263   189   141  3.3955  0.9388
   265   191   141  3.3951  0.9386
   263   187   141  3.3879  0.9358
   268   191   141  3.3825  0.9337
   268   191   140  3.3635  0.9274
   263   190   141  3.3468  0.9199
   264   191   141  3.3449  0.9192
   265   194   145  3.3349  0.9113
   263   186   141  3.3341  0.9150
   269   191   141  3.3326  0.9144
   264   194   145  3.3264  0.9080
   266   194   145  3.3121  0.9026
   270   190   141  3.3070  0.9046
   271   189   144  3.3036  0.9003
   271   190   144  3.2915  0.8957
   263   184   140  3.2906  0.8993
   263   194   145  3.2806  0.8906
   271   188   144  3.2703  0.8876
   270   191   141  3.2654  0.8887
   267   194   145  3.2653  0.8848
   259   188   145  3.2603  0.8829
   263   185   141  3.2523  0.8837
   259   189   145  3.2389  0.8749
   271   189   145  3.2384  0.8747
   259   187   145  3.2355  0.8736
   271   191   144  3.2334  0.8737
   271   188   145  3.2318  0.8722
   269   191   140  3.2285  0.8757
   271   190   141  3.2188  0.8711
   271   190   145  3.2186  0.8673
   271   189   141  3.2134  0.8691
   271   187   145  3.2020  0.8610
   268   194   145  3.2018  0.8610
   271   187   144  3.1972  0.8602
   262   194   145  3.1938  0.8580
   259   190   145  3.1783  0.8522
   271   191   145  3.1735  0.8504
   271   189   147  3.1708  0.8477
   271   188   141  3.1658  0.8513
   271   188   147  3.1637  0.8451
   259   186   145  3.1612  0.8459
   271   186   145  3.1543  0.8433
   263   184   141  3.1485  0.8448
   271   190   147  3.1464  0.8387
   263   183   140  3.1453  0.8446
   264   183   140  3.1352  0.8408
   271   192   144  3.1349  0.8371
   271   187   147  3.1290  0.8323
   269   194   145  3.1274  0.8334
   266   182   145  3.1223  0.8316
   265   182   145  3.1103  0.8272
   267   182   145  3.1093  0.8268
   271   192   145  3.1086  0.8265
   270   190   140  3.1036  0.8291
   265   183   140  3.1025  0.8288
   271   185   145  3.0947  0.8214
   271   186   144  3.0932  0.8218
   271   191   147  3.0924  0.8189
   259   191   145  3.0870  0.8186
   271   187   141  3.0812  0.8200
   268   182   145  3.0767  0.8149
   270   191   140  3.0756  0.8189
   271   186   147  3.0749  0.8126
   264   182   145  3.0684  0.8119
   261   194   145  3.0657  0.8109
   271   188   143  3.0629  0.8116
   264   183   141  3.0619  0.8130
   265   183   141  3.0601  0.8123
   271   187   143  3.0522  0.8077
   266   183   140  3.0508  0.8098
   270   194   145  3.0452  0.8035
   259   185   145  3.0398  0.8015
   271   189   143  3.0348  0.8014
   268   194   144  3.0343  0.8004
   271   193   145  3.0328  0.7990
   263   183   141  3.0296  0.8013
   269   182   145  3.0287  0.7975
   271   184   145  3.0281  0.7973
   266   183   141  3.0266  0.8001
   267   194   144  3.0245  0.7968
   271   192   147  3.0164  0.7914
   271   185   147  3.0111  0.7896
   269   194   144  3.0105  0.7918
   271   193   144  3.0067  0.7904
   271   186   143  3.0057  0.7909
   262   189   140  3.6517  1.0425
   262   188   140  3.6512  1.0423
   262   190   140  3.6132  1.0267
   262   187   140  3.6101  1.0255
   263   191   140  3.5988  1.0209
   262   191   140  3.5399  0.9971
   264   192   140  3.5325  0.9941
   262   186   140  3.5304  0.9932
   265   192   140  3.5252  0.9911
   263   192   140  3.5030  0.9823
   266   192   140  3.4817  0.9738
   262   185   140  3.4176  0.9485
   267   192   140  3.4048  0.9435
   262   188   141  3.3206  0.9098
   266   192   141  3.3204  0.9097
   267   192   141  3.3188  0.9091
   262   187   141  3.3056  0.9040
   262   189   141  3.3005  0.9021
   268   192   140  3.2990  0.9025
   265   192   141  3.2955  0.9002
   268   192   141  3.2938  0.8995
   262   184   140  3.2811  0.8957
   263   191   141  3.2663  0.8891
   262   186   141  3.2576  0.8857
   269   192   141  3.2492  0.8826
   262   190   141  3.2461  0.8814
   264   192   141  3.2421  0.8799
   265   195   145  3.1934  0.8578
   270   192   141  3.1885  0.8597
   271   191   141  3.1832  0.8578
   262   185   141  3.1807  0.8568
   264   195   145  3.1802  0.8529
   266   195   145  3.1777  0.8520
   269   192   140  3.1694  0.8536
   262   191   141  3.1611  0.8495
   263   192   141  3.1602  0.8492
   272   189   144  3.1430  0.8401
   267   195   145  3.1404  0.8382
   262   183   140  3.1320  0.8396
   263   195   145  3.1316  0.8350
   272   190   144  3.1288  0.8348
   272   188   144  3.1176  0.8307
   272   190   141  3.1162  0.8329
   271   192   141  3.1141  0.8321
   272   189   141  3.1069  0.8295
   268   195   145  3.0884  0.8192
   272   191   141  3.0870  0.8221
   272   189   147  3.0842  0.8159
   272   189   145  3.0820  0.8168
   262   184   141  3.0808  0.8199
   272   188   147  3.0788  0.8140
   272   191   144  3.0746  0.8150
   272   188   145  3.0738  0.8138
   272   190   145  3.0685  0.8119
   258   188   145  3.0684  0.8119
   272   190   147  3.0614  0.8077
   272   188   141  3.0575  0.8114
   272   187   144  3.0570  0.8086
   258   187   145  3.0515  0.8058
   272   187   147  3.0485  0.8030
   272   187   145  3.0473  0.8042
   262   195   145  3.0435  0.8029
   258   189   145  3.0397  0.8015
   272   191   145  3.0335  0.7992
   269   195   145  3.0271  0.7969
   270   192   140  3.0216  0.7992
   272   191   147  3.0122  0.7900
   272   186   145  3.0076  0.7899
   263   182   140  3.0013  0.7919
   264   182   140  3.0004  0.7916
   272   186   147  3.0000  0.7856
   261   188   140  3.5886  1.0167
   261   189   140  3.5781  1.0125
   261   187   140  3.5582  1.0044
   261   190   140  3.5297  0.9929
   261   186   140  3.4873  0.9760
   261   191   140  3.4487  0.9607
   262   192   140  3.4383  0.9566
   264   193   140  3.4193  0.9492
   265   193   140  3.4184  0.9488
   263   193   140  3.3846  0.9356
   266   193   140  3.3821  0.9346
   261   185   140  3.3806  0.9340
   261   192   140  3.3424  0.9192
   262   193   140  3.3163  0.9092
   267   193   140  3.3127  0.9078
   261   184   140  3.2465  0.8825
   268   193   140  3.2142  0.8703
   261   188   141  3.2048  0.8658
   267   193   141  3.2019  0.8647
   266   193   141  3.2013  0.8645
   261   187   141  3.1945  0.8620
   268   193   141  3.1805  0.8567
   261   189   141  3.1801  0.8566
   265   193   141  3.1748  0.8546
   261   186   141  3.1511  0.8458
   269   193   141  3.1414  0.8422
   261   190   141  3.1215  0.8348
   264   193   141  3.1202  0.8343
   261   183   140  3.0968  0.8267
   269   193   140  3.0917  0.8248
   270   193   141  3.0883  0.8226
   261   185   141  3.0788  0.8191
   262   192   141  3.0523  0.8095
   265   196   145  3.0511  0.8056
   266   196   145  3.0452  0.8035
   263   193   141  3.0371  0.8040
   261   191   141  3.0332  0.8025
   264   196   145  3.0304  0.7981
   272   192   141  3.0267  0.8002
   271   193   141  3.0234  0.7990
   267   196   145  3.0199  0.7944
   260   188   140  3.4976  0.9801
   260   187   140  3.4785  0.9725
   260   189   140  3.4760  0.9715
   260   190   140  3.4180  0.9487
   260   186   140  3.4177  0.9485
   260   191   140  3.3303  0.9146
   260   185   140  3.3188  0.9101
   265   194   140  3.2980  0.9021
   264   194   140  3.2920  0.8999
   266   194   140  3.2699  0.8914
   263   194   140  3.2526  0.8849
   260   192   140  3.2208  0.8728
   261   193   140  3.2189  0.8721
   267   194   140  3.2096  0.8686
   260   184   140  3.1902  0.8613
   262   194   140  3.1826  0.8585
   268   194   140  3.1203  0.8353
   260   193   140  3.0980  0.8271
   261   194   140  3.0864  0.8228
   267   194   141  3.0735  0.8172
   266   194   141  3.0709  0.8163
   260   188   141  3.0668  0.8148
   260   187   141  3.0602  0.8124
   268   194   141  3.0560  0.8108
   265   194   141  3.0439  0.8064
   260   183   140  3.0436  0.8072
   260   189   141  3.0389  0.8046
   269   194   141  3.0233  0.7989
   260   186   141  3.0210  0.7981
   269   194   140  3.0067  0.7938
   259   188   140  3.3822  0.9347
   259   187   140  3.3745  0.9316
   259   189   140  3.3500  0.9222
   259   186   140  3.3248  0.9124
   259   190   140  3.2835  0.8966
   259   185   140  3.2361  0.8786
   259   191   140  3.1905  0.8614
   265   195   140  3.1730  0.8549
   264   195   140  3.1594  0.8498
   266   195   140  3.1547  0.8481
   259   184   140  3.1161  0.8338
   263   195   140  3.1157  0.8336
   267   195   140  3.1053  0.8298
   259   192   140  3.0799  0.8204
   262   195   140  3.0450  0.8077
   268   195   140  3.0272  0.8012
   258   187   140  3.2496  0.8837
   258   188   140  3.2463  0.8824
   258   186   140  3.2120  0.8695
   258   189   140  3.2048  0.8668
   258   185   140  3.1354  0.8409
   258   190   140  3.1317  0.8395
   265   196   140  3.0501  0.8096
   266   196   140  3.0431  0.8070
   258   191   140  3.0358  0.8043
   264   196   140  3.0282  0.8016
   258   184   140  3.0273  0.8013
   267   196   140  3.0064  0.7937
   257   187   140  3.1072  0.8305
   257   188   140  3.0938  0.8256
   257   186   140  3.0817  0.8211
   257   189   140  3.0452  0.8078
   257   185   140  3.0189  0.7982
