#   X     Y     Z      S       D
    83   317   173  5.5430  1.9184
    84   317   173  5.5253  1.9082
    83   318   173  5.5109  1.9000
    83   316   173  5.5056  1.8970
    84   318   173  5.4979  1.8926
    84   316   173  5.4796  1.8822
    82   317   173  5.4772  1.8809
    82   316   173  5.4467  1.8636
    82   318   173  5.4434  1.8617
    83   317   172  5.1597  1.7075
    83   318   172  5.1431  1.6987
    84   317   172  5.1258  1.6896
    84   318   172  5.1149  1.6838
    82   317   172  5.1136  1.6831
    83   316   172  5.0965  1.6741
    82   318   172  5.0941  1.6728
    82   316   172  5.0569  1.6533
    84   316   172  5.0559  1.6528
    83   316   174  5.0288  1.6365
    83   317   174  5.0265  1.6353
    84   317   174  5.0037  1.6235
    82   316   174  4.9989  1.6210
    84   316   174  4.9986  1.6209
    82   317   174  4.9911  1.6170
    83   318   174  4.9587  1.6004
    84   318   174  4.9409  1.5913
    82   318   174  4.9215  1.5814
    85   317   173  5.4197  1.8485
    83   319   173  5.4128  1.8446
    84   319   173  5.4011  1.8380
    85   318   173  5.3989  1.8368
    83   315   173  5.3938  1.8339
    85   316   173  5.3659  1.8184
    84   315   173  5.3569  1.8134
    82   319   173  5.3482  1.8087
    82   315   173  5.3463  1.8076
    81   317   173  5.3384  1.8032
    81   316   173  5.3124  1.7890
    85   319   173  5.3067  1.7858
    81   318   173  5.3059  1.7854
    85   315   173  5.2343  1.7464
    81   315   173  5.2226  1.7401
    81   319   173  5.2177  1.7374
    83   317   171  5.1398  1.6982
    82   317   171  5.1338  1.6950
    83   318   171  5.1258  1.6907
    82   318   171  5.1108  1.6828
    82   316   171  5.0976  1.6759
    83   316   171  5.0905  1.6721
    84   317   171  5.0866  1.6701
    84   318   171  5.0821  1.6677
    81   317   171  5.0751  1.6640
    83   319   171  5.0584  1.6553
    81   316   171  5.0507  1.6512
    83   319   172  5.0490  1.6492
    81   318   171  5.0449  1.6482
    82   319   171  5.0391  1.6452
    84   319   172  5.0252  1.6368
    84   316   171  5.0246  1.6377
    84   319   171  5.0203  1.6354
    85   317   172  5.0136  1.6308
    85   318   172  5.0090  1.6284
    82   319   172  5.0006  1.6241
    81   317   172  4.9954  1.6214
    82   315   171  4.9915  1.6205
    81   318   172  4.9770  1.6119
    85   318   171  4.9758  1.6125
    85   317   171  4.9719  1.6104
    81   319   171  4.9708  1.6099
    83   315   171  4.9682  1.6085
    81   315   171  4.9601  1.6044
    83   315   174  4.9580  1.6000
    83   315   172  4.9533  1.5997
    81   316   172  4.9435  1.5947
    85   316   172  4.9386  1.5922
    82   315   174  4.9372  1.5894
    85   319   172  4.9263  1.5860
    82   315   172  4.9235  1.5845
    85   319   171  4.9196  1.5837
    85   317   174  4.9190  1.5801
    84   315   174  4.9187  1.5800
    81   316   174  4.9133  1.5773
    85   316   174  4.9069  1.5740
    84   315   172  4.9054  1.5754
    81   317   174  4.9037  1.5724
    85   316   171  4.8994  1.5734
    81   319   172  4.8900  1.5675
    84   315   171  4.8878  1.5676
    85   318   174  4.8624  1.5516
    81   315   174  4.8582  1.5495
    81   318   174  4.8370  1.5389
    83   319   174  4.8340  1.5374
    81   315   172  4.8207  1.5327
    85   315   174  4.8197  1.5302
    84   319   174  4.8190  1.5299
    82   319   174  4.7983  1.5196
    85   315   172  4.7849  1.5150
    85   315   171  4.7516  1.4996
    85   319   174  4.7457  1.4937
    81   319   174  4.7208  1.4815
    82   318   175  4.4929  1.3719
    82   319   175  4.4897  1.3704
    83   319   175  4.4680  1.3603
    83   318   175  4.4580  1.3557
    81   318   175  4.4550  1.3543
    81   319   175  4.4431  1.3488
    82   317   175  4.4351  1.3451
    81   317   175  4.4095  1.3333
    83   317   175  4.3849  1.3221
    84   319   175  4.3674  1.3141
    84   318   175  4.3410  1.3021
    82   316   175  4.3158  1.2907
    81   316   175  4.3049  1.2858
    84   317   175  4.2521  1.2622
    83   316   175  4.2501  1.2613
    85   319   175  4.1851  1.2326
    81   315   175  4.1426  1.2140
    85   318   175  4.1418  1.2137
    82   315   175  4.1378  1.2119
    84   316   175  4.1037  1.1972
    83   315   175  4.0580  1.1775
    85   317   175  4.0391  1.1694
    84   315   175  3.9021  1.1118
    85   316   175  3.8818  1.1033
    85   315   175  3.6777  1.0206
    83   320   173  5.2509  1.7554
    84   320   173  5.2373  1.7480
    86   317   173  5.2284  1.7432
    86   318   173  5.2143  1.7356
    83   314   173  5.2032  1.7296
    82   320   173  5.1932  1.7243
    82   314   173  5.1704  1.7121
    86   316   173  5.1680  1.7108
    84   314   173  5.1542  1.7034
    85   320   173  5.1457  1.6989
    80   317   173  5.1414  1.6966
    86   319   173  5.1285  1.6898
    80   316   173  5.1173  1.6839
    80   318   173  5.1131  1.6817
    81   320   173  5.0739  1.6611
    81   314   173  5.0622  1.6549
    80   315   173  5.0358  1.6412
    80   319   173  5.0344  1.6405
    86   315   173  5.0310  1.6387
    85   314   173  5.0236  1.6349
    86   320   173  4.9737  1.6091
    80   317   171  4.9722  1.6106
    80   316   171  4.9568  1.6027
    83   320   171  4.9460  1.5972
    80   318   171  4.9374  1.5928
    82   317   170  4.9276  1.5889
    82   320   171  4.9271  1.5875
    82   316   170  4.9152  1.5826
    84   320   171  4.9093  1.5784
    83   317   170  4.9056  1.5777
    80   320   173  4.9045  1.5738
    80   314   173  4.8897  1.5663
    81   317   170  4.8869  1.5683
    81   316   170  4.8831  1.5663
    83   316   170  4.8826  1.5660
    83   320   172  4.8813  1.5632
    80   315   171  4.8797  1.5634
    82   318   170  4.8788  1.5642
    83   318   170  4.8641  1.5567
    80   319   171  4.8631  1.5551
    81   320   171  4.8611  1.5541
    84   320   172  4.8603  1.5526
    82   320   172  4.8366  1.5407
    81   318   170  4.8343  1.5418
    86   317   172  4.8330  1.5389
    86   318   172  4.8329  1.5389
    82   315   170  4.8325  1.5409
    80   317   172  4.8204  1.5326
    86   314   173  4.8178  1.5303
    84   317   170  4.8152  1.5322
    81   315   170  4.8131  1.5311
    85   320   171  4.8108  1.5289
    83   314   174  4.8102  1.5255
    80   318   172  4.8072  1.5260
    86   318   171  4.8071  1.5271
    82   314   171  4.8069  1.5269
    82   314   174  4.8008  1.5208
    86   317   171  4.7973  1.5222
    80   316   170  4.7960  1.5226
    80   317   170  4.7942  1.5218
    81   314   171  4.7938  1.5204
    83   315   170  4.7869  1.5181
    84   318   170  4.7832  1.5163
    84   316   170  4.7809  1.5152
    82   319   170  4.7781  1.5138
    80   316   174  4.7777  1.5094
    86   317   174  4.7724  1.5068
    80   317   174  4.7713  1.5063
    80   316   172  4.7708  1.5080
    85   320   172  4.7687  1.5070
    83   319   170  4.7669  1.5082
    83   314   171  4.7663  1.5068
    84   314   174  4.7611  1.5013
    80   320   171  4.7573  1.5024
    86   319   172  4.7572  1.5013
    86   316   172  4.7565  1.5010
    86   316   174  4.7553  1.4984
    86   319   171  4.7551  1.5013
    80   318   170  4.7412  1.4955
    80   315   170  4.7369  1.4934
    81   320   172  4.7368  1.4913
    81   319   170  4.7342  1.4921
    83   314   172  4.7333  1.4896
    81   314   174  4.7325  1.4872
    80   319   172  4.7318  1.4888
    80   314   171  4.7306  1.4893
    80   315   174  4.7251  1.4836
    86   318   174  4.7211  1.4817
    86   316   171  4.7183  1.4832
    82   314   172  4.7156  1.4809
    80   318   174  4.7129  1.4776
    84   319   170  4.6934  1.4722
    84   314   172  4.6786  1.4629
    84   315   170  4.6738  1.4626
    82   314   170  4.6724  1.4620
    84   314   171  4.6716  1.4605
    81   314   170  4.6687  1.4601
    86   315   174  4.6643  1.4541
    83   320   174  4.6614  1.4526
    80   315   172  4.6582  1.4530
    85   317   170  4.6573  1.4546
    85   314   174  4.6558  1.4500
    86   320   171  4.6486  1.4494
    84   320   174  4.6473  1.4459
    80   319   170  4.6452  1.4488
    85   318   170  4.6358  1.4442
    82   320   170  4.6341  1.4434
    82   320   174  4.6297  1.4374
    81   314   172  4.6286  1.4388
    83   320   170  4.6232  1.4382
    85   316   170  4.6132  1.4334
    83   314   170  4.6129  1.4333
    86   319   174  4.6102  1.4281
    80   319   174  4.6086  1.4273
    86   320   172  4.6084  1.4291
    80   314   170  4.6081  1.4309
    80   314   174  4.6074  1.4268
    86   315   172  4.6048  1.4274
    80   320   172  4.5952  1.4228
    81   320   170  4.5944  1.4244
    85   320   174  4.5785  1.4130
    86   315   171  4.5647  1.4092
    81   320   174  4.5615  1.4049
    85   314   172  4.5574  1.4048
    85   319   170  4.5562  1.4062
    84   320   170  4.5551  1.4057
    82   318   176  4.5516  1.3986
    82   317   176  4.5408  1.3935
    81   318   176  4.5337  1.3902
    81   317   176  4.5263  1.3867
    85   314   171  4.5260  1.3909
    80   320   170  4.5128  1.3857
    83   318   176  4.5109  1.3795
    86   314   174  4.4986  1.3754
    85   315   170  4.4981  1.3788
    82   319   176  4.4960  1.3725
    83   317   176  4.4954  1.3723
    84   314   170  4.4900  1.3750
    80   314   172  4.4837  1.3702
    81   319   176  4.4774  1.3639
    80   318   176  4.4648  1.3580
    80   320   174  4.4633  1.3590
    82   316   176  4.4615  1.3565
    80   317   176  4.4588  1.3553
    83   319   176  4.4586  1.3552
    81   316   176  4.4526  1.3524
    86   320   174  4.4491  1.3523
    86   317   170  4.4401  1.3518
    82   320   175  4.4289  1.3422
    86   318   170  4.4282  1.3463
    85   320   170  4.4275  1.3459
    83   320   175  4.4175  1.3370
    80   319   176  4.4107  1.3331
    83   316   176  4.4107  1.3331
    84   318   176  4.4067  1.3313
    80   316   176  4.3900  1.3236
    86   316   170  4.3891  1.3283
    84   317   176  4.3864  1.3220
    86   314   172  4.3831  1.3237
    82   320   176  4.3796  1.3189
    81   320   175  4.3779  1.3189
    81   320   176  4.3630  1.3113
    86   319   170  4.3601  1.3150
    84   319   176  4.3597  1.3098
    80   318   175  4.3585  1.3101
    83   320   176  4.3440  1.3027
    80   319   175  4.3432  1.3031
    86   314   171  4.3360  1.3031
    84   320   175  4.3320  1.2980
    80   317   175  4.3211  1.2931
    82   315   176  4.3156  1.2899
    81   315   176  4.3137  1.2891
    85   314   170  4.3103  1.2924
    80   320   176  4.3019  1.2838
    84   316   176  4.2978  1.2819
    80   320   175  4.2791  1.2743
    86   315   170  4.2712  1.2748
    83   315   176  4.2596  1.2648
    80   315   176  4.2587  1.2645
    84   320   176  4.2499  1.2605
    86   320   170  4.2441  1.2627
    85   318   176  4.2395  1.2559
    80   316   175  4.2284  1.2517
    85   317   176  4.2155  1.2453
    85   319   176  4.1980  1.2376
    85   320   175  4.1678  1.2250
    84   315   176  4.1444  1.2141
    85   316   176  4.1256  1.2060
    81   314   176  4.1156  1.2016
    82   314   176  4.1100  1.1992
    85   320   176  4.0952  1.1928
    86   314   170  4.0865  1.1935
    80   315   175  4.0807  1.1872
    80   314   176  4.0698  1.1819
    83   314   176  4.0496  1.1733
    86   318   176  4.0151  1.1586
    86   317   176  3.9898  1.1479
    86   319   176  3.9782  1.1430
    85   315   176  3.9739  1.1412
    84   314   176  3.9344  1.1246
    86   320   175  3.9291  1.1230
    86   319   175  3.9281  1.1226
    81   314   175  3.9273  1.1223
    82   314   175  3.9075  1.1140
    86   316   176  3.9021  1.1112
    86   320   176  3.8827  1.1031
    80   314   175  3.8812  1.1031
    86   318   175  3.8701  1.0985
    83   314   175  3.8168  1.0767
    85   314   176  3.7686  1.0565
    86   317   175  3.7582  1.0529
    86   315   176  3.7561  1.0515
    84   314   175  3.6569  1.0124
    86   316   175  3.5986  0.9895
    86   314   176  3.5598  0.9738
    85   314   175  3.4372  0.9273
    86   315   175  3.4003  0.9134
    86   314   175  3.1736  0.8300
    83   321   173  5.0276  1.6369
    84   321   173  5.0098  1.6277
    82   321   173  4.9796  1.6122
    87   317   173  4.9588  1.6014
    87   318   173  4.9499  1.5969
    83   313   173  4.9337  1.5886
    85   321   173  4.9195  1.5815
    82   313   173  4.9168  1.5801
    79   317   173  4.9031  1.5731
    87   316   173  4.8950  1.5690
    79   318   173  4.8806  1.5618
    79   316   173  4.8786  1.5607
    81   321   173  4.8747  1.5588
    84   313   173  4.8736  1.5582
    87   319   173  4.8708  1.5568
    79   317   171  4.8337  1.5403
    81   313   173  4.8272  1.5350
    79   316   171  4.8240  1.5355
    79   319   173  4.8123  1.5275
    79   315   173  4.8025  1.5227
    79   318   171  4.7972  1.5221
    83   321   171  4.7945  1.5208
    82   321   171  4.7805  1.5139
    87   315   173  4.7575  1.5005
    79   315   171  4.7570  1.5022
    84   321   171  4.7550  1.5013
    86   321   173  4.7536  1.4985
    85   313   173  4.7382  1.4910
    79   319   171  4.7246  1.4863
    87   320   173  4.7241  1.4840
    80   321   173  4.7223  1.4832
    81   321   171  4.7211  1.4846
    79   320   173  4.6966  1.4706
    80   313   173  4.6739  1.4596
    79   314   173  4.6679  1.4567
    79   316   170  4.6664  1.4590
    79   317   170  4.6618  1.4568
    85   321   171  4.6556  1.4528
    83   321   172  4.6459  1.4471
    84   321   172  4.6259  1.4375
    80   321   171  4.6249  1.4380
    79   320   171  4.6237  1.4374
    79   314   171  4.6226  1.4369
    79   315   170  4.6157  1.4346
    79   318   170  4.6110  1.4323
    79   317   172  4.6078  1.4288
    82   321   172  4.6077  1.4288
    79   318   172  4.6027  1.4264
    87   318   172  4.6000  1.4251
    79   317   174  4.6000  1.4232
    87   317   172  4.5996  1.4249
    79   316   174  4.5980  1.4223
    82   313   174  4.5900  1.4184
    83   313   174  4.5875  1.4173
    87   318   171  4.5806  1.4168
    87   317   171  4.5686  1.4111
    87   317   174  4.5682  1.4081
    79   316   172  4.5584  1.4053
    79   318   174  4.5545  1.4016
    87   316   174  4.5494  1.3992
    87   314   173  4.5481  1.3995
    81   313   171  4.5478  1.4013
    79   315   174  4.5430  1.3962
    79   319   172  4.5423  1.3977
    82   313   171  4.5418  1.3984
    85   321   172  4.5412  1.3972
    81   313   174  4.5351  1.3925
    86   313   173  4.5347  1.3932
    79   321   173  4.5317  1.3918
    87   319   171  4.5305  1.3931
    84   313   174  4.5299  1.3900
    87   319   172  4.5284  1.3911
    87   316   172  4.5265  1.3902
    81   321   172  4.5216  1.3879
    79   319   170  4.5210  1.3896
    87   318   174  4.5201  1.3855
    87   321   173  4.5132  1.3831
    80   313   171  4.5045  1.3809
    79   314   170  4.5010  1.3802
    79   321   171  4.4990  1.3783
    86   321   171  4.4936  1.3757
    87   316   171  4.4879  1.3731
    83   313   171  4.4848  1.3716
    79   313   173  4.4692  1.3625
    79   319   174  4.4660  1.3602
    87   315   174  4.4585  1.3567
    82   321   170  4.4553  1.3588
    79   315   172  4.4548  1.3567
    83   321   174  4.4493  1.3525
    81   313   170  4.4462  1.3546
    83   313   172  4.4456  1.3524
    83   321   170  4.4426  1.3529
    82   313   172  4.4412  1.3504
    84   321   174  4.4350  1.3459
    82   313   170  4.4330  1.3485
    79   314   174  4.4293  1.3432
    79   320   172  4.4254  1.3431
    87   320   171  4.4251  1.3439
    82   321   174  4.4230  1.3403
    80   313   174  4.4224  1.3400
    81   321   170  4.4220  1.3434
    85   313   174  4.4209  1.3393
    79   313   171  4.4153  1.3394
    87   319   174  4.4137  1.3360
    80   313   170  4.4047  1.3354
    80   321   172  4.3995  1.3312
    79   320   170  4.3973  1.3320
    86   321   172  4.3908  1.3272
    87   320   172  4.3868  1.3254
    84   313   172  4.3852  1.3247
    87   315   172  4.3823  1.3233
    84   313   171  4.3785  1.3225
    84   321   170  4.3782  1.3233
    81   313   172  4.3737  1.3194
    85   321   174  4.3701  1.3161
    81   321   174  4.3652  1.3139
    83   313   170  4.3609  1.3154
    79   318   176  4.3532  1.3069
    80   321   170  4.3496  1.3102
    79   317   176  4.3466  1.3039
    79   320   174  4.3378  1.3014
    87   315   171  4.3346  1.3025
    79   313   170  4.3167  1.2953
    82   321   175  4.3161  1.2909
    83   321   175  4.3113  1.2887
    79   319   176  4.3038  1.2846
    79   314   172  4.2980  1.2851
    87   314   174  4.2959  1.2826
    80   321   174  4.2814  1.2760
    79   316   176  4.2813  1.2745
    87   313   173  4.2747  1.2738
    87   321   171  4.2706  1.2737
    85   313   172  4.2667  1.2711
    86   313   174  4.2656  1.2690
    81   321   175  4.2650  1.2680
    85   321   170  4.2597  1.2696
    87   320   174  4.2584  1.2657
    79   313   174  4.2542  1.2639
    80   313   172  4.2526  1.2648
    79   321   172  4.2521  1.2645
    86   321   174  4.2470  1.2607
    79   321   170  4.2441  1.2627
    84   321   175  4.2387  1.2563
    84   313   170  4.2319  1.2573
    85   313   171  4.2276  1.2545
    79   318   175  4.2191  1.2476
    82   321   176  4.2108  1.2432
    79   319   175  4.2046  1.2412
    79   320   176  4.2032  1.2399
    81   321   176  4.1985  1.2378
    79   317   175  4.1854  1.2327
    87   321   172  4.1789  1.2321
    87   317   170  4.1777  1.2333
    83   321   176  4.1754  1.2276
    87   318   170  4.1734  1.2314
    87   314   172  4.1725  1.2293
    79   321   174  4.1724  1.2277
    80   321   175  4.1715  1.2266
    79   315   176  4.1572  1.2197
    79   320   175  4.1457  1.2154
    80   321   176  4.1456  1.2146
    87   316   170  4.1238  1.2097
    87   319   170  4.1165  1.2065
    87   314   171  4.1097  1.2027
    86   313   172  4.1027  1.1989
    79   316   175  4.1007  1.1959
    85   321   175  4.0921  1.1921
    79   313   172  4.0920  1.1943
    86   321   170  4.0897  1.1949
    84   321   176  4.0857  1.1887
    87   313   174  4.0700  1.1833
    87   321   174  4.0633  1.1805
    79   321   176  4.0576  1.1767
    85   313   170  4.0542  1.1796
    79   321   175  4.0467  1.1727
    86   313   171  4.0396  1.1725
    87   320   170  4.0145  1.1626
    87   315   170  4.0089  1.1602
    79   314   176  3.9779  1.1428
    79   315   175  3.9645  1.1378
    85   321   176  3.9385  1.1263
    87   313   172  3.9085  1.1164
    87   321   170  3.8759  1.1043
    86   321   175  3.8733  1.0998
    81   313   176  3.8689  1.0974
    82   313   176  3.8566  1.0924
    86   313   170  3.8407  1.0898
    87   314   170  3.8341  1.0871
    80   313   176  3.8327  1.0826
    87   313   171  3.8226  1.0816
    83   313   176  3.7936  1.0666
    79   314   175  3.7790  1.0613
    79   313   176  3.7517  1.0497
    87   318   176  3.7445  1.0468
    86   321   176  3.7354  1.0431
    87   317   176  3.7208  1.0373
    87   319   176  3.7100  1.0330
    84   313   176  3.6809  1.0214
    81   313   175  3.6675  1.0166
    87   316   176  3.6388  1.0047
    80   313   175  3.6367  1.0044
    82   313   175  3.6351  1.0038
    87   320   175  3.6293  1.0015
    87   320   176  3.6208  0.9976
    87   319   175  3.6127  0.9950
    87   313   170  3.6065  0.9955
    87   321   175  3.5926  0.9871
    79   313   175  3.5496  0.9704
    87   318   175  3.5447  0.9685
    83   313   175  3.5377  0.9658
    85   313   176  3.5226  0.9595
    87   315   176  3.5021  0.9515
    87   321   176  3.4832  0.9443
    87   317   175  3.4299  0.9245
    84   313   175  3.3799  0.9057
    86   313   176  3.3257  0.8850
    87   314   176  3.3182  0.8823
    87   316   175  3.2755  0.8670
    85   313   175  3.1720  0.8294
    87   313   176  3.0985  0.8027
    87   315   175  3.0909  0.8004
    83   322   173  4.7472  1.4954
    84   322   173  4.7236  1.4838
    82   322   173  4.7110  1.4776
    78   317   171  4.6669  1.4582
    78   316   171  4.6594  1.4546
    78   317   173  4.6396  1.4431
    85   322   173  4.6336  1.4402
    78   318   171  4.6313  1.4411
    78   318   173  4.6231  1.4352
    88   317   173  4.6230  1.4351
    81   322   173  4.6224  1.4348
    88   318   173  4.6164  1.4320
    78   316   173  4.6129  1.4303
    83   322   171  4.6075  1.4296
    82   322   171  4.6022  1.4271
    78   315   171  4.5986  1.4254
    83   312   173  4.5938  1.4212
    82   312   173  4.5916  1.4201
    78   319   173  4.5639  1.4070
    78   319   171  4.5620  1.4080
    84   322   171  4.5617  1.4078
    88   316   173  4.5603  1.4053
    81   322   171  4.5531  1.4037
    88   319   173  4.5427  1.3970
    78   315   173  4.5391  1.3953
    84   312   173  4.5261  1.3891
    81   312   173  4.5215  1.3870
    78   316   170  4.5061  1.3826
    78   317   170  4.5009  1.3801
    80   322   173  4.4891  1.3718
    78   314   171  4.4753  1.3672
    86   322   173  4.4735  1.3646
    80   322   171  4.4676  1.3636
    78   320   171  4.4664  1.3630
    78   315   170  4.4612  1.3616
    78   320   173  4.4605  1.3585
    85   322   171  4.4587  1.3594
    78   318   170  4.4535  1.3580
    88   315   173  4.4279  1.3434
    78   314   173  4.4121  1.3361
    88   320   173  4.4044  1.3326
    78   317   174  4.3942  1.3271
    85   312   173  4.3913  1.3266
    80   312   173  4.3901  1.3260
    78   318   172  4.3802  1.3224
    78   316   174  4.3801  1.3207
    78   317   172  4.3764  1.3206
    78   319   170  4.3698  1.3194
    78   318   174  4.3646  1.3136
    78   314   170  4.3583  1.3142
    79   322   171  4.3521  1.3105
    83   322   172  4.3513  1.3092
    78   321   171  4.3491  1.3091
    78   319   172  4.3350  1.3018
    84   322   172  4.3304  1.2997
    88   317   172  4.3297  1.2994
    78   316   172  4.3259  1.2977
    88   318   172  4.3253  1.2974
    82   322   172  4.3216  1.2957
    78   315   174  4.3182  1.2926
    79   322   173  4.3181  1.2933
    88   317   174  4.3143  1.2908
    82   312   174  4.3139  1.2906
    78   321   173  4.3110  1.2901
    88   318   171  4.3039  1.2886
    83   312   174  4.3011  1.2849
    88   316   174  4.2972  1.2831
    86   322   171  4.2952  1.2847
    78   319   174  4.2939  1.2816
    88   317   171  4.2937  1.2840
    78   313   171  4.2839  1.2796
    81   312   174  4.2726  1.2721
    88   318   174  4.2666  1.2694
    88   316   172  4.2654  1.2705
    78   320   170  4.2540  1.2671
    88   319   172  4.2530  1.2649
    88   319   171  4.2528  1.2657
    85   322   172  4.2513  1.2642
    81   322   172  4.2510  1.2641
    82   322   170  4.2499  1.2653
    87   322   173  4.2438  1.2600
    84   312   174  4.2382  1.2568
    78   320   172  4.2379  1.2582
    83   322   170  4.2344  1.2584
    78   315   172  4.2299  1.2547
    88   314   173  4.2288  1.2534
    81   312   171  4.2279  1.2546
    78   313   173  4.2267  1.2524
    81   322   170  4.2237  1.2536
    88   316   171  4.2164  1.2495
    78   322   171  4.2115  1.2474
    88   315   174  4.2105  1.2445
    79   312   173  4.2067  1.2436
    83   322   174  4.2063  1.2426
    80   312   171  4.2051  1.2445
    88   321   173  4.2050  1.2428
    78   318   176  4.2049  1.2406
    78   314   174  4.2043  1.2418
    82   312   171  4.2042  1.2441
    86   312   173  4.1968  1.2392
    78   317   176  4.1963  1.2368
    78   313   170  4.1914  1.2393
    84   322   174  4.1909  1.2359
    82   322   174  4.1858  1.2336
    78   320   174  4.1838  1.2327
    80   312   174  4.1749  1.2289
    84   322   170  4.1729  1.2311
    88   319   174  4.1625  1.2234
    78   319   176  4.1617  1.2217
    80   322   170  4.1610  1.2259
    82   322   175  4.1587  1.2210
    83   322   175  4.1568  1.2202
    81   312   170  4.1505  1.2213
    80   322   172  4.1495  1.2192
    88   320   171  4.1470  1.2190
    81   322   174  4.1382  1.2128
    79   312   171  4.1371  1.2146
    83   312   171  4.1345  1.2135
    88   315   172  4.1339  1.2125
    78   316   176  4.1332  1.2093
    85   312   174  4.1299  1.2092
    80   312   170  4.1295  1.2122
    85   322   174  4.1291  1.2089
    82   312   170  4.1213  1.2086
    78   322   173  4.1159  1.2039
    82   312   172  4.1155  1.2044
    88   320   172  4.1147  1.2041
    81   322   175  4.1110  1.2003
    86   322   172  4.1108  1.2024
    78   321   170  4.1097  1.2035
    83   312   172  4.1068  1.2007
    84   322   175  4.0939  1.1929
    78   314   172  4.0893  1.1931
    78   321   172  4.0868  1.1920
    87   322   171  4.0725  1.1866
    78   320   176  4.0708  1.1823
    81   312   172  4.0697  1.1847
    88   315   171  4.0693  1.1853
    80   322   174  4.0676  1.1823
    79   322   170  4.0655  1.1844
    79   312   170  4.0639  1.1838
    85   322   170  4.0629  1.1833
    88   314   174  4.0553  1.1770
    78   318   175  4.0491  1.1737
    84   312   172  4.0432  1.1733
    83   312   170  4.0401  1.1735
    78   319   175  4.0381  1.1690
    78   313   174  4.0359  1.1687
    78   321   174  4.0355  1.1686
    78   312   171  4.0258  1.1666
    80   322   175  4.0257  1.1637
    79   322   172  4.0248  1.1654
    84   312   171  4.0218  1.1649
    79   312   174  4.0211  1.1624
    78   317   175  4.0157  1.1595
    78   315   176  4.0151  1.1586
    86   322   174  4.0123  1.1587
    88   320   174  4.0116  1.1584
    82   322   176  4.0003  1.1523
    81   322   176  3.9938  1.1496
    88   321   171  3.9928  1.1526
    78   320   175  3.9863  1.1470
    78   312   173  3.9829  1.1470
    86   312   174  3.9814  1.1456
    80   312   172  3.9761  1.1448
    79   322   174  3.9733  1.1422
    88   313   173  3.9722  1.1424
    83   322   176  3.9637  1.1369
    85   322   175  3.9631  1.1372
    78   312   170  3.9607  1.1398
    87   312   173  3.9538  1.1347
    80   322   176  3.9503  1.1312
    88   322   173  3.9499  1.1330
    88   314   172  3.9408  1.1299
    78   322   170  3.9403  1.1312
    78   321   176  3.9372  1.1258
    78   316   175  3.9353  1.1256
    85   312   172  3.9312  1.1259
    88   321   172  3.9138  1.1186
    79   322   175  3.9118  1.1158
    84   312   170  3.9108  1.1189
    87   322   172  3.9104  1.1172
    78   313   172  3.9068  1.1157
    86   322   170  3.9063  1.1170
    78   321   175  3.8971  1.1097
    88   318   170  3.8877  1.1092
    88   317   170  3.8873  1.1091
    78   322   172  3.8819  1.1054
    84   322   176  3.8775  1.1010
    79   322   176  3.8741  1.0996
    85   312   171  3.8719  1.1019
    88   314   171  3.8549  1.0949
    78   322   174  3.8515  1.0915
    79   312   172  3.8457  1.0904
    78   314   176  3.8448  1.0875
    88   313   174  3.8410  1.0872
    88   319   170  3.8405  1.0897
    87   322   174  3.8365  1.0853
    88   316   170  3.8346  1.0873
    88   321   174  3.8230  1.0798
    78   312   174  3.8155  1.0767
    78   315   175  3.8070  1.0726
    87   312   174  3.7982  1.0697
    88   322   171  3.7962  1.0708
    86   312   172  3.7820  1.0644
    78   322   175  3.7733  1.0590
    78   322   176  3.7667  1.0557
    86   322   175  3.7640  1.0552
    88   320   170  3.7521  1.0536
    85   312   170  3.7424  1.0497
    85   322   176  3.7380  1.0442
    88   315   170  3.7278  1.0438
    87   322   170  3.7090  1.0362
    88   313   172  3.6972  1.0302
    86   312   171  3.6927  1.0290
    78   312   172  3.6895  1.0271
    88   312   173  3.6752  1.0208
    88   322   172  3.6559  1.0138
    78   314   175  3.6322  1.0026
    88   321   170  3.6296  1.0046
    78   313   176  3.6294  1.0010
    87   312   172  3.6085  0.9951
    88   322   174  3.6043  0.9922
    81   312   176  3.5895  0.9854
    88   312   174  3.5857  0.9850
    88   313   171  3.5836  0.9859
    82   312   176  3.5720  0.9786
    88   314   170  3.5689  0.9808
    80   312   176  3.5618  0.9746
    86   312   170  3.5477  0.9725
    86   322   176  3.5456  0.9683
    83   312   176  3.5088  0.9541
    87   322   175  3.5043  0.9529
    87   312   171  3.4917  0.9503
    79   312   176  3.4913  0.9474
    88   322   170  3.4800  0.9464
    88   318   176  3.4414  0.9284
    88   317   176  3.4222  0.9211
    88   312   172  3.4211  0.9228
    78   313   175  3.4155  0.9191
    88   319   176  3.4067  0.9153
    84   312   176  3.4011  0.9132
    78   312   176  3.3802  0.9054
    81   312   175  3.3746  0.9037
    88   313   170  3.3651  0.9028
    80   312   175  3.3573  0.8973
    88   316   176  3.3487  0.8936
    87   312   170  3.3399  0.8934
    82   312   175  3.3331  0.8883
    88   320   176  3.3219  0.8837
    87   322   176  3.3055  0.8776
    88   320   175  3.2878  0.8715
    79   312   175  3.2847  0.8704
    88   312   171  3.2748  0.8687
    88   321   175  3.2668  0.8638
    88   319   175  3.2609  0.8616
    85   312   176  3.2527  0.8582
    83   312   175  3.2341  0.8519
    88   315   176  3.2237  0.8477
    88   322   175  3.1977  0.8387
    88   321   176  3.1929  0.8365
    88   318   175  3.1892  0.8356
    78   312   175  3.1641  0.8265
    88   312   170  3.1297  0.8166
    84   312   175  3.0840  0.7980
    88   317   175  3.0786  0.7961
    86   312   176  3.0693  0.7924
    88   314   176  3.0540  0.7870
    88   322   176  3.0276  0.7778
    77   317   171  4.4763  1.3677
    77   316   171  4.4678  1.3637
    77   318   171  4.4439  1.3526
    83   323   173  4.4177  1.3387
    77   315   171  4.4093  1.3366
    82   323   173  4.3943  1.3279
    82   323   171  4.3930  1.3291
    84   323   173  4.3870  1.3246
    83   323   171  4.3868  1.3263
    77   319   171  4.3791  1.3228
    77   317   173  4.3630  1.3137
    81   323   171  4.3569  1.3126
    77   318   173  4.3513  1.3084
    77   316   173  4.3334  1.3002
    84   323   171  4.3321  1.3014
    77   316   170  4.3239  1.2985
    81   323   173  4.3231  1.2956
    77   317   170  4.3192  1.2964
    77   319   173  4.2989  1.2847
    85   323   173  4.2966  1.2836
    77   314   171  4.2929  1.2837
    77   320   171  4.2892  1.2820
    80   323   171  4.2848  1.2800
    77   315   170  4.2827  1.2799
    77   318   170  4.2752  1.2766
    77   315   173  4.2592  1.2669
    89   317   173  4.2359  1.2565
    89   318   173  4.2281  1.2530
    85   323   171  4.2235  1.2527
    82   311   173  4.2125  1.2462
    80   323   173  4.2100  1.2451
    77   320   173  4.2046  1.2427
    83   311   173  4.2038  1.2423
    77   319   170  4.1966  1.2416
    77   314   170  4.1886  1.2381
    79   323   171  4.1818  1.2342
    89   316   173  4.1792  1.2315
    77   321   171  4.1788  1.2329
    81   311   173  4.1602  1.2232
    89   319   173  4.1576  1.2220
    77   317   174  4.1569  1.2210
    77   318   172  4.1509  1.2199
    77   318   174  4.1441  1.2154
    86   323   173  4.1425  1.2154
    77   317   172  4.1395  1.2149
    77   314   173  4.1358  1.2125
    84   311   173  4.1339  1.2117
    77   316   174  4.1287  1.2087
    77   319   172  4.1189  1.2059
    77   313   171  4.1139  1.2046
    77   319   174  4.0912  1.1925
    77   316   172  4.0881  1.1926
    77   320   170  4.0871  1.1938
    77   321   173  4.0677  1.1831
    79   323   173  4.0603  1.1799
    86   323   171  4.0579  1.1804
    89   315   173  4.0578  1.1788
    77   315   174  4.0573  1.1779
    78   323   171  4.0525  1.1781
    80   311   173  4.0508  1.1758
    77   322   171  4.0499  1.1769
    77   320   172  4.0390  1.1715
    77   313   170  4.0366  1.1720
    89   317   172  4.0362  1.1703
    89   320   173  4.0273  1.1658
    82   323   170  4.0259  1.1675
    77   318   176  4.0229  1.1619
    89   318   172  4.0217  1.1641
    89   317   174  4.0207  1.1623
    77   317   176  4.0113  1.1570
    83   323   172  4.0087  1.1586
    89   316   174  4.0083  1.1570
    83   323   170  4.0077  1.1597
    81   323   170  4.0065  1.1592
    85   311   173  4.0065  1.1569
    77   320   174  3.9987  1.1529
    77   315   172  3.9983  1.1542
    82   311   174  3.9917  1.1500
    82   323   172  3.9890  1.1502
    77   319   176  3.9865  1.1465
    89   318   171  3.9860  1.1497
    89   316   172  3.9855  1.1488
    84   323   172  3.9847  1.1484
    89   317   171  3.9811  1.1476
    83   311   174  3.9723  1.1418
    89   318   174  3.9709  1.1412
    82   323   175  3.9646  1.1379
    83   323   175  3.9625  1.1370
    81   311   174  3.9620  1.1374
    77   313   173  3.9593  1.1370
    80   323   170  3.9527  1.1364
    77   321   170  3.9497  1.1351
    77   316   176  3.9493  1.1308
    84   323   170  3.9484  1.1346
    89   319   172  3.9433  1.1310
    83   323   174  3.9402  1.1283
    77   314   174  3.9402  1.1283
    81   323   172  3.9345  1.1273
    89   319   171  3.9315  1.1268
    89   315   174  3.9289  1.1236
    82   323   174  3.9257  1.1222
    87   323   173  3.9246  1.1224
    84   323   174  3.9228  1.1210
    81   323   175  3.9228  1.1204
    89   316   171  3.9117  1.1185
    85   323   172  3.9096  1.1169
    84   311   174  3.9090  1.1153
    77   321   172  3.9074  1.1160
    84   323   175  3.9063  1.1135
    77   320   176  3.9056  1.1126
    77   323   171  3.9013  1.1141
    79   311   173  3.8909  1.1084
    77   322   173  3.8888  1.1076
    81   323   174  3.8872  1.1062
    78   323   173  3.8791  1.1035
    80   311   174  3.8790  1.1028
    89   314   173  3.8752  1.1019
    77   312   171  3.8733  1.1025
    77   314   172  3.8711  1.1009
    89   315   172  3.8708  1.1008
    77   321   174  3.8670  1.0979
    89   319   174  3.8670  1.0979
    79   323   170  3.8667  1.1005
    85   323   174  3.8632  1.0963
    77   318   175  3.8558  1.0927
    80   323   172  3.8528  1.0933
    81   311   171  3.8516  1.0935
    77   319   175  3.8493  1.0900
    80   323   175  3.8473  1.0891
    80   311   171  3.8472  1.0917
    85   323   170  3.8464  1.0921
    89   321   173  3.8406  1.0876
    77   315   176  3.8361  1.0840
    87   323   171  3.8361  1.0871
    86   311   173  3.8287  1.0828
    80   323   174  3.8277  1.0817
    77   312   170  3.8260  1.0837
    89   320   171  3.8240  1.0822
    77   317   175  3.8210  1.0784
    82   311   171  3.8144  1.0783
    85   311   174  3.8070  1.0732
    77   320   175  3.8045  1.0716
    89   320   172  3.8034  1.0731
    79   311   171  3.8005  1.0726
    81   311   170  3.7979  1.0722
    80   311   170  3.7962  1.0715
    85   323   175  3.7886  1.0652
    77   322   170  3.7878  1.0681
    89   314   174  3.7845  1.0641
    77   321   176  3.7841  1.0628
    86   323   172  3.7784  1.0629
    77   313   174  3.7758  1.0606
    89   315   171  3.7758  1.0625
    82   311   172  3.7619  1.0562
    82   323   176  3.7596  1.0528
    81   323   176  3.7594  1.0528
    82   311   170  3.7560  1.0552
    79   311   170  3.7537  1.0543
    86   323   174  3.7519  1.0509
    78   323   170  3.7504  1.0529
    79   323   172  3.7495  1.0512
    79   323   174  3.7455  1.0483
    79   323   175  3.7448  1.0475
    77   316   175  3.7423  1.0465
    83   311   172  3.7419  1.0481
    79   311   174  3.7415  1.0467
    83   311   171  3.7378  1.0472
    81   311   172  3.7375  1.0464
    77   312   173  3.7302  1.0428
    80   323   176  3.7254  1.0391
    77   321   175  3.7241  1.0391
    77   322   172  3.7228  1.0404
    83   323   176  3.7207  1.0372
    89   320   174  3.7187  1.0376
    78   311   171  3.7112  1.0365
    77   313   172  3.7086  1.0347
    86   323   170  3.7025  1.0336
    77   322   174  3.6981  1.0293
    89   314   172  3.6974  1.0303
    78   311   173  3.6895  1.0265
    84   311   172  3.6781  1.0226
    78   311   170  3.6748  1.0225
    77   314   176  3.6740  1.0186
    80   311   172  3.6727  1.0204
    77   323   173  3.6722  1.0196
    83   311   170  3.6711  1.0211
    86   311   174  3.6708  1.0185
    89   321   171  3.6701  1.0200
    79   323   176  3.6608  1.0134
    88   323   173  3.6478  1.0099
    89   313   173  3.6414  1.0074
    84   323   176  3.6371  1.0040
    78   323   174  3.6363  1.0048
    78   323   172  3.6276  1.0026
    77   322   176  3.6270  1.0001
    84   311   171  3.6260  1.0026
    77   315   175  3.6187  0.9973
    78   323   175  3.6178  0.9970
    87   311   173  3.6103  0.9952
    77   322   175  3.6102  0.9940
    86   323   175  3.6077  0.9930
    77   323   170  3.6062  0.9954
    89   321   172  3.6059  0.9940
    89   322   173  3.6028  0.9922
    87   323   172  3.5905  0.9880
    89   318   170  3.5878  0.9882
    89   317   170  3.5856  0.9873
    89   313   174  3.5852  0.9848
    87   323   174  3.5840  0.9843
    77   311   171  3.5797  0.9844
    89   314   171  3.5772  0.9834
    85   311   172  3.5764  0.9825
    79   311   172  3.5744  0.9817
    77   312   174  3.5665  0.9775
    78   323   176  3.5662  0.9763
    77   311   170  3.5635  0.9787
    88   323   171  3.5635  0.9781
    78   311   174  3.5524  0.9720
    84   311   170  3.5485  0.9728
    89   319   170  3.5478  0.9726
    89   316   170  3.5377  0.9686
    89   321   174  3.5354  0.9654
    87   323   170  3.5212  0.9623
    77   312   172  3.5163  0.9591
    87   311   174  3.5050  0.9537
    85   323   176  3.5048  0.9526
    77   323   174  3.4961  0.9503
    77   323   172  3.4880  0.9483
    85   311   171  3.4851  0.9478
    89   322   171  3.4765  0.9445
    89   313   172  3.4763  0.9438
    89   320   170  3.4710  0.9429
    77   313   176  3.4690  0.9389
    77   323   175  3.4646  0.9377
    77   311   173  3.4565  0.9357
    77   314   175  3.4514  0.9327
    78   311   172  3.4496  0.9336
    86   311   172  3.4458  0.9322
    89   315   170  3.4427  0.9321
    77   323   176  3.4401  0.9279
    85   311   170  3.3974  0.9150
    89   312   173  3.3738  0.9044
    87   323   175  3.3688  0.9016
    89   321   170  3.3630  0.9020
    88   311   173  3.3623  0.9001
    88   323   174  3.3613  0.8992
    89   322   172  3.3566  0.8985
    88   323   172  3.3500  0.8961
    89   312   174  3.3495  0.8948
    89   313   171  3.3272  0.8881
    89   322   174  3.3245  0.8855
    86   323   176  3.3235  0.8842
    89   323   173  3.3224  0.8853
    86   311   171  3.3222  0.8863
    77   311   174  3.3201  0.8839
    88   311   174  3.3138  0.8816
    88   323   170  3.3092  0.8820
    77   311   172  3.3038  0.8789
    89   314   170  3.3032  0.8797
    87   311   172  3.2962  0.8761
    81   311   176  3.2957  0.8740
    82   311   176  3.2757  0.8666
    80   311   176  3.2744  0.8661
    89   323   171  3.2508  0.8599
    77   313   175  3.2444  0.8556
    77   312   176  3.2312  0.8504
    86   311   170  3.2292  0.8525
    89   322   170  3.2292  0.8525
    89   312   172  3.2247  0.8499
    83   311   176  3.2146  0.8444
    79   311   176  3.2126  0.8436
    87   311   171  3.1440  0.8212
    88   311   172  3.1348  0.8174
    89   313   170  3.1261  0.8153
    89   318   176  3.1200  0.8104
    84   311   176  3.1141  0.8083
    78   311   176  3.1117  0.8074
    89   317   176  3.1076  0.8059
    89   311   174  3.1011  0.8045
    87   323   176  3.0973  0.8023
    89   311   173  3.0955  0.8029
    89   323   174  3.0918  0.8012
    88   323   175  3.0832  0.7977
    89   319   176  3.0829  0.7972
    89   323   170  3.0741  0.7968
    89   323   172  3.0650  0.7926
    81   311   175  3.0625  0.7904
    80   311   175  3.0555  0.7880
    87   311   170  3.0545  0.7899
    89   312   171  3.0450  0.7860
    89   316   176  3.0442  0.7836
    82   311   175  3.0161  0.7742
    77   312   175  3.0042  0.7700
    89   320   176  3.0003  0.7683
    76   317   171  4.2641  1.2707
    76   316   171  4.2517  1.2652
    76   318   171  4.2369  1.2586
    76   315   171  4.1920  1.2387
    76   319   171  4.1780  1.2326
    82   324   171  4.1530  1.2216
    83   324   171  4.1338  1.2132
    81   324   171  4.1316  1.2123
    76   316   170  4.1245  1.2100
    76   317   170  4.1210  1.2085
    76   320   171  4.0944  1.1961
    76   315   170  4.0852  1.1929
    76   317   173  4.0801  1.1884
    76   318   170  4.0798  1.1906
    76   314   171  4.0787  1.1893
    80   324   171  4.0743  1.1874
    76   318   173  4.0716  1.1847
    84   324   171  4.0691  1.1852
    83   324   173  4.0509  1.1759
    76   316   173  4.0475  1.1744
    82   324   173  4.0409  1.1716
    76   319   173  4.0231  1.1640
    84   324   173  4.0127  1.1596
    76   319   170  4.0049  1.1585
    76   314   170  3.9975  1.1554
    76   321   171  3.9911  1.1519
    81   324   173  3.9874  1.1489
    79   324   171  3.9854  1.1494
    76   315   173  3.9713  1.1421
    85   324   171  3.9543  1.1363
    76   320   173  3.9350  1.1268
    85   324   173  3.9213  1.1211
    76   318   172  3.9195  1.1210
    76   313   171  3.9083  1.1170
    76   317   172  3.9031  1.1142
    76   320   170  3.8997  1.1142
    76   319   172  3.8968  1.1115
    80   324   173  3.8950  1.1101
    76   318   174  3.8931  1.1087
    76   317   174  3.8902  1.1075
    76   322   171  3.8705  1.1014
    78   324   171  3.8693  1.1008
    76   313   170  3.8573  1.0966
    76   319   174  3.8566  1.0936
    76   316   172  3.8515  1.0928
    76   314   173  3.8485  1.0909
    76   316   174  3.8484  1.0902
    76   320   172  3.8299  1.0839
    90   317   173  3.8140  1.0767
    82   310   173  3.8083  1.0744
    76   321   173  3.8078  1.0742
    76   318   176  3.8072  1.0722
    90   318   173  3.8014  1.0716
    83   310   173  3.7943  1.0687
    76   317   176  3.7925  1.0662
    82   324   170  3.7908  1.0693
    86   324   171  3.7869  1.0670
    76   320   174  3.7804  1.0625
    76   319   176  3.7775  1.0601
    81   324   170  3.7771  1.0637
    86   324   173  3.7732  1.0602
    83   324   170  3.7701  1.0609
    81   310   173  3.7696  1.0587
    90   316   173  3.7677  1.0579
    79   324   173  3.7676  1.0579
    76   321   170  3.7673  1.0598
    76   315   174  3.7672  1.0571
    76   315   172  3.7669  1.0582
    82   324   175  3.7425  1.0465
    83   324   175  3.7381  1.0448
    90   319   173  3.7322  1.0436
    76   323   171  3.7321  1.0449
    76   316   176  3.7310  1.0414
    80   324   170  3.7309  1.0450
    77   324   171  3.7305  1.0442
    84   310   173  3.7288  1.0422
    90   317   172  3.7261  1.0418
    76   321   172  3.7140  1.0369
    84   324   170  3.7129  1.0378
    81   324   175  3.7077  1.0326
    76   320   176  3.7063  1.0315
    90   317   174  3.6977  1.0292
    90   318   172  3.6974  1.0303
    90   316   172  3.6925  1.0283
    90   316   174  3.6917  1.0268
    84   324   175  3.6857  1.0238
    76   312   171  3.6820  1.0248
    80   310   173  3.6795  1.0225
    76   313   173  3.6770  1.0215
    76   321   174  3.6646  1.0160
    76   312   170  3.6640  1.0183
    90   315   173  3.6623  1.0157
    83   324   174  3.6585  1.0136
    79   324   170  3.6534  1.0140
    82   310   174  3.6506  1.0105
    76   314   172  3.6501  1.0115
    82   324   174  3.6501  1.0103
    76   314   174  3.6460  1.0086
    90   318   174  3.6440  1.0079
    76   322   173  3.6433  1.0082
    80   324   175  3.6421  1.0065
    76   318   175  3.6418  1.0064
    76   319   175  3.6390  1.0053
    90   317   171  3.6389  1.0077
    84   324   174  3.6380  1.0055
    90   318   171  3.6363  1.0066
    83   324   172  3.6322  1.0044
    83   310   174  3.6297  1.0022
    81   310   174  3.6283  1.0016
    82   324   172  3.6236  1.0010
    76   315   176  3.6221  0.9981
    90   315   174  3.6217  0.9991
    81   324   174  3.6195  0.9982
    85   324   170  3.6178  1.0000
    85   310   173  3.6158  0.9973
    76   322   170  3.6117  0.9976
    78   324   173  3.6094  0.9948
    90   320   173  3.6093  0.9947
    90   319   172  3.6085  0.9950
    76   317   175  3.6053  0.9921
    84   324   172  3.6035  0.9931
    76   320   175  3.5997  0.9899
    90   315   172  3.5971  0.9906
    76   321   176  3.5968  0.9882
    81   324   172  3.5845  0.9857
    90   316   171  3.5803  0.9846
    85   324   174  3.5788  0.9823
    85   324   175  3.5780  0.9814
    90   319   171  3.5772  0.9834
    76   324   171  3.5738  0.9821
    84   310   174  3.5715  0.9794
    80   324   174  3.5688  0.9784
    87   324   173  3.5684  0.9788
    87   324   171  3.5678  0.9797
    80   310   174  3.5573  0.9739
    79   324   175  3.5505  0.9707
    76   322   172  3.5466  0.9709
    78   324   170  3.5459  0.9719
    79   310   173  3.5423  0.9686
    90   319   174  3.5389  0.9668
    85   324   172  3.5303  0.9646
    76   316   175  3.5271  0.9617
    76   321   175  3.5262  0.9613
    80   324   172  3.5209  0.9609
    76   322   174  3.5108  0.9559
    81   324   176  3.5057  0.9529
    76   313   172  3.5030  0.9540
    90   314   173  3.5017  0.9530
    82   324   176  3.4995  0.9506
    79   324   174  3.4959  0.9502
    90   314   174  3.4903  0.9481
    86   324   170  3.4853  0.9484
    76   313   174  3.4848  0.9459
    85   310   174  3.4809  0.9445
    80   324   176  3.4806  0.9433
    86   324   174  3.4717  0.9409
    90   320   171  3.4678  0.9411
    76   314   176  3.4677  0.9384
    90   320   172  3.4630  0.9387
    86   310   173  3.4614  0.9375
    90   315   171  3.4593  0.9379
    76   312   173  3.4588  0.9366
    83   324   176  3.4579  0.9347
    80   310   171  3.4570  0.9370
    76   322   176  3.4532  0.9329
    81   310   171  3.4478  0.9335
    76   323   173  3.4459  0.9316
    90   314   172  3.4449  0.9318
    76   323   170  3.4380  0.9304
    79   324   172  3.4364  0.9286
    90   321   173  3.4362  0.9280
    79   310   174  3.4351  0.9270
    78   324   175  3.4339  0.9260
    80   310   170  3.4288  0.9269
    79   310   171  3.4284  0.9261
    79   324   176  3.4266  0.9228
    77   324   173  3.4256  0.9240
    76   311   170  3.4233  0.9248
    76   322   175  3.4200  0.9208
    81   310   170  3.4153  0.9217
    86   324   175  3.4129  0.9181
    77   324   170  3.4109  0.9201
    82   310   172  3.4091  0.9183
    76   311   171  3.4076  0.9182
    86   324   172  3.4074  0.9176
    79   310   170  3.4069  0.9186
    76   315   175  3.4064  0.9157
    82   310   171  3.4036  0.9167
    81   310   172  3.4035  0.9162
    78   324   174  3.3967  0.9125
    90   320   174  3.3922  0.9108
    83   310   172  3.3806  0.9075
    84   324   176  3.3759  0.9038
    82   310   170  3.3662  0.9032
    80   310   172  3.3653  0.9018
    78   310   173  3.3644  0.9009
    86   310   174  3.3619  0.8995
    78   310   171  3.3600  0.9003
    78   310   170  3.3514  0.8977
    78   324   176  3.3438  0.8918
    78   324   172  3.3331  0.8898
    76   312   172  3.3300  0.8886
    76   323   172  3.3296  0.8885
    83   310   171  3.3277  0.8883
    76   323   174  3.3231  0.8850
    84   310   172  3.3197  0.8848
    87   324   170  3.3184  0.8854
    90   321   171  3.3153  0.8837
    87   324   174  3.3114  0.8807
    88   324   173  3.3112  0.8811
    90   313   174  3.3083  0.8795
    88   324   171  3.3025  0.8790
    79   310   172  3.2975  0.8765
    90   313   173  3.2957  0.8754
    77   324   175  3.2901  0.8724
    90   318   170  3.2870  0.8737
    76   312   174  3.2861  0.8713
    90   317   170  3.2858  0.8733
    83   310   170  3.2843  0.8727
    76   323   175  3.2825  0.8696
    76   323   176  3.2805  0.8684
    90   314   171  3.2804  0.8708
    87   310   173  3.2736  0.8672
    76   313   176  3.2729  0.8656
    77   324   174  3.2678  0.8646
    90   321   172  3.2658  0.8649
    77   310   170  3.2644  0.8654
    78   310   174  3.2638  0.8632
    76   324   170  3.2526  0.8611
    90   319   170  3.2512  0.8606
    77   310   171  3.2503  0.8597
    85   324   176  3.2501  0.8572
    90   313   172  3.2465  0.8578
    90   316   170  3.2450  0.8583
    76   314   175  3.2444  0.8556
    87   324   172  3.2329  0.8529
    85   310   172  3.2309  0.8521
    77   324   176  3.2307  0.8502
    84   310   171  3.2247  0.8504
    76   324   173  3.2227  0.8486
    90   322   173  3.2184  0.8471
    87   310   174  3.2175  0.8463
    90   321   174  3.2133  0.8448
    77   324   172  3.2114  0.8450
    78   310   172  3.2031  0.8420
    76   311   173  3.2020  0.8411
    87   324   175  3.1936  0.8372
    90   320   170  3.1827  0.8357
    84   310   170  3.1755  0.8330
    90   315   170  3.1637  0.8288
    77   310   173  3.1543  0.8239
    76   310   170  3.1482  0.8232
    76   311   172  3.1391  0.8189
    90   322   171  3.1274  0.8152
    88   324   170  3.1219  0.8138
    86   310   172  3.1211  0.8125
    76   324   175  3.1161  0.8094
    76   324   174  3.1082  0.8070
    85   310   171  3.1003  0.8056
    76   310   171  3.1000  0.8055
    88   324   174  3.0989  0.8037
    90   312   174  3.0940  0.8020
    90   321   170  3.0859  0.8010
    76   324   176  3.0858  0.7983
    77   310   172  3.0842  0.7994
    86   324   176  3.0798  0.7961
    76   324   172  3.0707  0.7946
    90   312   173  3.0612  0.7908
    88   310   173  3.0607  0.7906
    76   311   174  3.0568  0.7888
    90   313   171  3.0553  0.7897
    77   310   174  3.0509  0.7868
    88   310   174  3.0503  0.7866
    85   310   170  3.0484  0.7877
    76   312   176  3.0469  0.7846
    76   313   175  3.0448  0.7842
    90   314   170  3.0447  0.7864
    90   322   172  3.0238  0.7781
    90   312   172  3.0186  0.7763
    89   324   173  3.0114  0.7733
    90   322   174  3.0102  0.7725
    88   324   172  3.0095  0.7731
    81   310   176  3.0056  0.7701
    89   324   171  3.0016  0.7708
    75   317   171  4.0311  1.1689
    75   316   171  4.0124  1.1609
    75   318   171  4.0111  1.1604
    75   319   171  3.9597  1.1386
    75   315   171  3.9488  1.1340
    75   316   170  3.9099  1.1185
    75   317   170  3.9079  1.1176
    75   320   171  3.8836  1.1068
    82   325   171  3.8836  1.1068
    81   325   171  3.8769  1.1040
    75   315   170  3.8711  1.1023
    75   318   170  3.8691  1.1015
    83   325   171  3.8514  1.0935
    75   314   171  3.8354  1.0869
    80   325   171  3.8349  1.0867
    75   319   170  3.7970  1.0719
    75   317   173  3.7925  1.0680
    75   321   171  3.7883  1.0676
    75   314   170  3.7875  1.0680
    75   318   173  3.7857  1.0652
    84   325   171  3.7768  1.0629
    79   325   171  3.7610  1.0565
    75   316   173  3.7577  1.0539
    75   319   173  3.7394  1.0465
    75   320   170  3.6950  1.0306
    75   318   172  3.6837  1.0248
    75   315   173  3.6791  1.0223
    75   322   171  3.6766  1.0226
    75   313   171  3.6704  1.0201
    75   319   172  3.6664  1.0179
    82   325   173  3.6662  1.0172
    75   317   172  3.6653  1.0175
    83   325   173  3.6629  1.0159
    78   325   171  3.6594  1.0158
    85   325   171  3.6568  1.0147
    75   313   170  3.6564  1.0153
    75   320   173  3.6556  1.0130
    81   325   173  3.6302  1.0030
    84   325   173  3.6169  0.9977
    75   316   172  3.6150  0.9976
    75   318   174  3.6126  0.9955
    75   320   172  3.6082  0.9949
    75   317   174  3.5967  0.9892
    75   319   174  3.5904  0.9868
    75   321   170  3.5667  0.9799
    80   325   173  3.5582  0.9748
    75   318   176  3.5573  0.9729
    75   314   173  3.5553  0.9737
    82   325   170  3.5509  0.9738
    75   323   171  3.5490  0.9724
    75   316   174  3.5438  0.9687
    81   325   170  3.5419  0.9703
    75   317   176  3.5397  0.9660
    75   321   173  3.5366  0.9664
    77   325   171  3.5350  0.9670
    75   315   172  3.5349  0.9663
    75   319   176  3.5339  0.9638
    75   320   174  3.5291  0.9630
    83   325   170  3.5283  0.9650
    85   325   173  3.5243  0.9617
    75   321   172  3.5041  0.9545
    80   325   170  3.5021  0.9549
    82   325   175  3.5008  0.9516
    83   325   175  3.4930  0.9486
    86   325   171  3.4896  0.9495
    75   316   176  3.4789  0.9427
    75   312   170  3.4779  0.9456
    81   325   175  3.4732  0.9410
    84   325   170  3.4727  0.9436
    75   320   176  3.4720  0.9400
    75   312   171  3.4556  0.9365
    75   315   174  3.4551  0.9346
    79   325   173  3.4532  0.9344
    84   325   175  3.4422  0.9292
    79   325   170  3.4324  0.9282
    75   321   174  3.4286  0.9246
    75   314   172  3.4259  0.9246
    75   322   170  3.4170  0.9224
    80   325   175  3.4165  0.9195
    82   309   173  3.4135  0.9194
    75   318   175  3.4067  0.9158
    75   319   175  3.4061  0.9156
    75   324   171  3.4037  0.9168
    91   317   172  3.4009  0.9151
    83   309   173  3.4004  0.9144
    76   325   171  3.3932  0.9128
    75   313   173  3.3867  0.9093
    91   316   172  3.3860  0.9095
    75   322   173  3.3856  0.9089
    85   325   170  3.3832  0.9096
    86   325   173  3.3826  0.9077
    81   309   173  3.3824  0.9077
    75   315   176  3.3745  0.9032
    75   321   176  3.3744  0.9032
    91   317   173  3.3742  0.9046
    75   320   175  3.3702  0.9021
    75   317   175  3.3693  0.9018
    83   325   174  3.3680  0.9017
    82   325   174  3.3658  0.9009
    91   318   172  3.3559  0.8983
    91   316   174  3.3551  0.8969
    91   318   173  3.3546  0.8972
    91   317   174  3.3542  0.8966
    75   322   172  3.3511  0.8965
    84   309   173  3.3452  0.8938
    84   325   174  3.3429  0.8924
    81   325   174  3.3422  0.8921
    85   325   175  3.3420  0.8916
    91   316   173  3.3416  0.8924
    79   325   175  3.3342  0.8887
    78   325   170  3.3338  0.8911
    75   314   174  3.3316  0.8882
    82   309   174  3.3201  0.8839
    78   325   173  3.3190  0.8840
    91   315   172  3.3110  0.8815
    80   309   173  3.3068  0.8795
    83   309   174  3.3028  0.8775
    75   321   175  3.3011  0.8764
    81   309   174  3.3000  0.8765
    80   325   174  3.2984  0.8759
    91   318   174  3.2965  0.8752
    91   315   174  3.2954  0.8748
    75   316   175  3.2919  0.8730
    75   322   174  3.2906  0.8730
    75   313   172  3.2898  0.8737
    91   319   173  3.2854  0.8716
    85   325   174  3.2821  0.8699
    87   325   171  3.2765  0.8694
    91   317   171  3.2750  0.8688
    91   318   171  3.2644  0.8649
    86   325   170  3.2602  0.8639
    75   311   170  3.2571  0.8628
    91   315   173  3.2562  0.8609
    91   319   172  3.2545  0.8608
    84   309   174  3.2541  0.8596
    85   309   173  3.2518  0.8593
    75   323   170  3.2515  0.8607
    75   322   176  3.2446  0.8553
    81   325   176  3.2421  0.8543
    82   325   172  3.2413  0.8559
    75   325   171  3.2390  0.8556
    83   325   172  3.2389  0.8551
    80   309   174  3.2366  0.8532
    79   325   174  3.2326  0.8518
    82   325   176  3.2300  0.8499
    91   316   171  3.2284  0.8517
    75   314   176  3.2280  0.8492
    78   325   175  3.2265  0.8491
    80   325   176  3.2249  0.8481
    81   325   172  3.2165  0.8469
    77   325   170  3.2090  0.8452
    75   323   173  3.2070  0.8429
    84   325   172  3.2043  0.8424
    91   319   171  3.2012  0.8418
    75   322   175  3.2004  0.8396
    75   311   171  3.1985  0.8408
    87   325   173  3.1919  0.8375
    91   319   174  3.1900  0.8363
    86   325   175  3.1898  0.8358
    79   309   173  3.1887  0.8363
    83   325   176  3.1853  0.8338
    79   325   176  3.1803  0.8319
    91   314   172  3.1800  0.8337
    85   309   174  3.1785  0.8322
    91   314   174  3.1781  0.8320
    86   325   174  3.1773  0.8317
    75   312   173  3.1772  0.8321
    75   313   174  3.1749  0.8309
    75   315   175  3.1738  0.8300
    91   320   173  3.1698  0.8295
    80   325   172  3.1684  0.8295
    77   325   173  3.1604  0.8261
    75   323   172  3.1506  0.8231
    78   325   174  3.1413  0.8188
    85   325   172  3.1316  0.8163
    75   312   172  3.1306  0.8159
    79   309   174  3.1265  0.8135
    86   309   173  3.1250  0.8134
    91   315   171  3.1242  0.8141
    91   314   173  3.1216  0.8122
    75   323   174  3.1189  0.8108
    78   325   176  3.1083  0.8062
    87   325   170  3.1053  0.8079
    84   325   176  3.1043  0.8048
    91   320   172  3.1017  0.8056
    79   325   172  3.0999  0.8050
    81   309   172  3.0928  0.8024
    91   320   171  3.0916  0.8025
    77   325   175  3.0910  0.8005
    75   323   176  3.0875  0.7988
    82   309   172  3.0840  0.7993
    86   309   174  3.0790  0.7967
    75   324   170  3.0768  0.7977
    80   309   172  3.0762  0.7966
    75   323   175  3.0694  0.7929
    80   309   171  3.0671  0.7938
    76   325   170  3.0622  0.7926
    80   309   170  3.0582  0.7911
    81   309   171  3.0515  0.7883
    79   309   170  3.0514  0.7888
    79   309   171  3.0508  0.7881
    83   309   172  3.0506  0.7875
    91   320   174  3.0449  0.7846
    75   313   176  3.0444  0.7837
    81   309   170  3.0358  0.7833
    79   309   172  3.0340  0.7817
    78   309   173  3.0326  0.7808
    87   325   174  3.0235  0.7772
    88   325   171  3.0231  0.7783
    77   325   174  3.0221  0.7767
    75   314   175  3.0163  0.7742
    86   325   172  3.0162  0.7755
    78   309   170  3.0152  0.7760
    91   313   174  3.0145  0.7740
    78   325   172  3.0125  0.7742
    91   321   173  3.0117  0.7735
    82   309   171  3.0078  0.7730
    77   325   176  3.0078  0.7709
    75   324   173  3.0073  0.7719
    75   310   170  3.0054  0.7726
    91   313   172  3.0036  0.7711
    74   317   171  3.7785  1.0636
    74   318   171  3.7675  1.0592
    74   316   171  3.7518  1.0528
    74   319   171  3.7253  1.0421
    74   315   171  3.6824  1.0249
    74   317   170  3.6810  1.0250
    74   316   170  3.6808  1.0250
    74   320   171  3.6584  1.0154
    74   318   170  3.6449  1.0107
    74   315   170  3.6414  1.0093
    81   326   171  3.5955  0.9906
    82   326   171  3.5885  0.9878
    74   319   170  3.5755  0.9834
    74   321   171  3.5725  0.9816
    80   326   171  3.5680  0.9798
    74   314   171  3.5671  0.9795
    74   314   170  3.5604  0.9775
    83   326   171  3.5449  0.9708
    79   326   171  3.5092  0.9570
    74   317   173  3.4989  0.9519
    74   318   173  3.4933  0.9497
    74   320   170  3.4767  0.9451
    74   322   171  3.4711  0.9424
    84   326   171  3.4625  0.9391
    74   316   173  3.4625  0.9380
    74   319   173  3.4488  0.9327
    74   318   172  3.4376  0.9290
    74   313   170  3.4365  0.9298
    78   326   171  3.4231  0.9241
    74   319   172  3.4223  0.9232
    74   317   172  3.4197  0.9223
    74   313   171  3.4055  0.9174
    74   315   173  3.3822  0.9076
    74   316   172  3.3721  0.9043
    74   320   172  3.3694  0.9033
    74   320   173  3.3692  0.9027
    74   323   171  3.3553  0.8986
    74   321   170  3.3527  0.8982
    85   326   171  3.3398  0.8928
    77   326   171  3.3149  0.8836
    82   326   170  3.3120  0.8830
    81   326   170  3.3069  0.8811
    74   318   174  3.3062  0.8788
    74   315   172  3.2964  0.8761
    74   319   174  3.2956  0.8749
    82   326   173  3.2880  0.8725
    83   326   170  3.2875  0.8740
    74   317   174  3.2808  0.8694
    74   318   176  3.2749  0.8663
    74   321   172  3.2740  0.8679
    80   326   170  3.2729  0.8686
    83   326   173  3.2722  0.8667
    74   312   170  3.2708  0.8678
    81   326   173  3.2685  0.8654
    74   321   173  3.2587  0.8618
    74   314   173  3.2581  0.8616
    74   319   176  3.2573  0.8599
    74   317   176  3.2549  0.8590
    74   320   174  3.2477  0.8573
    82   326   175  3.2475  0.8567
    83   326   175  3.2360  0.8525
    84   326   170  3.2329  0.8539
    81   326   175  3.2261  0.8490
    74   324   171  3.2241  0.8501
    74   316   174  3.2210  0.8476
    84   326   173  3.2187  0.8472
    80   326   173  3.2160  0.8462
    79   326   170  3.2105  0.8457
    74   322   170  3.2094  0.8453
    74   320   176  3.2044  0.8407
    74   312   171  3.2005  0.8416
    74   316   176  3.1957  0.8375
    74   314   172  3.1935  0.8385
    76   326   171  3.1903  0.8379
    84   326   175  3.1855  0.8342
    80   326   175  3.1769  0.8312
    86   326   171  3.1762  0.8328
    74   321   174  3.1625  0.8264
    74   318   175  3.1497  0.8214
    74   319   175  3.1497  0.8214
    85   326   170  3.1476  0.8230
    74   322   172  3.1336  0.8170
    79   326   173  3.1329  0.8162
    74   315   174  3.1291  0.8145
    85   326   173  3.1253  0.8135
    74   322   173  3.1215  0.8122
    78   326   170  3.1210  0.8135
    74   321   176  3.1189  0.8100
    74   320   175  3.1153  0.8091
    74   317   175  3.1129  0.8083
    79   326   175  3.1023  0.8045
    74   315   176  3.0967  0.8021
    74   313   173  3.0925  0.8019
    85   326   175  3.0907  0.8004
    82   326   174  3.0788  0.7966
    74   325   171  3.0763  0.7971
    83   326   174  3.0741  0.7949
    74   311   170  3.0686  0.7948
    74   313   172  3.0653  0.7927
    92   316   172  3.0634  0.7920
    81   326   174  3.0616  0.7905
    92   317   172  3.0599  0.7908
    82   308   173  3.0587  0.7899
    75   326   171  3.0545  0.7894
    74   323   170  3.0529  0.7893
    83   308   173  3.0517  0.7875
    74   321   175  3.0488  0.7856
    84   326   174  3.0431  0.7840
    74   322   174  3.0414  0.7834
    74   316   175  3.0375  0.7816
    86   326   170  3.0317  0.7818
    81   308   173  3.0293  0.7796
    80   326   174  3.0236  0.7772
    82   308   174  3.0235  0.7772
    78   326   173  3.0226  0.7772
    83   308   174  3.0134  0.7736
    84   308   173  3.0108  0.7731
    92   315   172  3.0081  0.7726
    74   314   174  3.0074  0.7715
    77   326   170  3.0072  0.7732
    92   316   174  3.0048  0.7706
    74   322   176  3.0040  0.7696
    78   326   175  3.0019  0.7692
    81   308   174  3.0012  0.7694
    73   317   171  3.5091  0.9570
    73   318   171  3.5085  0.9568
    73   319   171  3.4772  0.9447
    73   316   171  3.4734  0.9433
    73   317   170  3.4418  0.9318
    73   316   170  3.4389  0.9307
    73   320   171  3.4213  0.9234
    73   318   170  3.4090  0.9194
    73   315   170  3.3983  0.9153
    73   315   171  3.3975  0.9144
    73   321   171  3.3465  0.8953
    73   319   170  3.3432  0.8946
    73   314   170  3.3190  0.8856
    81   327   171  3.2938  0.8757
    73   314   171  3.2799  0.8706
    80   327   171  3.2795  0.8705
    82   327   171  3.2755  0.8690
    73   322   171  3.2567  0.8621
    73   320   170  3.2485  0.8596
    79   327   171  3.2351  0.8542
    83   327   171  3.2233  0.8499
    73   313   170  3.2012  0.8424
    73   317   173  3.1975  0.8395
    73   318   173  3.1935  0.8381
    73   318   172  3.1747  0.8318
    78   327   171  3.1648  0.8287
    73   316   173  3.1602  0.8261
    73   319   172  3.1594  0.8262
    73   317   172  3.1593  0.8262
    73   323   171  3.1539  0.8247
    73   319   173  3.1521  0.8231
    84   327   171  3.1366  0.8185
    73   321   170  3.1300  0.8167
    73   313   171  3.1215  0.8131
    73   316   172  3.1155  0.8105
    73   320   172  3.1097  0.8084
    73   315   173  3.0798  0.7974
    82   327   170  3.0787  0.7984
    73   320   173  3.0786  0.7970
    81   327   170  3.0775  0.7980
    77   327   171  3.0740  0.7962
    83   327   170  3.0523  0.7891
    80   327   170  3.0489  0.7879
    73   312   170  3.0475  0.7874
    73   315   172  3.0445  0.7854
    73   324   171  3.0380  0.7836
    73   321   172  3.0217  0.7774
    85   327   171  3.0150  0.7755
    72   318   171  3.2387  0.8555
    72   317   171  3.2282  0.8517
    72   319   171  3.2193  0.8484
    72   317   170  3.1932  0.8394
    72   316   170  3.1872  0.8373
    72   316   171  3.1835  0.8354
    72   320   171  3.1756  0.8326
    72   318   170  3.1643  0.8290
    72   315   170  3.1454  0.8222
    72   321   171  3.1132  0.8102
    72   319   170  3.1031  0.8071
    72   315   171  3.1018  0.8061
    72   314   170  3.0680  0.7946
    72   322   171  3.0363  0.7830
    72   320   170  3.0138  0.7756
