#   X     Y     Z      S       D
   174   284   259  6.2032  2.5043
   174   283   259  6.1831  2.4899
   173   284   259  6.1806  2.4881
   174   285   259  6.1615  2.4744
   174   284   260  6.1602  2.4800
   173   283   259  6.1549  2.4697
   175   284   259  6.1523  2.4679
   174   285   260  6.1451  2.4692
   173   285   259  6.1444  2.4622
   175   283   259  6.1390  2.4584
   173   284   260  6.1374  2.4637
   173   285   260  6.1221  2.4528
   175   284   260  6.1163  2.4486
   174   283   260  6.1145  2.4473
   175   285   259  6.1063  2.4352
   175   285   260  6.1004  2.4374
   173   283   260  6.0921  2.4315
   175   283   260  6.0725  2.4177
   174   283   258  5.6127  2.0983
   173   283   258  5.5911  2.0846
   174   284   258  5.5869  2.0819
   173   284   258  5.5707  2.0717
   175   283   258  5.5669  2.0693
   175   284   258  5.5321  2.0474
   174   285   258  5.5249  2.0429
   173   285   258  5.5152  2.0369
   175   285   258  5.4620  2.0038
   174   282   259  6.1133  2.4402
   173   282   259  6.0801  2.4167
   172   284   259  6.0772  2.4147
   175   282   259  6.0769  2.4145
   174   286   260  6.0685  2.4149
   174   284   261  6.0600  2.4152
   173   284   261  6.0579  2.4137
   174   286   259  6.0540  2.3985
   173   285   261  6.0500  2.4082
   174   285   261  6.0479  2.4067
   172   283   259  6.0479  2.3942
   172   285   259  6.0470  2.3935
   173   286   260  6.0444  2.3979
   172   284   260  6.0423  2.3965
   173   286   259  6.0413  2.3896
   176   284   259  6.0402  2.3888
   176   283   259  6.0338  2.3843
   174   283   261  6.0271  2.3921
   172   285   260  6.0257  2.3849
   175   286   260  6.0251  2.3844
   173   283   261  6.0212  2.3880
   174   282   260  6.0171  2.3788
   176   284   260  6.0126  2.3757
   175   284   261  6.0015  2.3742
   172   283   260  6.0001  2.3670
   175   286   259  5.9979  2.3594
   173   282   260  5.9963  2.3644
   176   285   260  5.9946  2.3633
   173   286   261  5.9933  2.3685
   172   284   261  5.9926  2.3681
   176   285   259  5.9912  2.3548
   174   286   261  5.9876  2.3646
   172   285   261  5.9869  2.3641
   175   285   261  5.9828  2.3613
   176   282   259  5.9809  2.3477
   175   282   260  5.9771  2.3512
   175   283   261  5.9755  2.3562
   176   283   260  5.9730  2.3483
   172   282   259  5.9720  2.3416
   174   282   261  5.9568  2.3433
   172   283   261  5.9551  2.3421
   172   286   259  5.9515  2.3275
   173   282   261  5.9485  2.3375
   172   286   260  5.9473  2.3306
   172   286   261  5.9327  2.3267
   176   286   260  5.9201  2.3120
   175   286   261  5.9176  2.3163
   175   282   261  5.9116  2.3122
   172   282   260  5.9098  2.3050
   176   284   261  5.8869  2.2954
   176   286   259  5.8844  2.2819
   172   282   261  5.8833  2.2930
   176   282   260  5.8828  2.2866
   176   283   261  5.8712  2.2847
   176   285   261  5.8591  2.2765
   176   282   261  5.8174  2.2485
   176   286   261  5.7870  2.2281
   174   282   258  5.6117  2.0977
   173   282   258  5.5861  2.0814
   175   282   258  5.5751  2.0745
   172   283   258  5.4991  2.0269
   172   282   258  5.4956  2.0247
   176   282   258  5.4827  2.0167
   172   284   258  5.4803  2.0152
   176   283   258  5.4609  2.0032
   172   285   258  5.4294  1.9838
   174   286   258  5.4233  1.9801
   173   286   258  5.4205  1.9783
   176   284   258  5.4142  1.9745
   175   286   258  5.3539  1.9379
   172   286   258  5.3419  1.9306
   176   285   258  5.3347  1.9264
   176   286   258  5.2207  1.8586
   174   281   259  6.0090  2.3671
   175   281   259  5.9801  2.3472
   173   281   259  5.9720  2.3416
   174   287   260  5.9383  2.3244
   173   287   260  5.9113  2.3060
   175   287   260  5.8986  2.2974
   171   284   259  5.8943  2.2886
   176   281   259  5.8938  2.2883
   173   287   261  5.8890  2.2968
   174   287   259  5.8867  2.2834
   174   281   260  5.8836  2.2872
   174   287   261  5.8816  2.2918
   177   283   259  5.8794  2.2785
   177   284   259  5.8791  2.2783
   173   287   259  5.8765  2.2766
   171   284   260  5.8735  2.2804
   171   285   259  5.8695  2.2719
   173   281   260  5.8662  2.2754
   171   284   261  5.8655  2.2809
   172   281   259  5.8653  2.2690
   171   283   259  5.8643  2.2684
   171   285   261  5.8602  2.2773
   174   281   261  5.8592  2.2766
   177   284   260  5.8548  2.2678
   171   285   260  5.8544  2.2675
   173   281   261  5.8500  2.2704
   175   281   260  5.8448  2.2610
   171   283   260  5.8371  2.2559
   177   282   259  5.8360  2.2494
   177   285   260  5.8335  2.2534
   175   287   259  5.8332  2.2475
   172   287   261  5.8304  2.2572
   171   283   261  5.8297  2.2567
   177   285   259  5.8277  2.2439
   177   283   260  5.8215  2.2454
   175   281   261  5.8190  2.2495
   172   287   260  5.8133  2.2399
   175   287   261  5.8091  2.2429
   171   286   261  5.8080  2.2421
   176   287   260  5.7973  2.2293
   172   287   259  5.7948  2.2220
   171   282   259  5.7921  2.2202
   172   281   260  5.7879  2.2230
   172   281   261  5.7877  2.2286
   171   286   259  5.7837  2.2146
   171   286   260  5.7761  2.2152
   171   282   261  5.7620  2.2115
   177   281   259  5.7594  2.1986
   177   286   260  5.7588  2.2037
   171   282   260  5.7565  2.2022
   176   281   260  5.7559  2.2019
   177   282   260  5.7397  2.1911
   176   281   261  5.7343  2.1932
   176   287   259  5.7262  2.1768
   177   286   259  5.7243  2.1755
   177   284   261  5.7209  2.1844
   177   283   261  5.7185  2.1828
   171   287   261  5.7080  2.1759
   171   281   259  5.6924  2.1548
   177   285   261  5.6815  2.1586
   177   282   261  5.6788  2.1568
   174   284   262  5.6788  2.1624
   176   287   261  5.6749  2.1543
   171   281   261  5.6725  2.1528
   174   283   262  5.6679  2.1553
   173   284   262  5.6677  2.1552
   174   285   262  5.6618  2.1513
   173   285   262  5.6572  2.1484
   173   283   262  5.6509  2.1442
   171   281   260  5.6475  2.1311
   171   287   260  5.6435  2.1285
   171   287   259  5.6397  2.1208
   177   287   260  5.6389  2.1255
   174   282   262  5.6376  2.1356
   175   284   262  5.6345  2.1336
   175   283   262  5.6307  2.1312
   177   281   260  5.6224  2.1150
   173   282   262  5.6162  2.1217
   173   286   262  5.6123  2.1192
   174   286   262  5.6110  2.1184
   175   285   262  5.6110  2.1184
   177   281   261  5.6096  2.1121
   175   282   262  5.6068  2.1157
   177   286   261  5.6007  2.1064
   172   284   262  5.5959  2.1087
   174   281   258  5.5959  2.0876
   174   281   262  5.5957  2.1086
   172   285   262  5.5912  2.1057
   172   283   262  5.5751  2.0954
   177   287   259  5.5745  2.0792
   173   281   262  5.5719  2.0933
   175   281   262  5.5696  2.0918
   175   281   258  5.5683  2.0702
   173   281   258  5.5676  2.0697
   175   286   262  5.5559  2.0831
   172   286   262  5.5528  2.0811
   176   283   262  5.5471  2.0775
   176   284   262  5.5436  2.0753
   172   282   262  5.5387  2.0721
   173   287   262  5.5306  2.0670
   176   282   262  5.5306  2.0670
   174   287   262  5.5255  2.0638
   176   285   262  5.5144  2.0568
   176   281   262  5.4997  2.0475
   172   281   262  5.4949  2.0445
   176   281   258  5.4905  2.0215
   177   287   261  5.4836  2.0322
   172   281   258  5.4805  2.0153
   172   287   262  5.4773  2.0334
   175   287   262  5.4690  2.0282
   171   284   262  5.4640  2.0251
   171   285   262  5.4633  2.0247
   176   286   262  5.4564  2.0203
   171   283   262  5.4419  2.0113
   171   286   262  5.4313  2.0047
   177   283   262  5.4258  2.0013
   177   282   262  5.4168  1.9957
   177   284   262  5.4154  1.9949
   171   282   262  5.4067  1.9895
   177   281   262  5.3934  1.9813
   177   285   262  5.3814  1.9739
   176   287   262  5.3703  1.9671
   177   281   258  5.3687  1.9469
   171   281   262  5.3663  1.9646
   171   287   262  5.3634  1.9629
   177   282   258  5.3426  1.9311
   171   282   258  5.3424  1.9309
   171   283   258  5.3399  1.9295
   171   281   258  5.3359  1.9271
   177   286   262  5.3218  1.9375
   171   284   258  5.3190  1.9169
   177   283   258  5.3041  1.9080
   173   287   258  5.2901  1.8996
   174   287   258  5.2865  1.8975
   171   285   258  5.2709  1.8882
   177   284   258  5.2437  1.8722
   177   287   262  5.2376  1.8868
   172   287   258  5.2201  1.8582
   175   287   258  5.2128  1.8540
   171   286   258  5.1904  1.8409
   177   285   258  5.1545  1.8200
   171   287   258  5.0789  1.7766
   176   287   258  5.0772  1.7756
   177   286   258  5.0353  1.7518
   177   287   258  4.8912  1.6715
   172   287   257  4.5375  1.4810
   171   287   257  4.5235  1.4739
   173   287   257  4.5010  1.4625
   174   280   259  5.8843  2.2818
   175   280   259  5.8619  2.2667
   173   280   259  5.8450  2.2554
   176   280   259  5.7845  2.2151
   174   288   260  5.7682  2.2099
   174   280   261  5.7442  2.1998
   173   288   261  5.7441  2.1997
   172   280   259  5.7416  2.1869
   174   288   261  5.7370  2.1950
   173   288   260  5.7366  2.1891
   173   280   261  5.7355  2.1940
   175   288   260  5.7343  2.1876
   174   280   260  5.7323  2.1863
   173   280   260  5.7200  2.1782
   175   280   261  5.7079  2.1759
   175   280   260  5.6937  2.1611
   172   288   261  5.6858  2.1614
   178   283   259  5.6846  2.1497
   170   284   261  5.6831  2.1596
   178   284   259  5.6777  2.1453
   172   280   261  5.6776  2.1561
   170   285   261  5.6765  2.1554
   174   288   259  5.6745  2.1432
   175   288   261  5.6650  2.1479
   173   288   259  5.6649  2.1370
   177   280   259  5.6602  2.1340
   172   280   260  5.6519  2.1339
   170   283   261  5.6513  2.1390
   178   282   259  5.6508  2.1279
   178   284   260  5.6477  2.1312
   170   284   259  5.6433  2.1231
   176   288   260  5.6388  2.1255
   172   288   260  5.6367  2.1242
   170   284   260  5.6366  2.1241
   176   280   261  5.6318  2.1264
   175   288   259  5.6267  2.1124
   170   286   261  5.6255  2.1223
   178   285   259  5.6246  2.1111
   178   283   260  5.6228  2.1152
   170   285   259  5.6221  2.1095
   178   285   260  5.6213  2.1143
   170   283   259  5.6162  2.1057
   170   285   260  5.6137  2.1094
   176   280   260  5.6100  2.1070
   170   283   260  5.6090  2.1063
   172   288   259  5.5908  2.0895
   170   282   261  5.5902  2.0997
   178   281   259  5.5850  2.0859
   171   280   259  5.5780  2.0814
   174   280   258  5.5760  2.0751
   171   280   261  5.5699  2.0867
   171   288   261  5.5652  2.0837
   175   280   258  5.5574  2.0633
   178   282   260  5.5525  2.0704
   170   282   259  5.5524  2.0652
   174   280   262  5.5475  2.0777
   170   286   259  5.5461  2.0613
   173   280   258  5.5455  2.0558
   178   286   260  5.5453  2.0658
   170   282   260  5.5418  2.0636
   170   286   260  5.5358  2.0599
   176   288   261  5.5305  2.0617
   176   288   259  5.5296  2.0509
   170   287   261  5.5282  2.0603
   171   280   260  5.5266  2.0541
   178   286   259  5.5249  2.0479
   175   280   262  5.5242  2.0630
   173   280   262  5.5232  2.0623
   178   283   261  5.5216  2.0561
   177   280   261  5.5207  2.0555
   170   281   261  5.5093  2.0484
   178   284   261  5.5082  2.0476
   178   282   261  5.4992  2.0420
   178   280   259  5.4966  2.0302
   176   280   258  5.4944  2.0240
   177   280   260  5.4867  2.0291
   177   288   260  5.4853  2.0282
   171   288   260  5.4687  2.0178
   170   281   259  5.4649  2.0106
   172   280   258  5.4625  2.0042
   176   280   262  5.4594  2.0222
   178   285   261  5.4555  2.0147
   170   281   260  5.4499  2.0062
   171   288   259  5.4494  2.0010
   178   281   260  5.4491  2.0057
   172   280   262  5.4483  2.0153
   178   281   261  5.4482  2.0102
   178   287   260  5.4271  1.9921
   170   287   259  5.4169  1.9810
   170   280   261  5.4164  1.9905
   173   288   262  5.4155  1.9950
   174   288   262  5.4093  1.9911
   170   287   260  5.4067  1.9795
   177   280   258  5.3921  1.9610
   177   288   259  5.3900  1.9645
   170   288   261  5.3884  1.9732
   178   287   259  5.3842  1.9610
   178   280   261  5.3779  1.9668
   172   288   262  5.3669  1.9650
   178   286   261  5.3648  1.9588
   170   280   259  5.3646  1.9491
   177   280   262  5.3596  1.9605
   175   288   262  5.3549  1.9576
   170   280   260  5.3480  1.9437
   177   288   261  5.3377  1.9423
   178   280   260  5.3286  1.9320
   171   280   258  5.3270  1.9217
   171   280   262  5.3239  1.9388
   170   285   262  5.2810  1.9128
   170   284   262  5.2799  1.9122
   178   288   260  5.2772  1.9011
   178   283   262  5.2743  1.9088
   178   282   262  5.2728  1.9079
   176   288   262  5.2604  1.9005
   171   288   262  5.2604  1.9004
   170   283   262  5.2593  1.8998
   178   284   262  5.2578  1.8989
   178   281   262  5.2574  1.8986
   178   280   258  5.2546  1.8786
   170   286   262  5.2540  1.8966
   170   288   259  5.2442  1.8769
   178   287   261  5.2417  1.8846
   170   288   260  5.2372  1.8773
   178   280   262  5.2317  1.8833
   170   282   262  5.2282  1.8812
   178   285   262  5.2198  1.8762
   178   288   259  5.2120  1.8579
   178   281   258  5.2093  1.8519
   170   287   262  5.1936  1.8607
   170   281   262  5.1932  1.8605
   178   282   258  5.1626  1.8247
   178   286   262  5.1592  1.8404
   170   280   262  5.1566  1.8389
   170   280   258  5.1427  1.8132
   170   281   258  5.1397  1.8114
   170   282   258  5.1344  1.8084
   173   288   258  5.1340  1.8082
   177   288   262  5.1329  1.8250
   174   288   258  5.1251  1.8030
   170   283   258  5.1227  1.8017
   178   283   258  5.1063  1.7922
   170   288   262  5.0991  1.8053
   170   284   258  5.0971  1.7869
   178   288   261  5.0936  1.7977
   178   287   262  5.0773  1.7927
   172   288   258  5.0728  1.7731
   170   285   258  5.0497  1.7599
   175   288   258  5.0493  1.7597
   178   284   258  5.0319  1.7499
   178   288   262  4.9771  1.7355
   170   286   258  4.9757  1.7183
   171   288   258  4.9435  1.7004
   178   285   258  4.9335  1.6949
   176   288   258  4.9143  1.6842
   170   287   258  4.8753  1.6628
   178   286   258  4.8105  1.6276
   170   288   258  4.7536  1.5971
   173   281   263  4.7496  1.6137
   173   280   263  4.7489  1.6133
   177   288   258  4.7310  1.5850
   172   280   263  4.7303  1.6033
   174   281   263  4.7285  1.6023
   173   282   263  4.7213  1.5984
   172   281   263  4.7194  1.5974
   174   280   263  4.7159  1.5955
   174   282   263  4.7095  1.5921
   172   282   263  4.6817  1.5772
   178   287   258  4.6674  1.5515
   173   283   263  4.6673  1.5695
   174   283   263  4.6623  1.5669
   175   281   263  4.6604  1.5659
   171   280   263  4.6575  1.5643
   175   282   263  4.6508  1.5608
   175   280   263  4.6353  1.5526
   171   281   263  4.6350  1.5525
   172   283   263  4.6206  1.5449
   175   283   263  4.6101  1.5393
   173   284   263  4.5918  1.5297
   174   284   263  4.5909  1.5293
   171   282   263  4.5879  1.5277
   172   288   257  4.5585  1.4918
   176   282   263  4.5492  1.5075
   176   281   263  4.5489  1.5073
   171   288   257  4.5443  1.4845
   175   284   263  4.5426  1.5041
   172   284   263  4.5409  1.5032
   170   280   263  4.5313  1.4982
   171   283   263  4.5201  1.4925
   173   288   257  4.5199  1.4721
   176   283   263  4.5149  1.4898
   178   288   258  4.5116  1.4711
   176   280   263  4.5107  1.4876
   174   285   263  4.5002  1.4822
   174   279   259  5.7490  2.1918
   175   279   259  5.7314  2.1802
   173   279   259  5.7091  2.1657
   176   279   259  5.6615  2.1348
   174   279   261  5.6203  2.1190
   173   279   261  5.6127  2.1141
   172   279   259  5.6105  2.1021
   175   279   261  5.5874  2.0979
   174   279   260  5.5807  2.0883
   173   279   260  5.5741  2.0841
   174   289   260  5.5728  2.0833
   173   289   261  5.5678  2.0853
   174   289   261  5.5631  2.0824
   172   279   261  5.5598  2.0803
   174   279   258  5.5592  2.0645
   175   279   258  5.5498  2.0585
   177   279   259  5.5464  2.0614
   175   289   260  5.5455  2.0660
   175   279   260  5.5415  2.0635
   173   289   260  5.5360  2.0600
   173   279   258  5.5257  2.0435
   176   279   261  5.5196  2.0548
   172   279   260  5.5168  2.0479
   172   289   261  5.5084  2.0478
   176   279   258  5.5017  2.0285
   174   279   262  5.4950  2.0445
   175   289   261  5.4936  2.0385
   175   279   262  5.4734  2.0310
   173   279   262  5.4713  2.0296
   176   279   260  5.4627  2.0141
   171   279   261  5.4601  2.0176
   171   279   259  5.4572  2.0058
   169   284   261  5.4566  2.0154
   176   289   260  5.4562  2.0101
   179   283   259  5.4549  2.0043
   169   285   261  5.4470  2.0094
   172   279   258  5.4458  1.9939
   179   284   259  5.4415  1.9961
   174   289   259  5.4374  1.9936
   172   289   260  5.4336  1.9961
   169   283   261  5.4309  1.9994
   179   282   259  5.4307  1.9895
   173   289   259  5.4268  1.9870
   177   279   261  5.4220  1.9939
   177   279   258  5.4187  1.9773
   176   279   262  5.4123  1.9929
   171   279   260  5.4068  1.9796
   172   279   262  5.3990  1.9847
   175   289   259  5.3966  1.9686
   179   284   260  5.3961  1.9731
   169   286   261  5.3960  1.9779
   178   279   259  5.3931  1.9664
   171   289   261  5.3883  1.9732
   179   285   259  5.3865  1.9624
   179   283   260  5.3821  1.9645
   169   282   261  5.3784  1.9671
   179   281   259  5.3762  1.9561
   179   285   260  5.3632  1.9529
   176   289   261  5.3612  1.9566
   172   289   259  5.3590  1.9456
   177   279   260  5.3497  1.9448
   169   284   260  5.3450  1.9419
   169   284   259  5.3436  1.9363
   169   283   260  5.3287  1.9321
   179   282   260  5.3266  1.9308
   169   283   259  5.3231  1.9240
   169   285   259  5.3228  1.9238
   177   279   262  5.3185  1.9355
   171   279   258  5.3178  1.9162
   170   279   261  5.3166  1.9295
   169   285   260  5.3165  1.9247
   176   289   259  5.3105  1.9164
   169   281   261  5.3078  1.9242
   177   289   260  5.3077  1.9194
   178   279   258  5.3033  1.9075
   169   287   261  5.3011  1.9202
   179   280   259  5.2994  1.9098
   178   279   261  5.2978  1.9182
   179   286   259  5.2906  1.9045
   179   283   261  5.2849  1.9104
   179   286   260  5.2845  1.9055
   179   282   261  5.2823  1.9088
   171   279   262  5.2788  1.9115
   169   282   260  5.2780  1.9016
   173   289   262  5.2740  1.9086
   169   282   259  5.2715  1.8931
   174   289   262  5.2694  1.9059
   171   289   260  5.2672  1.8952
   170   279   259  5.2583  1.8853
   169   286   259  5.2547  1.8831
   179   284   261  5.2544  1.8921
   179   281   261  5.2530  1.8913
   170   279   260  5.2469  1.8830
   179   281   260  5.2412  1.8797
   169   286   260  5.2387  1.8782
   171   289   259  5.2305  1.8688
   172   289   262  5.2276  1.8808
   169   280   261  5.2257  1.8751
   175   289   262  5.2200  1.8763
   170   289   261  5.2138  1.8680
   179   279   259  5.2077  1.8554
   178   279   260  5.2075  1.8598
   169   281   260  5.2061  1.8589
   179   280   261  5.2058  1.8633
   169   281   259  5.1996  1.8506
   178   279   262  5.1983  1.8635
   179   285   261  5.1879  1.8527
   177   289   259  5.1835  1.8412
   177   289   261  5.1697  1.8420
   179   287   260  5.1671  1.8361
   169   288   261  5.1649  1.8392
   179   287   259  5.1588  1.8268
   179   279   258  5.1574  1.8217
   179   279   261  5.1490  1.8299
   170   279   258  5.1435  1.8137
   179   280   260  5.1411  1.8209
   169   287   259  5.1396  1.8157
   169   279   261  5.1365  1.8226
   176   289   262  5.1322  1.8246
   171   289   262  5.1268  1.8214
   169   280   260  5.1254  1.8118
   170   279   262  5.1162  1.8153
   169   280   259  5.1162  1.8021
   169   287   260  5.1145  1.8054
   179   282   262  5.1046  1.8085
   178   289   260  5.1035  1.7991
   179   283   262  5.0987  1.8051
   179   281   262  5.0977  1.8045
   179   286   261  5.0874  1.7942
   179   280   258  5.0859  1.7805
   179   280   262  5.0812  1.7950
   179   284   262  5.0764  1.7922
   169   285   262  5.0580  1.7816
   169   284   262  5.0580  1.7816
   179   279   262  5.0572  1.7812
   169   279   260  5.0448  1.7655
   170   289   259  5.0428  1.7602
   170   289   260  5.0421  1.7639
   169   283   262  5.0414  1.7721
   179   279   260  5.0410  1.7633
   179   285   262  5.0350  1.7684
   169   286   262  5.0335  1.7676
   169   279   259  5.0264  1.7509
   179   288   260  5.0200  1.7514
   178   289   259  5.0184  1.7463
   179   281   258  5.0179  1.7420
   169   282   262  5.0162  1.7577
   177   289   262  5.0117  1.7551
   179   288   259  4.9987  1.7352
   169   289   261  4.9940  1.7408
   169   281   262  4.9877  1.7415
   169   288   259  4.9848  1.7274
   169   287   262  4.9787  1.7364
   179   286   262  4.9735  1.7334
   170   289   262  4.9731  1.7332
   173   289   258  4.9642  1.7119
   179   287   261  4.9585  1.7208
   169   280   262  4.9569  1.7241
   169   288   260  4.9532  1.7138
   174   289   258  4.9509  1.7045
   179   282   258  4.9503  1.7042
   169   279   258  4.9282  1.6919
   178   289   261  4.9261  1.7027
   169   279   262  4.9209  1.7039
   169   280   258  4.9173  1.6859
   172   289   258  4.9111  1.6825
   169   281   258  4.9021  1.6775
   179   287   262  4.8930  1.6883
   169   288   262  4.8914  1.6875
   169   282   258  4.8845  1.6678
   179   283   258  4.8766  1.6635
   175   289   258  4.8743  1.6623
   169   283   258  4.8623  1.6557
   178   289   262  4.8617  1.6710
   179   289   260  4.8499  1.6566
   169   284   258  4.8301  1.6382
   179   289   259  4.8176  1.6352
   179   288   261  4.8082  1.6377
   169   289   259  4.8022  1.6268
   179   288   262  4.7961  1.6351
   171   289   258  4.7934  1.6184
   179   284   258  4.7894  1.6162
   169   285   258  4.7818  1.6122
   169   289   262  4.7728  1.6224
   169   289   260  4.7683  1.6123
   176   289   258  4.7413  1.5905
   173   279   263  4.7171  1.5962
   169   286   258  4.7130  1.5755
   172   279   263  4.7121  1.5935
   179   289   262  4.6847  1.5751
   179   285   258  4.6836  1.5600
   174   279   263  4.6698  1.5709
   171   279   263  4.6525  1.5617
   179   289   261  4.6416  1.5486
   169   287   258  4.6231  1.5284
   170   289   258  4.6174  1.5254
   173   279   264  4.5912  1.5331
   172   279   264  4.5829  1.5287
   173   280   264  4.5740  1.5241
   175   279   263  4.5738  1.5203
   177   289   258  4.5621  1.4969
   179   286   258  4.5586  1.4951
   172   280   264  4.5562  1.5147
   174   279   264  4.5531  1.5131
   172   289   257  4.5521  1.4885
   174   280   264  4.5500  1.5115
   170   279   263  4.5393  1.5024
   171   289   257  4.5354  1.4800
   171   279   264  4.5277  1.4999
   173   281   264  4.5201  1.4960
   169   288   258  4.5150  1.4729
   173   289   257  4.5149  1.4696
   174   281   264  4.5082  1.4899
   174   278   259  5.6079  2.1005
   175   278   259  5.5934  2.0912
   173   278   259  5.5690  2.0757
   175   278   258  5.5485  2.0577
   174   278   258  5.5480  2.0574
   176   278   259  5.5296  2.0509
   176   278   258  5.5151  2.0368
   173   278   258  5.5099  2.0336
   174   278   261  5.4944  2.0390
   173   278   261  5.4874  2.0346
   172   278   259  5.4763  2.0176
   175   278   261  5.4652  2.0207
   177   278   258  5.4504  1.9967
   174   278   260  5.4415  2.0010
   173   278   260  5.4399  2.0000
   172   278   261  5.4391  2.0045
   174   278   262  5.4379  2.0088
   172   278   258  5.4302  1.9843
   177   278   259  5.4227  1.9845
   175   278   262  5.4176  1.9962
   173   278   262  5.4147  1.9945
   176   278   261  5.4059  1.9840
   175   278   260  5.4022  1.9768
   172   278   260  5.3922  1.9707
   173   290   261  5.3682  1.9609
   174   290   261  5.3663  1.9597
   174   290   260  5.3620  1.9522
   176   278   262  5.3598  1.9606
   178   278   258  5.3556  1.9390
   171   278   261  5.3469  1.9479
   172   278   262  5.3443  1.9512
   175   290   260  5.3396  1.9386
   171   278   259  5.3335  1.9303
   176   278   260  5.3283  1.9318
   177   278   261  5.3217  1.9326
   173   290   260  5.3209  1.9274
   172   290   261  5.3071  1.9238
   171   278   258  5.3064  1.9094
   175   290   261  5.3000  1.9195
   171   278   260  5.2957  1.9122
   178   278   259  5.2794  1.8978
   177   278   262  5.2713  1.9070
   176   290   260  5.2546  1.8876
   179   278   258  5.2309  1.8646
   171   278   262  5.2269  1.8804
   177   278   260  5.2255  1.8703
   172   290   260  5.2169  1.8653
   178   278   261  5.2158  1.8692
   170   278   261  5.2126  1.8673
   168   284   261  5.1998  1.8597
   180   283   259  5.1938  1.8472
   174   290   259  5.1933  1.8470
   171   290   261  5.1868  1.8521
   168   285   261  5.1853  1.8512
   168   283   261  5.1820  1.8492
   173   290   259  5.1814  1.8400
   180   282   259  5.1798  1.8390
   180   284   259  5.1738  1.8355
   176   290   261  5.1704  1.8424
   175   290   259  5.1587  1.8267
   178   278   262  5.1585  1.8400
   170   278   260  5.1520  1.8272
   170   278   259  5.1488  1.8210
   168   282   261  5.1395  1.8244
   170   278   258  5.1385  1.8107
   180   281   259  5.1373  1.8144
   168   286   261  5.1326  1.8204
   172   290   259  5.1184  1.8034
   180   285   259  5.1171  1.8026
   173   290   262  5.1125  1.8131
   174   290   262  5.1118  1.8127
   177   290   260  5.1093  1.8025
   180   284   260  5.1077  1.8016
   180   283   260  5.1069  1.8011
   179   278   259  5.1062  1.7964
   178   278   260  5.0986  1.7963
   179   278   261  5.0893  1.7953
   176   290   259  5.0815  1.7822
   168   281   261  5.0798  1.7898
   180   278   258  5.0758  1.7748
   180   280   259  5.0737  1.7778
   180   282   260  5.0695  1.7795
   175   290   262  5.0688  1.7878
   170   278   262  5.0674  1.7870
   180   285   260  5.0666  1.7779
   172   290   262  5.0657  1.7861
   171   290   260  5.0528  1.7700
   169   278   261  5.0420  1.7681
   168   287   261  5.0390  1.7664
   180   282   261  5.0331  1.7630
   180   281   261  5.0279  1.7601
   179   278   262  5.0262  1.7634
   180   286   259  5.0249  1.7500
   168   284   260  5.0181  1.7503
   168   284   259  5.0173  1.7457
   168   283   260  5.0152  1.7487
   180   283   261  5.0149  1.7527
   170   290   261  5.0139  1.7521
   168   280   261  5.0087  1.7492
   180   280   261  5.0068  1.7481
   168   283   259  5.0066  1.7397
   180   281   260  5.0062  1.7435
   171   290   259  5.0007  1.7364
   180   279   259  4.9957  1.7335
   168   285   259  4.9933  1.7322
   176   290   262  4.9887  1.7420
   180   286   260  4.9844  1.7312
   168   282   260  4.9827  1.7303
   180   279   258  4.9823  1.7220
   168   285   260  4.9822  1.7300
   177   290   261  4.9813  1.7337
   180   279   261  4.9768  1.7311
   168   282   259  4.9694  1.7188
   171   290   262  4.9682  1.7305
   180   284   261  4.9675  1.7259
   169   278   260  4.9674  1.7217
   177   290   259  4.9646  1.7161
   179   278   260  4.9519  1.7130
   180   278   261  4.9424  1.7118
   169   278   259  4.9323  1.6981
   168   281   260  4.9318  1.7018
   180   280   260  4.9306  1.7011
   169   278   258  4.9300  1.6929
   168   279   261  4.9298  1.7047
   168   286   259  4.9292  1.6964
   180   281   262  4.9190  1.7028
   180   282   262  4.9167  1.7015
   168   281   259  4.9143  1.6882
   180   280   262  4.9127  1.6993
   180   278   259  4.9083  1.6848
   178   290   260  4.9078  1.6885
   168   288   261  4.9060  1.6915
   168   286   260  4.9034  1.6860
   180   283   262  4.9031  1.6939
   180   287   259  4.9018  1.6812
   180   279   262  4.8990  1.6917
   180   280   258  4.8890  1.6703
   180   285   261  4.8886  1.6818
   180   278   262  4.8773  1.6797
   177   290   262  4.8753  1.6785
   180   284   262  4.8750  1.6784
   169   278   262  4.8747  1.6782
   168   280   260  4.8728  1.6692
   180   287   260  4.8672  1.6661
   180   279   260  4.8555  1.6597
   168   280   259  4.8480  1.6517
   168   278   261  4.8442  1.6574
   170   290   260  4.8347  1.6483
   180   285   262  4.8299  1.6535
   170   290   259  4.8281  1.6409
   168   287   259  4.8248  1.6391
   170   290   262  4.8200  1.6481
   168   284   262  4.8150  1.6454
   168   279   260  4.8123  1.6361
   168   285   262  4.8114  1.6434
   178   290   259  4.8097  1.6309
   168   283   262  4.8042  1.6395
   180   281   258  4.7995  1.6217
   169   290   261  4.7971  1.6317
   180   278   260  4.7895  1.6237
   173   290   258  4.7879  1.6155
   168   286   262  4.7860  1.6295
   168   282   262  4.7855  1.6293
   168   287   260  4.7841  1.6208
   180   286   261  4.7799  1.6224
   168   279   259  4.7744  1.6119
   174   290   258  4.7705  1.6061
   180   286   262  4.7670  1.6192
   168   281   262  4.7630  1.6171
   180   288   259  4.7537  1.6008
   168   278   260  4.7519  1.6035
   172   290   258  4.7423  1.5911
   178   290   261  4.7401  1.6009
   168   289   261  4.7393  1.6005
   168   280   262  4.7371  1.6031
   168   287   262  4.7332  1.6010
   178   290   262  4.7311  1.5999
   180   288   260  4.7228  1.5880
   180   282   258  4.7127  1.5754
   168   279   262  4.7043  1.5855
   168   278   259  4.6949  1.5695
   175   290   258  4.6928  1.5648
   168   278   258  4.6876  1.5621
   180   287   262  4.6870  1.5763
   168   288   259  4.6852  1.5644
   168   279   258  4.6801  1.5582
   172   278   263  4.6641  1.5679
   168   280   258  4.6611  1.5482
   168   278   262  4.6599  1.5619
   179   290   260  4.6572  1.5532
   173   278   263  4.6539  1.5624
   168   288   262  4.6499  1.5566
   180   287   261  4.6469  1.5514
   168   281   258  4.6359  1.5350
   171   290   258  4.6351  1.5346
   168   288   260  4.6324  1.5402
   169   290   262  4.6256  1.5438
   180   283   258  4.6236  1.5286
   179   290   259  4.6196  1.5300
   171   278   263  4.6190  1.5440
   168   282   258  4.6075  1.5203
   169   290   259  4.6042  1.5220
   180   288   262  4.5919  1.5261
   174   278   263  4.5902  1.5289
   180   289   259  4.5853  1.5122
   168   283   258  4.5754  1.5037
   172   278   264  4.5733  1.5237
   169   290   260  4.5724  1.5090
   173   278   264  4.5707  1.5223
   176   290   258  4.5611  1.4964
   179   290   262  4.5581  1.5086
   180   289   260  4.5568  1.5009
   168   290   261  4.5467  1.4992
   168   284   258  4.5363  1.4837
   168   289   262  4.5360  1.4971
   180   284   258  4.5258  1.4784
   171   278   264  4.5243  1.4982
   170   278   263  4.5201  1.4924
   168   289   259  4.5195  1.4784
   174   278   264  4.5171  1.4945
   172   290   257  4.5143  1.4693
   175   277   258  5.5527  2.0603
   174   277   258  5.5415  2.0533
   176   277   258  5.5332  2.0481
   173   277   258  5.4962  2.0251
   177   277   258  5.4847  2.0179
   174   277   259  5.4624  2.0090
   175   277   259  5.4496  2.0011
   173   277   259  5.4258  1.9864
   172   277   258  5.4130  1.9738
   178   277   258  5.4075  1.9704
   176   277   259  5.3907  1.9650
   174   277   262  5.3751  1.9700
   174   277   261  5.3715  1.9629
   173   277   261  5.3638  1.9582
   175   277   262  5.3566  1.9587
   173   277   262  5.3513  1.9554
   175   277   261  5.3473  1.9481
   172   277   259  5.3396  1.9340
   173   277   260  5.3225  1.9283
   174   277   260  5.3213  1.9276
   172   277   261  5.3184  1.9306
   176   277   262  5.3021  1.9256
   179   277   258  5.3003  1.9057
   176   277   261  5.2972  1.9178
   177   277   259  5.2915  1.9050
   171   277   258  5.2887  1.8988
   175   277   260  5.2832  1.9047
   172   277   260  5.2813  1.9035
   172   277   262  5.2809  1.9128
   171   277   261  5.2320  1.8788
   177   277   261  5.2261  1.8753
   177   277   262  5.2186  1.8755
   176   277   260  5.2147  1.8640
   171   277   259  5.2075  1.8553
   171   277   260  5.1944  1.8520
   171   277   262  5.1641  1.8433
   180   277   258  5.1614  1.8240
   178   277   259  5.1583  1.8265
   173   291   261  5.1483  1.8295
   174   291   261  5.1475  1.8291
   178   277   261  5.1370  1.8229
   174   291   260  5.1361  1.8180
   170   277   258  5.1226  1.8016
   177   277   260  5.1216  1.8096
   175   291   260  5.1146  1.8055
   178   277   262  5.1121  1.8129
   170   277   261  5.1051  1.8044
   173   291   260  5.0945  1.7939
   172   291   261  5.0868  1.7938
   175   291   261  5.0827  1.7915
   170   277   260  5.0628  1.7757
   170   277   259  5.0360  1.7563
   179   277   261  5.0303  1.7614
   176   291   260  5.0301  1.7571
   178   277   260  5.0084  1.7448
   170   277   262  5.0054  1.7515
   179   277   259  4.9975  1.7346
   172   291   260  4.9917  1.7354
   181   277   258  4.9891  1.7258
   179   277   262  4.9869  1.7410
   171   291   261  4.9670  1.7256
   176   291   261  4.9548  1.7188
   174   291   259  4.9520  1.7091
   169   277   261  4.9423  1.7117
   173   291   259  4.9401  1.7024
   174   291   262  4.9370  1.7129
   173   291   262  4.9330  1.7107
   167   284   261  4.9257  1.7025
   175   291   259  4.9204  1.6915
   167   283   261  4.9171  1.6977
   169   277   258  4.9170  1.6857
   181   283   259  4.9057  1.6834
   180   277   261  4.9048  1.6909
   167   285   261  4.9044  1.6906
   181   282   259  4.9023  1.6815
   175   291   262  4.9004  1.6925
   169   277   260  4.8914  1.6794
   181   278   258  4.8899  1.6708
   167   282   261  4.8854  1.6801
   177   291   260  4.8849  1.6758
   172   291   262  4.8843  1.6835
   172   291   259  4.8810  1.6698
   181   284   259  4.8790  1.6687
   179   277   260  4.8786  1.6724
   181   281   259  4.8731  1.6655
   167   286   261  4.8480  1.6595
   176   291   259  4.8478  1.6516
   180   277   262  4.8450  1.6618
   167   281   261  4.8368  1.6533
   169   277   259  4.8337  1.6439
   171   291   260  4.8322  1.6469
   176   291   262  4.8271  1.6520
   181   280   259  4.8242  1.6388
   181   285   259  4.8207  1.6369
   180   277   259  4.8141  1.6333
   169   277   262  4.8134  1.6445
   181   283   260  4.8080  1.6338
   170   291   261  4.7958  1.6310
   181   284   260  4.7937  1.6260
   181   282   260  4.7912  1.6247
   171   291   262  4.7878  1.6305
   181   280   261  4.7847  1.6250
   181   279   261  4.7828  1.6239
   181   279   258  4.7793  1.6108
   181   281   261  4.7784  1.6216
   167   280   261  4.7762  1.6204
   181   278   261  4.7745  1.6194
   171   291   259  4.7715  1.6103
   177   291   261  4.7679  1.6159
   181   279   259  4.7617  1.6050
   181   282   261  4.7592  1.6112
   181   277   261  4.7582  1.6107
   167   287   261  4.7539  1.6083
   181   281   260  4.7529  1.6040
   168   277   261  4.7516  1.6071
   181   285   260  4.7431  1.5988
   177   291   259  4.7361  1.5913
   180   277   260  4.7348  1.5943
   181   286   259  4.7327  1.5895
   181   280   262  4.7287  1.5986
   181   279   262  4.7257  1.5970
   181   281   262  4.7241  1.5961
   181   283   261  4.7211  1.5908
   177   291   262  4.7199  1.5939
   181   278   262  4.7129  1.5901
   181   282   262  4.7118  1.5895
   167   279   261  4.7066  1.5830
   181   280   260  4.7048  1.5783
   181   278   259  4.6901  1.5670
   181   283   262  4.6898  1.5778
   167   283   260  4.6890  1.5700
   168   277   260  4.6889  1.5699
   181   277   262  4.6861  1.5758
   167   283   259  4.6849  1.5642
   167   284   259  4.6838  1.5637
   178   291   260  4.6838  1.5672
   168   277   258  4.6777  1.5569
   167   284   260  4.6773  1.5638
   167   282   260  4.6748  1.5625
   181   280   258  4.6670  1.5513
   167   282   259  4.6627  1.5525
   181   284   261  4.6590  1.5577
   181   279   260  4.6570  1.5531
   181   286   260  4.6569  1.5530
   181   284   262  4.6555  1.5596
   167   285   259  4.6532  1.5475
   167   281   260  4.6441  1.5463
   170   291   262  4.6429  1.5529
   167   285   260  4.6325  1.5402
   167   278   261  4.6287  1.5418
   167   281   259  4.6236  1.5321
   167   288   261  4.6233  1.5390
   170   291   260  4.6229  1.5352
   181   287   259  4.6186  1.5295
   181   278   260  4.6150  1.5311
   181   277   259  4.6114  1.5257
   170   291   259  4.6103  1.5252
   168   277   259  4.6095  1.5248
   181   285   262  4.6064  1.5337
   167   280   260  4.6050  1.5259
   173   291   258  4.6034  1.5182
   168   277   262  4.5991  1.5299
   167   286   259  4.5887  1.5140
   172   277   263  4.5872  1.5273
   178   291   259  4.5871  1.5132
   169   291   261  4.5819  1.5174
   178   291   262  4.5807  1.5203
   174   291   258  4.5806  1.5064
   181   277   260  4.5788  1.5123
   167   280   259  4.5726  1.5057
   181   285   261  4.5705  1.5115
   167   284   262  4.5656  1.5124
   172   291   258  4.5655  1.4986
   167   279   260  4.5625  1.5038
   167   283   262  4.5614  1.5102
   173   277   263  4.5608  1.5135
   181   281   258  4.5588  1.4952
   171   277   263  4.5573  1.5117
   167   285   262  4.5559  1.5074
   167   286   260  4.5513  1.4981
   167   282   262  4.5488  1.5037
   167   277   261  4.5424  1.4969
   181   286   262  4.5415  1.5000
   181   287   260  4.5400  1.4923
   167   281   262  4.5310  1.4945
   172   277   264  4.5301  1.5012
   178   291   261  4.5299  1.4905
   167   286   262  4.5262  1.4921
   167   278   260  4.5172  1.4806
   173   277   264  4.5159  1.4938
   167   279   259  4.5129  1.4751
   167   280   262  4.5081  1.4828
   175   276   258  5.5585  2.0640
   176   276   258  5.5514  2.0596
   174   276   258  5.5361  2.0499
   177   276   258  5.5161  2.0375
   173   276   258  5.4813  2.0158
   178   276   258  5.4521  1.9977
   172   276   258  5.3906  1.9602
   179   276   258  5.3573  1.9399
   174   276   259  5.3127  1.9177
   174   276   262  5.3054  1.9275
   175   276   259  5.3006  1.9105
   175   276   262  5.2899  1.9182
   173   276   259  5.2793  1.8977
   173   276   262  5.2790  1.9116
   171   276   258  5.2611  1.8824
   174   276   261  5.2554  1.8928
   176   276   259  5.2460  1.8780
   173   276   261  5.2446  1.8863
   176   276   262  5.2389  1.8876
   175   276   261  5.2377  1.8822
   180   276   258  5.2293  1.8637
   173   276   260  5.2210  1.8677
   174   276   260  5.2204  1.8674
   172   276   262  5.2064  1.8682
   172   276   259  5.2002  1.8510
   172   276   261  5.1994  1.8595
   176   276   261  5.1972  1.8582
   175   276   260  5.1857  1.8469
   172   276   260  5.1819  1.8447
   177   276   262  5.1595  1.8406
   177   276   259  5.1541  1.8241
   177   276   261  5.1384  1.8238
   176   276   260  5.1233  1.8106
   171   276   261  5.1159  1.8107
   171   276   260  5.0999  1.7970
   170   276   258  5.0918  1.7839
   171   276   262  5.0876  1.7987
   171   276   259  5.0784  1.7804
   181   276   258  5.0658  1.7691
   178   276   261  5.0635  1.7805
   178   276   262  5.0575  1.7813
   177   276   260  5.0388  1.7621
   178   276   259  5.0311  1.7535
   170   276   261  4.9937  1.7407
   170   276   260  4.9751  1.7261
   179   276   261  4.9722  1.7286
   179   276   262  4.9366  1.7127
   178   276   260  4.9365  1.7044
   170   276   262  4.9273  1.7074
   170   276   259  4.9193  1.6909
   173   292   261  4.9043  1.6906
   174   292   261  4.9009  1.6887
   174   292   260  4.8866  1.6768
   169   276   258  4.8851  1.6682
   179   276   259  4.8827  1.6707
   182   276   258  4.8650  1.6572
   180   276   261  4.8623  1.6674
   175   292   260  4.8605  1.6624
   173   292   260  4.8501  1.6567
   172   292   261  4.8458  1.6583
   169   276   261  4.8364  1.6531
   175   292   261  4.8342  1.6519
   179   276   260  4.8190  1.6397
   169   276   260  4.8122  1.6360
   180   276   262  4.7978  1.6360
   182   277   258  4.7820  1.6123
   176   292   260  4.7716  1.6141
   172   292   260  4.7539  1.6046
   174   292   262  4.7391  1.6042
   169   276   262  4.7344  1.6016
   173   292   262  4.7313  1.6000
   181   276   261  4.7302  1.5956
   169   276   259  4.7299  1.5881
   171   292   261  4.7295  1.5952
   180   276   259  4.7132  1.5792
   174   292   259  4.7127  1.5789
   175   292   262  4.7073  1.5871
   176   292   261  4.7057  1.5825
   173   292   259  4.7033  1.5739
   180   276   260  4.6877  1.5693
   172   292   262  4.6807  1.5730
   175   292   259  4.6796  1.5614
   182   278   258  4.6727  1.5543
   168   276   261  4.6511  1.5536
   172   292   259  4.6485  1.5451
   168   276   258  4.6467  1.5407
   166   283   261  4.6453  1.5505
   166   284   261  4.6437  1.5497
   181   276   262  4.6402  1.5515
   176   292   262  4.6391  1.5509
   166   282   261  4.6245  1.5396
   177   292   260  4.6229  1.5352
   168   276   260  4.6188  1.5331
   166   285   261  4.6141  1.5342
   176   292   259  4.6062  1.5230
   182   282   259  4.6042  1.5220
   171   292   260  4.6034  1.5251
   182   283   259  4.5967  1.5181
   182   281   259  4.5890  1.5141
   182   277   261  4.5877  1.5204
   166   281   261  4.5868  1.5199
   182   278   261  4.5847  1.5188
   171   292   262  4.5846  1.5223
   182   276   261  4.5721  1.5123
   182   279   261  4.5687  1.5105
   182   284   259  4.5636  1.5010
   170   292   261  4.5620  1.5071
   182   280   259  4.5557  1.4970
   166   286   261  4.5523  1.5021
   182   279   258  4.5490  1.4902
   171   292   259  4.5454  1.4917
   182   280   261  4.5441  1.4978
   181   276   260  4.5431  1.4939
   182   279   262  4.5368  1.4975
   177   292   262  4.5367  1.4975
   166   280   261  4.5361  1.4937
   182   278   262  4.5314  1.4948
   182   280   262  4.5297  1.4939
   181   276   259  4.5247  1.4811
   168   276   262  4.5203  1.4890
   177   292   261  4.5200  1.4855
   168   276   259  4.5178  1.4776
   182   281   262  4.5140  1.4858
   182   281   261  4.5121  1.4814
   182   279   259  4.5096  1.4734
   182   277   262  4.5083  1.4829
   182   285   259  4.5045  1.4708
   182   282   260  4.5030  1.4734
   176   275   258  5.5638  2.0673
   175   275   258  5.5606  2.0654
   177   275   258  5.5377  2.0509
   174   275   258  5.5273  2.0445
   178   275   258  5.4815  2.0159
   173   275   258  5.4614  2.0035
   179   275   258  5.3932  1.9617
   172   275   258  5.3600  1.9416
   180   275   258  5.2703  1.8879
   174   275   262  5.2280  1.8811
   171   275   258  5.2209  1.8587
   175   275   262  5.2165  1.8743
   173   275   262  5.1971  1.8628
   176   275   262  5.1690  1.8462
   174   275   259  5.1599  1.8274
   175   275   259  5.1478  1.8204
   174   275   261  5.1477  1.8291
   175   275   261  5.1380  1.8235
   174   275   260  5.1347  1.8172
   173   275   260  5.1310  1.8150
   173   275   261  5.1310  1.8194
   173   275   259  5.1301  1.8101
   172   275   262  5.1199  1.8174
   181   275   258  5.1106  1.7947
   176   275   261  5.1073  1.8057
   175   275   260  5.1056  1.8003
   176   275   259  5.0969  1.7910
   177   275   262  5.0924  1.8015
   172   275   260  5.0895  1.7910
   172   275   261  5.0825  1.7914
   177   275   261  5.0590  1.7778
   172   275   259  5.0580  1.7688
   176   275   260  5.0496  1.7682
   170   275   258  5.0443  1.7569
   177   275   259  5.0119  1.7426
   171   275   260  5.0071  1.7440
   171   275   261  4.9984  1.7433
   171   275   262  4.9969  1.7467
   178   275   261  4.9945  1.7411
   178   275   262  4.9923  1.7441
   177   275   260  4.9721  1.7243
   171   275   259  4.9459  1.7057
   179   275   261  4.9128  1.6953
   182   275   258  4.9127  1.6834
   178   275   259  4.8983  1.6793
   170   275   260  4.8843  1.6755
   170   275   261  4.8776  1.6758
   178   275   260  4.8768  1.6714
   179   275   262  4.8717  1.6765
   169   275   258  4.8334  1.6400
   170   275   262  4.8334  1.6554
   180   275   261  4.8112  1.6394
   170   275   259  4.7981  1.6246
   179   275   260  4.7660  1.6111
   179   275   259  4.7610  1.6047
   180   275   262  4.7313  1.6000
   169   275   260  4.7253  1.5893
   169   275   261  4.7232  1.5919
   181   275   261  4.6858  1.5719
   183   275   258  4.6759  1.5560
   180   275   260  4.6403  1.5443
   169   275   262  4.6389  1.5508
   173   293   261  4.6273  1.5411
   183   276   258  4.6257  1.5297
   169   275   259  4.6205  1.5305
   174   293   261  4.6163  1.5353
   180   275   259  4.6035  1.5216
   174   293   260  4.6004  1.5235
   168   275   258  4.5945  1.5136
   172   293   261  4.5771  1.5149
   173   293   260  4.5758  1.5107
   181   275   262  4.5699  1.5147
   175   293   260  4.5638  1.5045
   175   293   261  4.5438  1.4976
   168   275   261  4.5417  1.4966
   183   277   258  4.5388  1.4850
   168   275   260  4.5376  1.4911
   182   275   261  4.5327  1.4920
   174   293   262  4.5077  1.4826
   176   274   258  5.5637  2.0673
   175   274   258  5.5533  2.0607
   177   274   258  5.5424  2.0539
   174   274   258  5.5103  2.0338
   178   274   258  5.4889  2.0205
   173   274   258  5.4328  1.9859
   179   274   258  5.4014  1.9667
   172   274   258  5.3188  1.9168
   180   274   258  5.2783  1.8926
   171   274   258  5.1679  1.8278
   174   274   262  5.1424  1.8306
   175   274   262  5.1354  1.8265
   181   274   258  5.1182  1.7991
   173   274   262  5.1058  1.8092
   176   274   262  5.0907  1.8004
   174   274   260  5.0574  1.7726
   174   274   261  5.0476  1.7713
   175   274   261  5.0474  1.7712
   173   274   260  5.0465  1.7665
   175   274   260  5.0353  1.7600
   176   274   261  5.0258  1.7589
   172   274   262  5.0226  1.7613
   173   274   261  5.0223  1.7569
   177   274   262  5.0147  1.7568
   174   274   259  5.0063  1.7395
   172   274   260  4.9987  1.7393
   175   274   259  4.9939  1.7325
   176   274   260  4.9854  1.7318
   177   274   261  4.9852  1.7359
   170   274   258  4.9816  1.7216
   173   274   259  4.9801  1.7248
   172   274   261  4.9670  1.7256
   176   274   259  4.9457  1.7056
   178   274   261  4.9264  1.7029
   182   274   258  4.9208  1.6878
   172   274   259  4.9144  1.6882
   178   274   262  4.9129  1.6994
   177   274   260  4.9124  1.6910
   171   274   260  4.9117  1.6907
   171   274   262  4.8942  1.6890
   171   274   261  4.8784  1.6762
   177   274   259  4.8661  1.6616
   179   274   261  4.8479  1.6595
   178   274   260  4.8198  1.6402
   171   274   259  4.8110  1.6316
   179   274   262  4.7882  1.6307
   170   274   260  4.7869  1.6223
   169   274   258  4.7650  1.6031
   178   274   259  4.7598  1.6041
   170   274   261  4.7557  1.6093
   180   274   261  4.7472  1.6047
   170   274   262  4.7269  1.5976
   179   274   260  4.7099  1.5811
   183   274   258  4.6865  1.5615
   170   274   259  4.6733  1.5581
   180   274   262  4.6413  1.5521
   179   274   259  4.6310  1.5359
   169   274   260  4.6286  1.5382
   181   274   261  4.6209  1.5377
   169   274   261  4.6020  1.5278
   180   274   260  4.5835  1.5147
   169   274   262  4.5314  1.4947
   168   274   258  4.5253  1.4781
   169   274   259  4.5066  1.4719
   176   273   258  5.5452  2.0557
   175   273   258  5.5307  2.0465
   177   273   258  5.5248  2.0429
   174   273   258  5.4802  2.0151
   178   273   258  5.4694  2.0085
   173   273   258  5.3922  1.9611
   179   273   258  5.3784  1.9528
   172   273   258  5.2661  1.8854
   180   273   258  5.2513  1.8766
   171   273   258  5.1031  1.7904
   181   273   258  5.0883  1.7819
   174   273   262  5.0474  1.7755
   175   273   262  5.0442  1.7737
   173   273   262  5.0054  1.7515
   176   273   262  5.0006  1.7488
   174   273   260  4.9812  1.7295
   175   273   260  4.9662  1.7210
   175   273   261  4.9625  1.7231
   173   273   260  4.9619  1.7186
   174   273   261  4.9526  1.7175
   176   273   261  4.9487  1.7153
   177   273   262  4.9226  1.7048
   176   273   260  4.9209  1.6957
   173   273   261  4.9163  1.6973
   172   273   262  4.9163  1.7013
   177   273   261  4.9127  1.6952
   170   273   258  4.9072  1.6803
   172   273   260  4.9056  1.6873
   182   273   258  4.8905  1.6712
   174   273   259  4.8548  1.6554
   178   273   261  4.8546  1.6631
   172   273   261  4.8509  1.6611
   177   273   260  4.8494  1.6563
   175   273   259  4.8413  1.6481
   173   273   259  4.8319  1.6430
   178   273   262  4.8153  1.6455
   171   273   260  4.8118  1.6358
   176   273   259  4.7942  1.6225
   171   273   262  4.7831  1.6279
   179   273   261  4.7732  1.6188
   172   273   259  4.7718  1.6105
   178   273   260  4.7553  1.6053
   171   273   261  4.7544  1.6086
   177   273   259  4.7172  1.5813
   169   273   258  4.6854  1.5609
   170   273   260  4.6827  1.5667
   179   273   262  4.6823  1.5738
   171   273   259  4.6758  1.5594
   180   273   261  4.6668  1.5619
   183   273   258  4.6598  1.5475
   179   273   260  4.6412  1.5448
   170   273   261  4.6273  1.5411
   178   273   259  4.6148  1.5275
   170   273   262  4.6134  1.5374
   170   273   259  4.5471  1.4925
   181   273   261  4.5335  1.4924
   180   273   262  4.5251  1.4915
   169   273   260  4.5237  1.4839
   180   273   260  4.5091  1.4765
   176   272   258  5.5039  2.0298
   175   272   258  5.4883  2.0201
   177   272   258  5.4812  2.0157
   174   272   258  5.4331  1.9861
   178   272   258  5.4211  1.9787
   173   272   258  5.3373  1.9279
   179   272   258  5.3241  1.9200
   172   272   258  5.2014  1.8473
   180   272   258  5.1913  1.8414
   171   272   258  5.0288  1.7481
   181   272   258  5.0248  1.7459
   174   272   262  4.9416  1.7155
   175   272   262  4.9400  1.7146
   174   272   260  4.8997  1.6840
   173   272   262  4.8960  1.6900
   176   272   262  4.8950  1.6895
   175   272   260  4.8901  1.6787
   175   272   261  4.8780  1.6760
   173   272   260  4.8728  1.6692
   176   272   261  4.8703  1.6718
   174   272   261  4.8580  1.6650
   176   272   260  4.8468  1.6549
   177   272   261  4.8355  1.6527
   182   272   258  4.8276  1.6368
   170   272   258  4.8258  1.6359
   177   272   262  4.8118  1.6436
   173   272   261  4.8096  1.6385
   172   272   260  4.8084  1.6340
   172   272   262  4.8032  1.6389
   178   272   261  4.7737  1.6190
   177   272   260  4.7735  1.6151
   172   272   261  4.7320  1.5966
   171   272   260  4.7077  1.5799
   174   272   259  4.7070  1.5759
   178   272   262  4.6959  1.5810
   175   272   259  4.6910  1.5674
   173   272   259  4.6878  1.5657
   179   272   261  4.6844  1.5712
   178   272   260  4.6742  1.5622
   171   272   262  4.6677  1.5661
   176   272   259  4.6422  1.5418
   172   272   259  4.6327  1.5368
   171   272   261  4.6256  1.5402
   183   272   258  4.6026  1.5178
   169   272   258  4.6016  1.5173
   170   272   260  4.5746  1.5101
   180   272   261  4.5674  1.5098
   177   272   259  4.5642  1.5013
   179   272   260  4.5526  1.4987
   179   272   262  4.5516  1.5052
   171   272   259  4.5432  1.4905
   176   271   258  5.4372  1.9886
   175   271   258  5.4232  1.9800
   177   271   258  5.4103  1.9721
   174   271   258  5.3666  1.9456
   178   271   258  5.3443  1.9321
   173   271   258  5.2667  1.8857
   179   271   258  5.2411  1.8706
   172   271   258  5.1251  1.8030
   180   271   258  5.1033  1.7905
   171   271   258  4.9473  1.7025
   181   271   258  4.9347  1.6955
   174   271   262  4.8233  1.6499
   175   271   262  4.8198  1.6480
   174   271   260  4.8081  1.6338
   175   271   260  4.8007  1.6298
   175   271   261  4.7881  1.6268
   176   271   261  4.7843  1.6247
   173   271   262  4.7781  1.6252
   173   271   260  4.7766  1.6168
   176   271   262  4.7701  1.6209
   174   271   261  4.7594  1.6113
   176   271   260  4.7561  1.6058
   177   271   261  4.7476  1.6049
   170   271   258  4.7419  1.5908
   182   271   258  4.7400  1.5898
   172   271   260  4.7069  1.5794
   173   271   261  4.6990  1.5790
   172   271   262  4.6858  1.5757
   177   271   262  4.6789  1.5720
   178   271   261  4.6784  1.5680
   177   271   260  4.6780  1.5641
   172   271   261  4.6091  1.5315
   171   271   260  4.6019  1.5242
   179   271   261  4.5778  1.5152
   178   271   260  4.5709  1.5082
   174   271   259  4.5629  1.5006
   171   271   262  4.5528  1.5058
   178   271   262  4.5522  1.5055
   173   271   259  4.5486  1.4933
   175   271   259  4.5420  1.4899
   183   271   258  4.5232  1.4770
   169   271   258  4.5203  1.4755
   176   270   258  5.3450  1.9325
   175   270   258  5.3347  1.9263
   177   270   258  5.3130  1.9133
   174   270   258  5.2801  1.8937
   178   270   258  5.2417  1.8709
   173   270   258  5.1805  1.8351
   179   270   258  5.1338  1.8080
   172   270   258  5.0386  1.7537
   180   270   258  4.9933  1.7282
   171   270   258  4.8615  1.6553
   181   270   258  4.8253  1.6356
   174   270   260  4.7044  1.5782
   175   270   260  4.6948  1.5731
   174   270   262  4.6922  1.5791
   175   270   261  4.6875  1.5728
   176   270   261  4.6846  1.5713
   175   270   262  4.6820  1.5736
   173   270   260  4.6731  1.5616
   170   270   258  4.6599  1.5476
   173   270   262  4.6530  1.5582
   174   270   261  4.6525  1.5543
   176   270   260  4.6453  1.5470
   177   270   261  4.6432  1.5494
   182   270   258  4.6354  1.5348
   176   270   262  4.6239  1.5429
   172   270   260  4.6028  1.5247
   173   270   261  4.5826  1.5177
   172   270   262  4.5674  1.5134
   178   270   261  4.5642  1.5082
   177   270   260  4.5598  1.5025
   177   270   262  4.5224  1.4901
   176   269   258  5.2293  1.8636
   175   269   258  5.2245  1.8608
   177   269   258  5.1922  1.8419
   174   269   258  5.1751  1.8320
   178   269   258  5.1168  1.7982
   173   269   258  5.0807  1.7776
   179   269   258  5.0067  1.7357
   172   269   258  4.9445  1.7009
   180   269   258  4.8665  1.6580
   171   269   258  4.7748  1.6084
   181   269   258  4.7019  1.5696
   174   269   260  4.5899  1.5180
   170   269   258  4.5837  1.5080
   175   269   260  4.5734  1.5095
   175   269   261  4.5722  1.5123
   176   269   261  4.5669  1.5096
   173   269   260  4.5644  1.5048
   174   269   262  4.5505  1.5046
   174   269   261  4.5350  1.4931
   175   269   262  4.5280  1.4930
   173   269   262  4.5240  1.4909
   182   269   258  4.5188  1.4748
   177   269   261  4.5181  1.4845
   176   269   260  4.5156  1.4798
   175   268   258  5.0965  1.7866
   176   268   258  5.0942  1.7853
   174   268   258  5.0558  1.7634
   177   268   258  5.0520  1.7613
   178   268   258  4.9739  1.7173
   173   268   258  4.9714  1.7159
   179   268   258  4.8639  1.6566
   172   268   258  4.8470  1.6474
   180   268   258  4.7266  1.5827
   171   268   258  4.6915  1.5642
   181   268   258  4.5672  1.4995
   170   268   258  4.5178  1.4743
   175   267   258  4.9567  1.7077
   176   267   258  4.9455  1.7015
   174   267   258  4.9280  1.6918
   177   267   258  4.8977  1.6751
   173   267   258  4.8585  1.6536
   178   267   258  4.8175  1.6314
   172   267   258  4.7519  1.5962
   179   267   258  4.7088  1.5733
   171   267   258  4.6171  1.5253
   180   267   258  4.5754  1.5038
   175   266   258  4.8119  1.6284
   174   266   258  4.7986  1.6212
   176   266   258  4.7895  1.6163
   173   266   258  4.7486  1.5944
   177   266   258  4.7348  1.5871
   172   266   258  4.6653  1.5504
   178   266   258  4.6520  1.5434
   171   266   258  4.5572  1.4944
   179   266   258  4.5441  1.4877
   174   265   258  4.6742  1.5551
   175   265   258  4.6687  1.5522
   173   265   258  4.6478  1.5413
   176   265   258  4.6324  1.5332
   172   265   258  4.5926  1.5126
   177   265   258  4.5688  1.5003
   171   265   258  4.5161  1.4734
   173   264   258  4.5601  1.4959
   174   264   258  4.5592  1.4954
   172   264   258  4.5368  1.4840
   175   264   258  4.5317  1.4813
