         1        231        301        243    229.393    304.507    242.534     5.7448     2.1672      13955    2189.02    14.2178        197        257        281        342        233        250    2420.03    1.10553
         2        171        280        243    171.034    279.424    243.491     5.9164     2.3137       3670    576.457    13.6517        159        182        268        290        238        249    637.301    1.10555
         3        195        142        127    194.857    141.856    126.762     5.5095     2.0354       6666    885.033    13.8122        168        220        128        157        121        133    976.297    1.10312
         4        134        239        253    134.356    239.324    253.255     5.6159     2.1161       2135    340.337    13.4047        126        145        231        248        249        258     376.39    1.10593
         5        267        246        232    266.808    247.644    232.246     5.4808     1.9452       4831    746.169    13.7295        248        285        232        267        227        237    824.918    1.10554
         6        339        181        119    339.265    180.693     118.43     5.4489     2.0203       3327    436.463    13.5038        327        356        167        192        113        122     481.55     1.1033
         7        411        117        261     411.13    116.576    260.539     5.3106     1.9464       2394    385.833    13.4432        398        422        107        125        255        264    426.722    1.10598
         8        287        199        223    286.455    198.839     223.05      5.376     1.8591       1201    182.983    13.1106        274        295        188        209        219        225     202.27     1.1054
         9        273        168        224    272.723    168.498    223.539     5.3269     1.8283       1301    198.371    13.1427        266        280        160        177        219        227    219.251    1.10526
        10        233        286        280    232.739    285.806    279.549     5.3395     2.0722       1230     204.11    13.1786        224        240        278        296        277        283    225.839    1.10646
        11        251        147        253    251.039    146.908     252.97     5.1867     1.8319        600    95.6178    12.8261        245        257        140        153        251        256     105.75    1.10596
        12        323        284        331    323.488    284.222    330.771     5.1078     2.2714       1454    261.546    13.3046        314        330        275        295        327        336    289.649    1.10745
        13        135        290        171    134.774    289.604    170.597     5.1585     1.7189       1429    201.708    13.1389        127        142        283        297        166        175    222.753    1.10433
        14        174        280        260    174.304    280.615     260.06     5.1075     1.8124       1587    255.684    13.2513        166        183        264        293        257        264    282.753    1.10587
        15        208         70        284    208.279     70.288    283.659     5.1291     1.9496        640    106.922    12.8861        203        214         64         77        281        287    118.268    1.10611
        16        239        240        160    239.378    240.033    159.344     4.9983     1.6491        320    44.4644    12.4751        233        245        232        247        158        160    49.0729    1.10365
        17        171         94        277    171.124     94.223    276.822     5.0259     1.8467        401    66.2837    12.6684        164        178         88        100        275        279    73.3177    1.10612
        18        376        204        219    376.161    204.472    219.754     5.0448     1.6579        812    123.129    12.9183        369        383        198        211        217        223    136.074    1.10514
        19        282        323        237    282.394    323.258    237.111     5.0361     1.6887        382    59.4344    12.6051        278        287        319        328        234        240    65.7093    1.10558
        20         85        304        156      85.04    303.643    155.919     4.8211     1.5579        495    68.4544    12.6529         80         91        298        309        153        159    75.5555    1.10374
        21         83        317        172     82.623    317.187    172.146      4.843     1.5467        336     47.536    12.4933         78         88        312        322        170        174    52.4939     1.1043
        22        149        365        317    149.052    365.446    317.414     4.8245     1.9586        379    66.7459    12.6824        145        154        361        370        314        321    73.8891    1.10702
        23        303        225        153    302.626    224.706    152.844     4.8036     1.5534        370    50.9341     12.524        298        308        220        230        150        156    56.2229    1.10384
        24        351        200        147    350.462    200.364    145.775     4.8144     1.5721        681    92.8457    12.7868        341        357        193        207        141        149    102.437     1.1033
        25        197        168        124    196.818    168.168    124.613     4.8399     1.6319        477    63.1306    12.6255        191        202        162        175        121        127    69.6323    1.10299
        26        191        233        234    190.993    232.787        234     4.8846     1.5978        111    17.2035    12.0573        186        196        227        240        234        234    19.0054    1.10474
        27        226        238        229    226.132    238.214    229.114     4.7667     1.5268        427    65.6564    12.6315        219        233        233        244        226        231    72.5739    1.10536
        28        273        228        282    272.896    227.844     281.26     4.7063     1.6723        295    49.1013    12.5205        268        278        223        233        277        284    54.2998    1.10587
        29        139        304        241    139.537    303.733    240.923     4.7741     1.5575        214    33.4963    12.3424        134        146        296        310        240        242    37.0265    1.10539
        30        343        289        240    343.558    289.227        240     4.8804     1.6099         72    11.2479     11.874        339        349        286        293        240        240    12.4371    1.10573
        31        286        122        250    285.776     122.15        250     4.8672     1.6326        125     19.835    12.1228        280        291        116        128        250        250    21.9301    1.10563
        32        290        232        223     290.22     231.66    222.966      4.797     1.5313        491    74.8066    12.6886        283        297        226        237        221        225    82.6871    1.10535
        33        145        281        239    145.052    281.105    239.289     4.7818     1.5566        307     47.931     12.498        138        153        276        287        238        240    52.9773    1.10528
        34        321        125        279    320.834    124.661    279.453        4.8     1.7172        201    33.3603    12.3573        316        326        119        131        278        280    36.8991    1.10608
        35        388        372        215    387.743    371.845    215.374     4.7887     1.5171        112    16.8649    12.0401        383        393        368        376        215        216    18.6419    1.10537
        36        344         80        266    343.621     79.566        266     4.8248     1.6696         64    10.4124    11.8467        339        348         76         83        266        266    11.5063    1.10506
        37        192        233        231     191.79    233.546    230.432     4.7015      1.496        285    43.8823    12.4532        188        197        228        241        228        232    48.5301    1.10591
        38        155        215        303    154.616    214.733        303      4.781     1.8366         74    12.7394    11.9512        150        159        210        219        303        303    14.0943    1.10636
        39        313         90        123    312.561     90.324    122.321      4.717     1.5702        106    13.9864    11.9645        309        316         86         94        121        123    15.4253    1.10288
        40        203        203        133    203.304    202.903        133     4.7902      1.585         82     10.975    11.8608        199        208        198        208        133        133    12.1146    1.10383
        41         85        287        155     84.839    286.714    154.756     4.7221     1.5081        202    27.8891    12.2576         81         90        283        291        153        157    30.7815    1.10371
        42        414        115        235    414.421    114.728    234.688     4.6727     1.4902        500    77.5408    12.6998        409        424        108        120        229        238    85.6888    1.10508
        43        184        182        136    183.532    182.385        136     4.7376     1.5507         74     9.9454    11.8144        179        188        178        187        136        136    10.9763    1.10365
        44        119        193        125     119.05    193.146    125.218     4.6743     1.5409        119    15.7618    12.0133        115        123        189        197        124        126    17.3877    1.10316
        45        127        283        240    127.003    283.119    239.955     4.6702     1.5004        240    37.5036    12.3854        121        133        279        288        239        241    41.4603     1.1055
        46        339        137        281    339.118    137.361        281     4.7259     1.6807         26     4.3199    11.4658        337        341        135        140        281        281    4.78451    1.10755
        47        262        193        226    262.121    192.546    225.758      4.662     1.4677         96    14.6961    11.9751        257        267        188        196        225        226    16.2371    1.10486
        48        183        182        134    182.748    182.006        134     4.6895     1.5298         48     6.4417    11.6235        179        186        179        185        134        134    7.10339    1.10272
        49        142        288        246    142.264    288.578    246.398      4.644     1.5038        169    26.6629    12.2376        137        147        282        296        246        247    29.4833    1.10578
        50        217        286        231    216.661    286.507        231     4.6625     1.4771         42     6.4649    11.6194        213        220        283        290        231        231    7.15766    1.10716
        51        184        182        131    183.665    182.321    131.037     4.6571     1.5191        115    15.3492    11.9995        180        188        179        186        130        132    16.9454    1.10399
        52        125        285        232    125.135    284.637    232.299     4.6244     1.4608         52     8.0372    11.7122        122        128        282        287        232        234    8.87939    1.10479
        53        222        235        120    222.264    234.994    120.297     4.6349     1.5308         66      8.686    11.7534        218        226        232        238        120        121    9.57826    1.10272
        54        165        259        259    165.491    258.809    258.869     4.6237      1.532        117    18.8144    12.0892        162        171        255        262        258        260    20.8062    1.10586
        55        225        234        126    224.966     233.73        126     4.6493     1.5258         51     6.7507    11.6434        221        228        230        237        126        126    7.46181    1.10534
        56        238        240        162    237.905    240.453        162     4.6445     1.4584         31     4.3203    11.4424        235        241        238        243        162        162    4.77349     1.1049
        57        143        262        295    143.566    262.394    294.574     4.6436     1.7021         96    16.3138     12.045        141        147        257        267        294        295    18.0491    1.10637
        58        306        328        135    306.205    328.281        135     4.6209     1.4925         64     8.6008    11.7451        301        310        323        334        135        135     9.4821    1.10247
        59        223        235        123    223.291    234.775    123.415     4.6175     1.5149         62     8.1988    11.7267        220        226        232        237        123        124    9.03419    1.10189
        60        339        137        279    338.781    136.686    278.661      4.614     1.6061         32     5.3057    11.5473        337        341        134        139        278        279    5.86769    1.10592
        61        415        115        299    414.712    114.898        299     4.6311     1.7188         39     6.6811     11.659        412        418        112        118        299        299     7.3829    1.10504
        62        124        284        237    123.538    283.695    236.524     4.6137      1.464         80    12.4279    11.9019        119        127        281        286        236        237    13.7494    1.10633
        63        376        203        215    376.509    203.154        215     4.6286     1.4372         38     5.7143    11.5615        373        380        201        206        215        215    6.32025    1.10604
        64        142        304        244    141.914    303.544        244     4.6248     1.4874         37     5.8192    11.5748        139        145        301        306        244        244    6.43252     1.1054
        65        172        282        255    172.177    280.871    255.124     4.5696     1.4916        114    18.2247    12.0711        168        175        271        287        254        256    20.1571    1.10603
        66        140        297        250     140.42    297.796    249.784     4.6055     1.4936         82    13.0054    11.9248        136        144        294        304        249        250    14.3804    1.10573
        67        308        332        129    307.607    331.824    129.388      4.591     1.4887         33      4.397    11.4533        306        310        330        334        129        130    4.85095    1.10324
        68        389        371        212     388.88    370.588        212     4.6064     1.4238         17     2.5473    11.2092        387        391        369        372        212        212    2.81512    1.10514
        69         98        171        179     97.904    170.873    178.701     4.5991     1.4192        110    15.7047    11.9986         93        104        167        175        178        180    17.3473    1.10459
        70        134         45        274    133.898     45.052        274     4.5937     1.5743         20     3.2885    11.3362        132        136         43         47        274        274    3.63971     1.1068
        71        272        196        230    272.222     196.42        230     4.5889     1.4389         24     3.6942    11.3723        269        275        195        198        230        230    4.08432     1.1056
        72        343         80        264    343.136         80    263.685      4.581     1.5267         22     3.5627     11.366        341        345         78         81        263        264    3.94152    1.10633
        73        287        124        254      287.5    124.002        254     4.5904     1.4986         42     6.7013    11.6373        284        291        121        127        254        254     7.4118    1.10602
        74        252         87        214    251.998     87.501        214     4.5843     1.4151         16      2.406    11.1834        250        254         86         89        214        214    2.65854    1.10496
        75        134         45        271    133.911     45.133    271.172     4.5659     1.5476         23     3.7713    11.3929        132        136         43         47        271        272    4.16857    1.10534
        76        288        123        256    288.549    122.726    256.089      4.572     1.4959         33     5.2831    11.5338        286        291        120        125        256        257    5.84491    1.10634
        77        203        204        130    202.915    203.796    130.237     4.5721     1.4774         25     3.3366    11.3322        201        205        202        206        130        131    3.67975    1.10284
        78        168        282        300    168.172    281.826    300.315     4.5655     1.6863         41     7.0255    11.6775        166        171        279        285        300        301    7.77823    1.10714
        79        313         92        116    313.514     92.407    116.566     4.5549     1.4973         37     4.8407     11.496        312        315         91         95        115        118    5.34118    1.10339
        80         94        171        182     94.294    171.461        182     4.5739     1.4051         37     5.3046    11.5257         91         98        169        174        182        182    5.86205    1.10509
        81        297        231        234    297.285    231.501        234      4.583     1.4435         14     2.1698    11.1417        296        299        230        233        234        234    2.39708    1.10475
        82        191        231        225    190.737    231.464    225.131     4.5696     1.4215         15     2.2914    11.1629        189        192        230        233        225        226    2.53409    1.10591
        83        251        220        227    250.706    219.584        227     4.5667      1.423         24     3.6772    11.3685        249        253        217        222        227        227    4.06509    1.10549
        84        347         50        213    346.805     50.193    213.422     4.5572     1.4016         26      3.907    11.3925        344        349         48         52        213        214    4.31531    1.10451
        85        346        288        242    346.001    288.287        242     4.5749     1.4573          7     1.0972     10.847        345        347        287        289        242        242    1.21307     1.1056
        86         79         83        328     79.363     82.908        328     4.5529     1.8379         11     1.9681    11.1402         78         81         82         84        328        328    2.18115    1.10825
        87        303        225        148    302.939    225.265        148     4.5528     1.4346         15     2.0519    11.1164        301        305        224        227        148        148     2.2637    1.10322
        88        290        115        182    290.401    115.448    181.702     4.5393      1.389         20     2.8673    11.2567        289        292        114        117        181        182    3.16767    1.10476
        89        356        184        170    356.435    183.561    169.814     4.5397     1.3986         16     2.2561    11.1537        355        358        182        185        169        170     2.4918    1.10447
        90        269        125        207    268.835    125.084        207     4.5424     1.3899         12     1.7852    11.0511        267        271        124        126        207        207    1.97352    1.10549
        91        298        360        139      298.2    359.802    138.802     4.5411     1.4452          5     0.6746    10.6344        298        299        359        361        138        139   0.744726    1.10395
        92        231        216        200      230.7      215.7        200     4.5408     1.3864         10     1.4751    10.9678        229        232        214        217        200        200    1.62678    1.10282
        93        343        289        237    342.875    288.875        237      4.542     1.4297          8     1.2441    10.8986        342        344        288        290        237        237    1.37615    1.10614
        94        314        172        119    314.002    171.998        119     4.5324     1.4805         13     1.7061    11.0413        312        316        171        173        119        119    1.88342    1.10393
        95        346        288        245    345.797      288.4        245     4.5404     1.4478          5     0.7873    10.7018        345        347        288        289        245        245   0.870454    1.10562
        96         82        318        176     81.799      317.6        176     4.5326     1.3897          5     0.7123     10.652         81         83        317        318        176        176   0.785588    1.10289
        97        288        200        217    288.126    200.126        217     4.5246     1.3897          8     1.2087    10.8817        287        289        199        201        217        217    1.33508    1.10456
        98        291        236        229    291.335    236.111        229     4.5206     1.4042          9     1.3853    10.9425        290        293        235        237        229        229    1.52945    1.10406
        99        339        137        274        339    137.497        274     4.5196     1.5342          2     0.3288     10.332        339        339        137        138        274        274   0.363971    1.10697
       100        298        167        282    298.331    167.334        282     4.5204     1.5692          3        0.5    10.5177        298        299        167        168        282        282   0.552997    1.10599
       101         91        171        137       90.8      170.6        137     4.5175     1.4369          5     0.6729    10.6325         90         92        170        171        137        137   0.742491    1.10342
       102        238        241        165    238.332    240.666        165     4.5182     1.3937          3     0.4203    10.4233        238        239        240        241        165        165   0.463935    1.10382
       103        269        125        205    268.667    124.667        205      4.513     1.3752          3     0.4452    10.4463        268        269        124        125        205        205    0.49192    1.10494
       104        154        210        312      154.5        210        312     4.5159     1.7208          2     0.3494    10.3777        154        155        210        210        312        312   0.386631    1.10656
       105        174        280        267        174      280.5        267     4.5147     1.5042          2     0.3257    10.3246        174        174        280        281        267        267   0.360202    1.10593
