         1        207        294        242    198.722    297.964     242.48     4.7543     1.6211      40873    6410.57    14.6311        114        260        264        346        231        258    7087.07    1.10553
         2        192        146        127    193.612     148.25    126.803     4.6504     1.5686      15727    2087.94    14.1383        163        232        126        190        117        137    2303.45    1.10322
         3        135        238        254     134.91    238.589    253.408     4.8029     1.6669       4161    663.498    13.6507        123        150        225        251        249        258    733.793    1.10595
         4        266        239        229     265.23    241.248    229.512     4.3516     1.3587      18720     2877.8    14.2551        213        308        211        269        218        239    3181.23    1.10544
         5        336        180        119    335.478    180.032      118.4     4.6302      1.576       7280    955.069    13.7994        292        360        158        195        113        124    1053.65    1.10321
         6        411        116        261    410.477    116.092    261.192     4.4176     1.4702       6383    1030.21     13.821        388        426        101        129        255        269    1139.43    1.10602
         7        276        192        224    277.184    186.257    223.909     4.3714     1.3549       8339    1272.49    13.9001        253        297        157        212        217        232     1406.5    1.10531
         8        232        287        280    232.269    286.461    279.694     4.5144     1.5973       2971    493.184    13.5146        220        243        274        299        275        284    545.625    1.10633
         9        251        148        253    250.976    147.339     253.17     4.5761     1.5164       1212    193.207    13.0991        242        259        138        155        251        256     213.68    1.10596
        10        323        285        331    323.149    284.699    330.823     4.5393     1.8817       2940    528.915    13.5738        312        333        273        297        326        336     585.72     1.1074
        11        135        289        171    134.732    289.537    170.535     4.5362     1.4193       3004    423.978    13.4299        124        145        280        301        166        175    468.225    1.10436
        12        172        278        260    172.581    276.748     259.58     4.2561      1.367       6791     1093.1    13.8355        157        186        249        296        253        267    1208.91    1.10595
        13        208         71        284    208.143     70.559    283.789     4.4469     1.5647       1530    255.648    13.2258        200        216         62         79        280        288    282.785    1.10615
        14        238        240        160    238.387    239.876    161.016      4.108     1.2231       1932    269.168    13.2106        228        250        229        251        158        166    297.082     1.1037
        15        170         94        277    170.273     94.315    276.664     4.2758     1.4386       1267    209.352    13.1256        159        180         84        103        271        279    231.568    1.10612
        16        376        204        219    376.305      204.2    219.358     4.3002      1.305       2593    392.898    13.3842        365        387        195        214        215        225     434.24    1.10522
        17        283        323        237    282.811    322.963    237.104     4.4425     1.4005        859    133.649    12.9265        276        290        316        329        234        240    147.758    1.10556
        18         85        298        155     84.689    297.311    155.539     4.2257     1.2791       2481    342.889    13.3221         77         93        280        311        153        159    378.468    1.10376
        19         82        318        173      81.96    317.661    172.649     4.2102     1.2554       1243    175.995    13.0298         73         90        310        326        170        176    194.362    1.10436
        20        148        365        318    148.498    365.307    317.526     4.1976     1.5738       1331    234.436    13.1892        141        156        358        373        313        321    259.532    1.10705
        21        303        224        152    303.517    224.007    152.245     4.1169     1.2346       1832    251.973    13.1833        295        318        215        233        148        156    278.132    1.10382
        22        352        199        145    351.516    199.446    145.018     4.1535      1.262       2789     379.76    13.3646        337        364        188        211        140        149    419.066     1.1035
        23        191        235        231    190.911    234.882    231.306     4.0937     1.2198       2090    322.385    13.2886        181        205        223        251        228        234     356.37    1.10542
        24        272        228        281    272.523    228.182    280.753     4.0831     1.3436       1703    283.184    13.2463        264        282        218        239        277        285    313.242    1.10614
        25        346        288        240    345.941    287.826    238.701     3.9421     1.1635       1446    225.479    13.1268        335        356        279        296        228        246    249.296    1.10563
        26        287        124        254    287.571     123.51    253.933     3.9567     1.2016       2059    328.597    13.2947        277        298        112        134        248        259    363.398    1.10591
        27        326        131        279    327.525     130.35    278.878     4.0067     1.2986       2218    367.683    13.3547        308        344        115        143        274        284    406.785    1.10635
        28        388        371        215    387.452    371.662    214.503     4.1177     1.2122        554    83.3261    12.7001        379        395        365        379        212        216    92.0836     1.1051
        29        343         79        265    343.322     78.947    265.143     4.0557      1.278        614    99.6872    12.7855        336        351         70         85        263        267    110.244     1.1059
        30        155        218        306    154.586    217.895    306.905     3.8592     1.3276       1720     297.95    13.2666        142        162        204        233        302        312    329.751    1.10673
        31        313         92        119    313.255     91.567    119.219     4.0395     1.2479       1058    138.946    12.9263        306        320         83         99        115        123    153.285     1.1032
        32        204        204        130      203.6    203.589    130.281     3.9737     1.1999       1143    152.395    12.9609        195        212        193        211        125        133    168.197    1.10369
        33        416        114        234    415.918     114.17    233.804     4.0587     1.2068       3438    532.334    13.5049        403        430        102        126        229        238    588.399    1.10532
        34        117        193        126    117.301    193.165    126.606     3.9848     1.2101       1211    160.732    12.9852        107        127        185        201        124        131     177.32     1.1032
        35        225        230        125    225.124    227.809    124.824     3.8798     1.1653       2615    346.259    13.3132        214        235        205        244        120        131    381.971    1.10314
        36        142        251        293    141.877    252.942    292.681     3.8669     1.2758       3268    553.493    13.5297        125        154        233        280        287        296    612.515    1.10663
        37        307        330        132    306.494    329.731    132.357     4.0089     1.2114        854    114.265    12.8372        295        313        318        338        129        135    126.061    1.10324
        38        413        115        299    413.669    114.585    300.066      3.819     1.2794        939    160.955    12.9937        406        423        107        123        295        304    178.051    1.10622
        39         98        171        182     97.665    171.066    181.905     3.9724     1.1414       2717    389.858     13.362         83        110        162        180        178        187    430.576    1.10444
        40        135         45        274    134.463     45.394    273.733     3.9238     1.2385        833     137.04    12.9192        128        141         38         53        271        278    151.576    1.10607
        41        252         86        216    251.991     86.448    216.246     3.8875     1.1107        545    82.2001    12.6823        246        258         81         92        213        220    90.8471    1.10519
        42        167        283        302    166.894    283.237    302.703     3.7866     1.2721       2239    385.199    13.3719        154        178        272        297        295        309    426.353    1.10684
        43        191        231        226    190.644    231.523    225.522     3.9839      1.161        305    46.6549    12.4423        184        197        225        239        225        226    51.5649    1.10524
        44        350         51        217    350.312     51.193    216.656     3.8986     1.1149       1908    287.959    13.2273        339        361         42         62        213        220    318.228    1.10512
        45         80         82        330     79.537     82.522    330.031     3.8771     1.4335        690    123.988    12.8975         73         85         78         88        326        335    137.299    1.10735
        46        289        116        181    288.968    115.697    180.725     3.8769     1.1016        832    119.144    12.8424        278        300        108        123        178        182    131.589    1.10445
        47        358        185        169    357.886    185.079    168.535     3.8911     1.1149        737    103.736    12.7839        350        366        178        193        166        170     114.54    1.10415
        48        270        123        205    269.882    123.428    205.139     3.8812     1.1017       1052    156.089    12.9598        262        279        115        131        202        208    172.476    1.10498
        49        298        359        137    298.084    359.023    137.211     3.9106     1.1587        333    44.8365    12.4247        294        302        354        365        135        139    49.4773    1.10351
        50        232        217        199    231.984      216.8    199.245     3.8862     1.1018        624    91.8469    12.7295        224        240        209        223        197        201    101.422    1.10426
        51        298        167        281    298.172    167.377    280.979     3.8292      1.215        617    102.632    12.7909        293        303        161        173        277        285    113.532     1.1062
        52         90        171        136     89.892    171.034    135.449     3.8233     1.1228       1061    142.513    12.9227         82         97        162        181        132        139    157.283    1.10364
        53        106        214        169    105.731    214.177    168.721     3.8284     1.0882       1881    264.853    13.1878         93        116        204        224        164        173    292.417    1.10407
        54        124        275        253    123.739    274.668    252.621     3.8655     1.1544        274     43.603    12.4121        117        130        268        282        252        253    48.2623    1.10686
        55         91        142        190     91.645    141.831    190.772      3.809     1.0697        770    111.883    12.8113         83        103        134        150        189        193    123.593    1.10467
        56        289        268        283    288.852    268.256     282.91     3.9035     1.2585        135    22.5427    12.1376        284        294        262        275        282        283    24.9131    1.10515
        57        169        274        211    169.479    274.203        211     3.9458      1.131        139    20.8028     12.088        164        175        267        281        211        211    22.9949    1.10538
        58        233        109        181    233.294    109.514     181.26     3.8461     1.0875        522    74.8393    12.6388        228        240        102        118        180        183    82.6353    1.10417
        59        108        198        153    107.467    197.723    152.909     3.7839     1.0841        985     135.58    12.8965         95        118        189        205        148        157    149.687    1.10404
        60        277         55        326    276.744     54.599    326.093     3.8424      1.396        770    137.518    12.9384        269        283         47         63        324        329    152.249    1.10712
        61        172        281        293    171.204    280.938    292.422     3.8196       1.25        377    63.8361    12.5887        162        178        273        289        290        293    70.6276    1.10639
        62         81        130        198     80.624    129.647        198     3.8727     1.0959        214     31.414    12.2628         72         88        122        138        198        198    34.7087    1.10488
        63        101        397        285    101.079    397.375    285.258     3.7889     1.2097        868    145.342    12.9414         91        109        390        404        281        289    160.786    1.10626
        64        104        396        309    103.547    395.496    308.716     3.8503     1.3281        583    101.277     12.798         97        110        388        404        307        311    112.097    1.10684
        65        330        287        218     329.71    287.234    217.626     3.8404     1.0909        234    35.3551    12.3135        324        335        281        295        217        219    39.0857    1.10552
        66        104        394        303    104.128    393.589     303.09     3.8036     1.2811        409    70.4176    12.6349         98        111        387        400        302        305    77.9238     1.1066
        67        412        188        218    412.308    187.507    218.362     3.8005     1.0755        155    23.4371    12.1331        407        417        181        193        218        220    25.9194    1.10592
        68        300        125        232    301.091     124.98    232.013      3.776     1.0793        545    84.1385    12.6887        291        313        114        135        229        234     93.033    1.10571
        69        264        247        321    263.937    246.781    321.419     3.7791     1.3412        358    63.4326    12.5963        259        269        238        253        320        324    70.2483    1.10745
        70         70        334        296     69.891    334.092    296.081     3.7491     1.2272       1184    201.646    13.0856         61         77        322        345        292        300    223.108    1.10643
        71        351        187        219    350.551    187.436     219.57     3.7789     1.0669        423    64.1319    12.5693        344        356        182        193        217        222    70.8707    1.10508
        72        277        121        290    277.437    120.836    290.434     3.7409     1.2037        441    74.4295    12.6501        271        284        115        127        288        293    82.3655    1.10662
        73        186        254        237    185.658    254.538     237.08     3.7632      1.081        285    44.3471    12.4108        180        191        247        262        235        238    49.0259     1.1055
        74        277        118        174    277.125     118.26    173.837     3.7737     1.0618        198    28.0634    12.2097        270        284        111        125        173        174    31.0161    1.10522
        75        199        189        171     198.97    189.054    171.329     3.7726     1.0623        468    66.1318    12.5821        189        207        182        197        170        173    73.0296     1.1043
        76        450        111        265     449.77     110.81        265      3.836     1.1707        134    21.7306    12.1116        443        456        105        117        265        265    24.0492     1.1067
        77        318        188        236    317.957    187.523     235.98     3.7759     1.0844        300    46.5973    12.4327        313        323        183        192        234        238    51.5158    1.10555
        78        148        216        235    147.668    216.334    234.568     3.7663     1.0784        592    91.7424    12.7262        142        154        210        222        231        237    101.438    1.10569
        79        413        188        216    413.193    188.166    215.581     3.7583     1.0552        137    20.6429    12.0756        409        417        184        193        215        216    22.8112    1.10504
        80        319        189        242    319.146     189.15    241.384     3.7372     1.0764        200    31.3167    12.2591        315        325        185        193        240        243    34.6244    1.10562
        81        266        107        301    266.417    107.208    300.428     3.7563     1.2466         97    16.6276    12.0041        262        271        104        111        299        301    18.4044    1.10686
        82        171        287        317    170.948    286.639    316.508     3.7215     1.2896        224    39.3807    12.3834        165        176        278        294        316        317    43.6051    1.10727
        83        180        201        168    180.596    200.558     167.51     3.7132     1.0408        304    42.7027    12.3895        171        194        192        208        167        168    47.1888    1.10506
        84        205        155        186    205.235    154.555     186.33     3.7232     1.0351         99     14.295    11.9136        201        210        150        158        186        187    15.7903     1.1046
        85         80        334        279     79.528     334.13    278.914     3.7257     1.1591        931     154.34    12.9616         71         86        326        342        275        282    170.768    1.10644
        86        450        110        247    449.778    110.262    246.547      3.725     1.0804        102    16.1005    11.9707        445        454        106        115        245        247    17.8002    1.10557
        87         84        338        338      83.79    338.183    338.419      3.769     1.4032        145    26.4166    12.2227         79         89        334        343        338        339    29.2484     1.1072
        88        110        312        315    110.124    311.886        315     3.7859     1.3179         90    15.7842    11.9896        105        115        307        316        315        315    17.4813    1.10752
        89        128        448        299    128.295    448.393    298.679     3.7119     1.2182        151    25.8478    12.1924        123        134        443        454        297        299     28.569    1.10528
        90         85        289        151     85.225    288.726    150.726     3.7088     1.0546        118    16.1795    11.9697         81         90        284        295        150        151    17.8778    1.10497
        91        343        125        261    342.697    125.213    260.682     3.6737     1.0874        129    20.8059    12.0829        339        347        122        129        259        262    23.0059    1.10574
        92         98        371        242     97.685    370.579    241.676     3.7149     1.0674        107    16.7658    11.9867         93        103        367        374        241        242     18.534    1.10546
        93        125        318        262    124.842    318.212    261.933     3.6774     1.0916        367    59.2912    12.5382        120        130        313        324        260        264    65.5749    1.10598
        94        412        187        212    412.384    187.446    212.463     3.7401     1.0455        144    21.6007    12.0941        408        416        183        192        212        213    23.8619    1.10468
        95        114        193        133    114.195    192.952        133     3.7464     1.0919         84    11.2427    11.8161        109        119        189        197        133        133    12.4101    1.10383
        96        373        176        111    372.804     176.23        111     3.7341     1.1183         63     8.1964     11.682        369        377        172        181        111        111    9.02126    1.10064
        97        316        191        198    316.087    191.097        198     3.7353     1.0387        124    18.2025    12.0189        311        321        185        199        198        198    20.1116    1.10488
        98        249        415        150    248.841    415.117    150.353     3.6871     1.0458        104    14.2532    11.9136        245        253        411        419        150        151    15.7478    1.10486
        99        283        115        176    283.137    115.104        176     3.7329     1.0429        149    21.2254    12.0862        277        290        109        122        176        176    23.4105    1.10295
       100         97        371        244     97.171    370.733        244     3.7412     1.0821         46     7.2347    11.6235         93        101        368        374        244        244    7.99719    1.10539
       101        229        235        174    228.715    234.819        174     3.7063     1.0334        120    17.0083    11.9888        222        235        230        240        174        174    18.8045    1.10561
       102        330        287        223    330.598    287.068    222.246     3.7203     1.0447        234    35.6385    12.3115        326        337        280        295        221        223    39.3659    1.10459
       103        104         77        131    104.412     76.365    131.064     3.6551     1.0559        235    31.3838    12.2576         99        109         69         83        130        133    34.6303    1.10344
       104        215        228        163    214.591    228.092    163.529      3.666     1.0245        409    57.1664    12.5142        207        222        222        234        162        165    63.1107    1.10398
       105        200        228        266    200.092    228.229        266     3.7184     1.1196         87    14.1544    11.9194        195        205        223        233        266        266    15.6414    1.10506
       106        266        107        297    265.756    107.024        297     3.7175     1.2141         44     7.4996    11.6546        262        269        104        110        297        297    8.30217    1.10702
       107        363         47        257    362.997     46.882    256.634      3.691     1.0855        163    26.1106    12.1813        358        368         40         53        256        257    28.8841    1.10622
       108        128        449        265    128.302    448.645    265.541     3.6505     1.0886        146    23.7116    12.1398        123        134        443        453        265        267    26.2287    1.10615
       109        171        287        150    170.571    286.842     149.69     3.6986     1.0511        178    24.3739    12.1472        164        176        283        292        149        152    26.9234     1.1046
       110        283        121        331    283.118      121.5        331     3.7202     1.3456         74     13.328    11.9192        279        287        117        126        331        331    14.7465    1.10643
       111        348        190        197    348.189    189.982    197.498     3.7065      1.027        192    28.1672    12.2071        343        354        185        195        197        198    31.1246    1.10499
       112        362         48        259    362.551      48.19        259      3.716     1.1015         78    12.5406    11.8647        358        367         44         53        259        259    13.8758    1.10647
       113        171        287        312    170.518    287.342    312.205     3.6596     1.2404        272    47.5132    12.4594        165        176        280        293        311        314    52.5945    1.10695
       114        411        272        144    410.926    272.118    143.885     3.6696     1.0457         68     9.2383    11.7253        409        413        269        275        143        145    10.2042    1.10455
       115         88        136        195     87.583    135.842        195     3.7145     1.0301        137    20.0367    12.0596         80         95        129        143        195        195    22.1305     1.1045
       116        249        415        148    249.098    415.216    147.281       3.64     1.0297        112      15.31    11.9427        245        253        411        419        146        148    16.8842    1.10282
       117        265        107        304    265.292    106.985    304.249     3.6687     1.2157         77    13.2844    11.9031        262        269        104        110        303        305    14.7009    1.10663
       118        147        325        285    146.085    325.046    284.411     3.6151     1.1241        433    72.4345     12.629        134        155        315        333        282        286    80.1003    1.10583
       119        152        285        273    152.529    284.947        273     3.6801     1.1208        128    21.0242    12.0914        146        160        280        290        273        273    23.2641    1.10654
       120        361         49        253    361.094     49.258    252.612     3.6793     1.0719        142    22.5973    12.1169        356        366         44         54        252        253    25.0121    1.10686
       121        284        121        333    284.002    121.002        333     3.6908     1.3367         41     7.4049     11.663        281        287        118        124        333        333    8.19842    1.10716
       122        241        387        246    241.395    387.395      246.5      3.667     1.0552        107    16.8848    11.9883        237        246        384        391        246        247    18.6701    1.10573
       123        307        126        298    307.362    126.215        298     3.6766     1.1975         58      9.916     11.774        303        312        123        130        298        298    10.9617    1.10546
       124         79        335        273     79.452    335.054        273      3.697     1.1283         93    15.2754    11.9535         75         84        330        340        273        273    16.9028    1.10654
       125        171        211        124    171.493    211.011        124     3.6771     1.0746         60     7.9408     11.663        168        175        207        215        124        124    8.74872    1.10174
       126        241        278        335    240.922    277.941        335      3.668     1.3318         40     7.2442    11.6529        238        244        275        281        335        335     8.0227    1.10747
       127        171        211        118     170.95    211.078        118     3.6884     1.0878         44     5.7664    11.5256        168        174        208        214        118        118    6.36368    1.10358
       128        350        189        190    350.131    189.086        190     3.6747     1.0145         64      9.291    11.7239        346        354        185        193        190        190    10.2601    1.10431
       129        121        166        220    121.607    165.809    220.112     3.6703     1.0224        387    58.7142    12.5256        113        133        159        172        219        221    64.8886    1.10516
       130        294        172        336    293.847    172.463        336     3.6818      1.343         32     5.8062    11.5581        291        297        170        175        336        336    6.42784    1.10707
       131        265        189        145     265.21    188.641    144.845     3.6421     1.0332         68     9.2501    11.7243        261        269        185        192        144        145     10.215    1.10432
       132        123        282        291    122.856    281.709        291     3.6543      1.163         69    11.6544    11.8401        118        128        278        285        291        291    12.9016    1.10702
       133         97        370        238     96.977    370.223        238     3.6579     1.0377         39     6.0858     11.543         93        101        368        373        238        238    6.71808    1.10389
       134        295        173        330     294.98    172.481    330.104     3.6091     1.2807         58    10.4218    11.8051        292        297        170        175        329        332    11.5425    1.10754
       135         85        302        150      84.76    302.544    150.035     3.6392     1.0263         54     7.3974    11.6264         81         88        299        306        150        151    8.17235    1.10476
       136        263        247        326    263.037    247.394        326       3.66     1.2926         31     5.5418    11.5322        261        265        244        251        326        326      6.128    1.10578
       137        276        163        257    275.716    163.484        257     3.6527     1.0696         52     8.3332    11.6833        272        279        160        167        257        257    9.21766    1.10614
       138        291         90        136    290.967     90.091        136     3.6434     1.0444         53     7.1231    11.6122        287        295         86         94        136        136    7.86139    1.10365
       139        144        301        320    143.738    301.469    320.216     3.6164     1.2477        235    41.5743    12.4022        139        148        295        308        319        322    46.0204    1.10694
       140        220        229        171    220.254     229.01    170.908     3.6222     1.0014         84    11.8583    11.8283        216        225        225        233        170        171    13.0998     1.1047
       141        117        281        261    116.825     280.43        261     3.6499     1.0772         71    11.4648    11.8228        112        121        276        285        261        261    12.6697     1.1051
       142        298         95        292    298.391     95.226        292     3.6382     1.1586         90    15.2166    11.9554        294        303         90        101        292        292    16.8491    1.10729
       143        316        191        200    316.592     191.02    200.443     3.6239     0.9944        121    17.8487     12.005        312        323        186        196        200        201    19.7014     1.1038
       144        272        125        210    271.853    124.835        210     3.6399     1.0038         36     5.3813    11.4855        269        275        122        128        210        210    5.94395    1.10456
       145        141        269        298    141.268    268.687        298     3.6376     1.1783        182    31.1156    12.2684        135        149        260        276        298        298    34.3972    1.10546
       146        186         44        193    185.605     44.196        193     3.6386     0.9998        102    14.8809    11.9267        180        191         38         50        193        193    16.4269    1.10389
       147        129        450        263     128.54    449.555        263      3.636     1.0758         67    10.8421    11.7984        124        133        446        453        263        263    11.9929    1.10614
       148        235        243        113    234.763    243.668    112.819      3.599     1.0567        246    32.0183    12.2664        229        242        237        252        112        114    35.3236    1.10323
       149        304        114        167    304.501    114.506        167     3.6226     1.0042         44     6.1723    11.5451        301        308        112        117        167        167    6.82607    1.10592
       150        406        189        261    406.396    189.338        261     3.6194     1.0641         94    15.1788    11.9431        401        412        184        194        261        261     16.774    1.10509
       151        121        171        216     121.26    170.747    216.228     3.6025     0.9925        167    25.2085    12.1547        115        128        165        176        216        217    27.8388    1.10434
       152        251        242        155    250.996    241.498        155      3.621     1.0137        133     18.388    12.0203        243        258        237        246        155        155    20.2707    1.10239
       153        169        275        216    169.463    275.225        216     3.6199     0.9992         51     7.6963    11.6403        166        173        271        279        216        216    8.49879    1.10427
       154        418        152        266    417.914    151.788        266     3.6185     1.0754         34     5.5316    11.5061        415        421        149        155        266        266    6.11274    1.10506
       155        141        319        278    140.605     318.59        278     3.6205     1.1077         60     9.9277    11.7639        137        144        314        323        278        278    10.9896    1.10696
       156        204        188        176    204.452    188.402        176     3.6126     0.9946         27     3.8462    11.3385        202        207        186        191        176        176    4.24217    1.10295
       157        214        257        282    214.419    256.574        282     3.6243      1.121         33     5.5002     11.509        212        217        254        259        282        282    6.08296    1.10595
       158        409        190        264    408.441    189.956    263.583     3.6192     1.0699        197    31.8988    12.2664        401        414        184        195        263        264    35.2897     1.1063
       159        414        187        172    414.047    187.332        172     3.6209     1.0001         48     6.7942    11.5863        411        417        183        191        172        172     7.4982    1.10362
       160        170        277        213    170.262    276.888        213     3.6185     0.9968         58     8.7113    11.6938        167        174        272        281        213        213    9.61858    1.10415
       161        195        220        213    195.119    219.982     213.18     3.6003     0.9898         70     10.516    11.7747        192        198        216        225        213        214    11.6128     1.1043
       162        140        125        160    139.771    125.509        160      3.612     1.0055         50     6.9499    11.5968        136        143        122        129        160        160    7.67449    1.10426
       163        449        109        240    449.085    109.315    239.626     3.5909     1.0127         50     7.8077    11.6482        446        452        106        112        239        240    8.63233    1.10562
       164        312        128        227    311.921    128.042        227       3.62     1.0085         25     3.8305    11.3384        310        314        126        131        227        227    4.23447    1.10546
       165        172        287        146      171.9    286.564    146.022      3.612     1.0195         43     5.8665    11.5249        169        175        283        290        146        147    6.47151    1.10313
       166        186        225        309     186.44    224.595        309     3.6088     1.2026         27     4.6942    11.4498        184        189        222        227        309        309     5.1946     1.1066
       167        147        383        339     146.79    383.495        339     3.6125     1.3151         28     5.1037    11.4989        144        149        381        386        339        339    5.65414    1.10785
       168        137        231        300    137.172    230.936        300      3.598     1.1659         91    15.5883    11.9667        132        142        226        236        300        300    17.2549    1.10692
       169        409        188        266    408.872    188.088        266      3.605     1.0695         76    12.3647    11.8547        404        413        184        192        266        266    13.6638    1.10506
       170        354        185        163    354.064    184.627    163.279     3.5938     0.9955         67      9.365    11.7251        351        358        180        189        163        164    10.3329    1.10335
       171        105         76        135    104.483     76.449    135.278      3.587     1.0219        106    14.2454    11.9105        100        108         72         81        135        136    15.7098     1.1028
       172        264        189        140    263.809    188.971    140.025     3.5945     1.0192         38     5.1421    11.4676        261        267        186        192        140        141    5.66851    1.10237
       173        190        227        219    190.264    226.926    218.967     3.5964      0.992         58      8.783    11.6968        187        193        222        232        218        219    9.70692    1.10519
       174        217        256        287    217.101    256.206     286.73      3.582     1.1157         51     8.5593    11.7005        215        220        252        259        286        287    9.46812    1.10618
       175        172        288        144    171.942     288.38        144     3.5834     1.0101         32      4.348    11.3936        169        175        286        291        144        144    4.80252    1.10454
       176        130        448        301    129.643    447.712        301     3.5894     1.1651         39     6.6872    11.5991        127        133        445        451        301        301    7.40704    1.10764
       177        117        279        256     117.47    279.336        256     3.5845     1.0386         50     8.0039    11.6621        114        122        276        282        256        256     8.8552    1.10636
       178        311        216        227    311.199    216.195        227     3.5921     0.9974         45     6.8948    11.5923        308        315        213        220        227        227    7.62205    1.10548
       179        130        228        189    130.069    228.142      188.8     3.5727     0.9745         44     6.3718    11.5552        127        133        226        231        188        189    7.04158    1.10512
       180        227        215        152    226.631    214.841        152     3.5801     1.0003         32     4.4009    11.3977        224        229        212        218        152        152    4.85591    1.10339
       181        344        279        258    344.502    279.281        258     3.5909     1.0454         14     2.2484    11.1115        343        346        278        281        258        258     2.4861    1.10572
       182        153        284        276    153.227    284.359    276.422     3.5805     1.0855         78    12.8849    11.8745        150        157        281        288        276        277    14.2515    1.10606
       183        192        228        237    191.837    228.527        237     3.5851     1.0066         36     5.5986     11.503        189        195        225        232        237        237    6.19267    1.10611
       184        280         65        286    280.457     65.304        286     3.5817     1.1134         26     4.3603    11.4073        278        283         63         68        286        286    4.82101    1.10566
       185        214        228        167    213.848    227.781        167     3.5848     0.9892         72    10.1002    11.7571        208        219        224        231        167        167    11.1699    1.10591
       186        124        450        250    123.802    449.919        250     3.5774     1.0241         25      3.967    11.3555        121        126        448        452        250        250    4.38602    1.10563
       187        127        449        287    127.466     448.87        287     3.5718     1.1119         30     5.0363    11.4697        125        130        446        452        287        287    5.57205    1.10638
       188        135        122        204    135.382    121.905        204     3.5657     0.9724         42     6.2182    11.5444        132        139        119        125        204        204    6.87337    1.10536
       189        176        284        283    175.805    284.279        283     3.5707     1.0995         36     6.0127    11.5452        173        179        281        287        283        283    6.64437    1.10506
       190        129        450        293    129.184    449.998        293     3.5688      1.129         42      7.123    11.6223        125        133        447        453        293        293    7.87597    1.10571
       191        451        117        273    450.755    117.299        273     3.5701     1.0718         20      3.285    11.2793        449        452        115        120        273        273    3.63501    1.10655
       192        176        287        286    176.394    287.223        286     3.5654     1.1059         70    11.7394    11.8365        171        182        283        291        286        286    12.9796    1.10565
       193        146        217        240    146.104    217.484        240     3.5638     1.0022         29     4.5304    11.4105        144        149        215        220        240        240    5.00939    1.10573
       194        172        211        122    171.634     210.53        122     3.5664     1.0304         19     2.5042    11.1565        169        174        209        212        122        122    2.76393    1.10372
       195        414        186        164    414.259    185.996    164.146     3.5545     0.9794         27     3.7782    11.3289        412        417        184        188        164        165    4.16975    1.10363
       196        352        185        193    351.834    184.934        193     3.5625       0.97         30     4.3767    11.3916        350        354        182        188        193        193    4.83144     1.1039
       197        306        116        170    306.159    115.524        170     3.5578     0.9765         19     2.6791    11.1792        304        309        114        117        170        170    2.96017    1.10491
       198        450        109        267    450.504    109.499        267     3.5496      1.048         24     3.9088     11.352        448        453        107        112        267        267    4.32243    1.10582
       199        298         70        328    298.502     70.501        328      3.561     1.2469         14     2.5048    11.1821        297        300         69         72        328        328    2.77601    1.10827
       200        141        318        280    141.083    318.443        280     3.5526     1.0828         25     4.1495    11.3821        139        143        316        321        280        280    4.59268     1.1068
       201        289        267        277    289.287    267.497        277     3.5625      1.079         14     2.3141     11.128        288        291        266        269        277        277    2.55986     1.1062
       202        127        280        299    126.607    280.139        299     3.5532      1.141         36     6.1671    11.5611        124        129        277        283        299        299    6.81499    1.10506
       203        384        207        226      383.7    206.848        226     3.5538     0.9813         20     3.0643    11.2381        381        386        205        209        226        226    3.38433    1.10444
       204        325        207        153     324.87    206.863        153     3.5478     0.9864         15     2.0657    11.0675        323        327        205        209        153        153    2.27992     1.1037
       205        359         52        154    359.324     51.857    154.427     3.5439     0.9835         28     3.8654    11.3393        358        361         50         54        154        155    4.26481    1.10333
       206        155        212        300    154.906    212.426        300     3.5461     1.1409         21     3.5973     11.327        153        157        210        215        300        300    3.98191    1.10692
       207        449        116        262    448.682    115.572        262     3.5465     1.0353         28     4.5212    11.4137        446        451        113        118        262        262    5.00314     1.1066
       208        373        207        196    373.392    206.779        196     3.5488     0.9647         23      3.368    11.2771        371        376        205        209        196        196    3.72095     1.1048
       209        323        207        151    323.435    207.253        151     3.5518     0.9899         16     2.1947    11.0942        322        325        205        209        151        151    2.42525    1.10505
       210        358         53        222    357.618     53.385        222     3.5478     0.9753         13      1.978    11.0473        356        359         52         55        222        222    2.18624    1.10528
       211        411        272        151    411.126    272.438      151.5     3.5429     0.9859         16     2.1976    11.0943        410        412        271        274        151        152     2.4266    1.10421
       212        370        210        177    369.618    209.617        177      3.544     0.9672         13     1.8543    11.0182        368        371        208        211        177        177    2.04572    1.10323
       213        104        206        200     103.95    205.901        200     3.5417     0.9623         20     2.9502    11.2193        102        106        204        208        200        200    3.25355    1.10282
       214        142        300        317    142.348    300.118        317     3.5384     1.1956         26      4.573    11.4376        140        144        297        303        317        317    5.06609    1.10783
       215        291        113        174    290.844    113.314        174     3.5359     0.9656         19      2.693    11.1801        288        293        112        115        174        174    2.97738     1.1056
       216        228        236        178    227.773    236.135        178     3.5337     0.9628         22     3.1381    11.2462        225        231        234        238        178        178    3.46567    1.10439
       217        283        121        329     283.18    120.546        329     3.5414     1.2401         11     1.9718    11.0774        282        285        119        122        329        329    2.18536    1.10831
       218        139        287        182    138.907    287.362        182     3.5269     0.9586         11     1.5771    10.9469        138        140        286        289        182        182    1.74277    1.10505
       219        222        284        229    221.872    284.123        229     3.5316     0.9756          8     1.2314    10.8415        221        223        283        285        229        229    1.35951    1.10404
       220        373        206        200    373.501    206.436        200     3.5319     0.9585         16     2.3601    11.1219        371        376        205        208        200        200    2.60284    1.10285
       221        411        272        149    411.248    272.003        149      3.532     0.9841          4     0.5472    10.4903        411        412        271        273        149        149   0.604332    1.10441
       222        408        187        202    408.502    187.498        202     3.5275     0.9572         12     1.7723    10.9974        407        410        186        189        202        202    1.95798    1.10477
       223        450        116        282        450    116.199        282     3.5243     1.0758         10     1.6667    10.9851        449        451        115        118        282        282    1.84332    1.10597
       224         83        130        147     82.999    130.286        147     3.5248     0.9833          7     0.9575    10.7332         82         84        129        131        147        147    1.05466    1.10147
       225        190        137        113    189.713     137.19        113     3.5222     1.0238         21     2.7326    11.1936        187        192        135        139        113        113    3.01593    1.10369
       226        154        214        296      154.5    213.998        296     3.5231     1.1171          8     1.3608     10.902        153        156        213        215        296        296    1.50763     1.1079
       227        425         99        270    425.412     99.117        270     3.5202     1.0426         17     2.7805    11.2034        424        427         97        101        270        270    3.07508    1.10595
       228        152        146        329    152.501    146.497        329     3.5253     1.2316          4      0.717    10.6371        152        153        146        147        329        329   0.794675    1.10833
       229        342        281        260    341.998    280.834        260     3.5181     1.0191          6     0.9668    10.7418        341        343        280        282        260        260    1.06879    1.10549
       230        202        217        214    202.223    216.555        214     3.5154     0.9571          9     1.3534    10.8802        200        204        216        217        214        214    1.49543    1.10494
       231        129        278        244    128.713    278.429        244     3.5159     0.9889          7     1.1009    10.7945        127        130        278        279        244        244    1.21696    1.10543
       232        128        114        201      128.4    114.201        201     3.5168     0.9529          5     0.7376    10.6161        128        129        113        115        201        201   0.814998    1.10493
       233        128        449        295      128.5    449.499        295     3.5106     1.1082          4     0.6797    10.5995        128        129        449        450        295        295   0.752576    1.10722
       234        127        448        319    127.333    448.332        319     3.5091     1.1878          3     0.5302     10.501        127        128        448        449        319        319   0.586386    1.10597
       235        128        450        271      127.8      450.4        271     3.5068     1.0393          5     0.8195    10.6725        127        129        450        451        271        271   0.906006    1.10556
       236        140         68        176    140.333     68.333        176     3.5086      0.954          3     0.4274    10.3792        140        141         68         69        176        176   0.471353    1.10284
       237        130        446        323      129.8      446.4        323     3.5086     1.2016          5     0.8879    10.7264        129        131        446        447        323        323   0.983421    1.10758
       238        282        123        326      282.5        123        326     3.5093     1.2126          2     0.3575    10.3327        282        283        123        123        326        326   0.395355    1.10589
       239        131        449        291    131.499        449        291     3.5071     1.0943          2     0.3378    10.2942        131        132        449        449        291        291    0.37396    1.10705
       240        182         46        191      182.5       46.5        191     3.5017     0.9468          2     0.2907     10.211        182        183         46         47        191        191   0.321275    1.10518
