#   X     Y     Z      S       D
   317   363   221  3.1288  0.8177
   317   364   221  3.1259  0.8167
   318   364   221  3.1176  0.8137
   318   363   221  3.1146  0.8126
   317   362   221  3.0878  0.8031
   316   363   221  3.0747  0.7984
   318   362   221  3.0684  0.7962
   316   364   221  3.0658  0.7953
   316   362   221  3.0396  0.7860
   318   364   222  2.6105  0.6415
   317   364   222  2.5537  0.6231
   318   364   220  2.4690  0.5953
   316   364   222  2.4547  0.5917
   318   363   222  2.4474  0.5894
   318   363   220  2.4443  0.5876
   317   364   220  2.4366  0.5852
   317   363   220  2.4173  0.5791
   318   362   220  2.3954  0.5723
   317   363   222  2.3922  0.5722
   316   364   220  2.3758  0.5663
   317   362   220  2.3743  0.5658
   316   363   220  2.3621  0.5621
   316   362   220  2.3253  0.5507
   316   363   222  2.2973  0.5430
   318   362   222  2.2536  0.5297
   317   362   222  2.2050  0.5151
   316   362   222  2.1197  0.4898
   317   365   221  3.0781  0.7996
   318   365   221  3.0762  0.7989
   318   365   219  3.0552  0.7903
   318   364   219  3.0507  0.7887
   319   364   221  3.0449  0.7879
   319   363   221  3.0370  0.7851
   317   365   219  3.0337  0.7827
   317   364   219  3.0274  0.7805
   319   364   219  3.0188  0.7775
   319   365   219  3.0182  0.7773
   316   365   221  3.0126  0.7765
   319   365   221  3.0099  0.7756
   317   361   221  3.0033  0.7732
   318   363   219  2.9944  0.7690
   319   362   221  2.9875  0.7677
   318   361   221  2.9798  0.7650
   317   363   219  2.9701  0.7605
   319   363   219  2.9677  0.7597
   316   361   221  2.9609  0.7585
   316   365   219  2.9556  0.7555
   315   363   221  2.9528  0.7556
   316   364   219  2.9510  0.7539
   315   364   221  2.9391  0.7509
   315   362   221  2.9234  0.7455
   319   361   221  2.8973  0.7365
   316   363   219  2.8971  0.7354
   318   362   219  2.8913  0.7334
   315   365   221  2.8825  0.7315
   319   362   219  2.8694  0.7259
   317   362   219  2.8675  0.7253
   315   361   221  2.8513  0.7208
   315   364   219  2.8259  0.7112
   315   365   219  2.8252  0.7110
   317   363   223  2.8045  0.7061
   318   363   223  2.8029  0.7056
   316   362   219  2.7998  0.7024
   317   362   223  2.7914  0.7017
   318   362   223  2.7864  0.7000
   315   363   219  2.7796  0.6956
   318   364   223  2.7735  0.6957
   317   364   223  2.7720  0.6952
   316   363   223  2.7609  0.6915
   319   363   223  2.7592  0.6909
   316   362   223  2.7491  0.6875
   318   361   219  2.7485  0.6853
   319   362   223  2.7374  0.6836
   319   364   223  2.7351  0.6829
   317   361   223  2.7304  0.6813
   319   365   222  2.7304  0.6808
   319   361   219  2.7302  0.6792
   316   364   223  2.7282  0.6806
   317   361   219  2.7266  0.6780
   318   365   222  2.7244  0.6788
   318   361   223  2.7216  0.6784
   318   365   223  2.7020  0.6719
   317   365   223  2.6979  0.6705
   315   362   219  2.6917  0.6665
   316   361   223  2.6906  0.6681
   315   363   223  2.6732  0.6624
   317   365   222  2.6705  0.6610
   319   365   223  2.6689  0.6610
   319   361   223  2.6675  0.6605
   316   361   219  2.6657  0.6580
   315   362   223  2.6605  0.6583
   316   365   223  2.6544  0.6563
   315   364   223  2.6429  0.6525
   319   364   222  2.6211  0.6449
   315   361   223  2.6033  0.6396
   316   365   222  2.5725  0.6292
   315   365   223  2.5724  0.6296
   315   361   219  2.5682  0.6264
   319   365   220  2.4767  0.5978
   319   364   220  2.4729  0.5966
   318   365   220  2.4690  0.5953
   319   363   222  2.4595  0.5932
   319   363   220  2.4434  0.5873
   315   365   222  2.4349  0.5855
   317   365   220  2.4319  0.5837
   319   362   220  2.3890  0.5704
   316   365   220  2.3664  0.5634
   318   361   220  2.3211  0.5494
   315   364   222  2.3183  0.5494
   319   361   220  2.3089  0.5457
   317   361   220  2.3064  0.5450
   315   364   220  2.2863  0.5389
   315   363   220  2.2780  0.5363
   315   365   220  2.2726  0.5347
   316   361   220  2.2636  0.5320
   319   362   222  2.2632  0.5326
   315   362   220  2.2470  0.5270
   315   361   220  2.1914  0.5103
   315   363   222  2.1676  0.5039
   319   361   222  2.0518  0.4699
   318   361   222  2.0486  0.4690
   317   361   222  2.0111  0.4582
   315   362   222  2.0016  0.4554
   318   366   219  3.0049  0.7726
   318   366   221  2.9895  0.7684
   317   366   219  2.9853  0.7658
   317   366   221  2.9850  0.7668
   319   366   219  2.9640  0.7584
   320   364   219  2.9323  0.7475
   319   366   221  2.9306  0.7480
   320   365   219  2.9239  0.7446
   320   364   221  2.9175  0.7435
   316   366   221  2.9150  0.7426
   316   366   219  2.9067  0.7387
   320   363   221  2.9065  0.7397
   317   363   224  2.9056  0.7412
   316   363   224  2.8919  0.7365
   320   363   219  2.8905  0.7331
   320   365   221  2.8878  0.7333
   317   364   224  2.8862  0.7345
   317   362   224  2.8805  0.7325
   317   360   221  2.8760  0.7292
   318   363   224  2.8724  0.7298
   316   364   224  2.8713  0.7294
   316   362   224  2.8699  0.7289
   320   366   219  2.8646  0.7243
   320   362   221  2.8561  0.7225
   318   364   224  2.8547  0.7237
   318   360   221  2.8494  0.7202
   318   362   224  2.8445  0.7203
   316   360   221  2.8394  0.7168
   315   363   224  2.8326  0.7162
   317   365   224  2.8274  0.7145
   320   366   221  2.8158  0.7088
   315   362   224  2.8144  0.7101
   316   365   224  2.8131  0.7096
   315   364   224  2.8110  0.7089
   317   361   224  2.8064  0.7073
   320   362   219  2.8018  0.7031
   316   361   224  2.8011  0.7056
   318   365   224  2.7968  0.7041
   319   363   224  2.7937  0.7031
   315   366   221  2.7833  0.6979
   317   366   218  2.7804  0.6954
   318   366   218  2.7794  0.6951
   318   365   218  2.7790  0.6950
   319   364   224  2.7783  0.6979
   318   366   222  2.7750  0.6956
   319   366   222  2.7746  0.6955
   315   366   219  2.7732  0.6935
   317   365   218  2.7712  0.6923
   314   363   221  2.7688  0.6930
   320   361   221  2.7670  0.6924
   319   360   221  2.7669  0.6924
   318   361   224  2.7666  0.6940
   319   362   224  2.7633  0.6929
   315   365   224  2.7542  0.6898
   314   364   221  2.7526  0.6876
   315   361   224  2.7525  0.6892
   314   362   221  2.7439  0.6847
   319   365   218  2.7381  0.6813
   315   360   221  2.7370  0.6824
   317   366   224  2.7351  0.6834
   318   364   218  2.7345  0.6802
   316   366   218  2.7335  0.6798
   314   363   224  2.7314  0.6822
   319   366   218  2.7305  0.6788
   317   366   222  2.7271  0.6797
   320   366   222  2.7243  0.6788
   319   365   224  2.7230  0.6794
   316   366   224  2.7223  0.6792
   317   364   218  2.7195  0.6752
   314   362   224  2.7182  0.6778
   316   365   218  2.7152  0.6738
   314   364   224  2.7083  0.6745
   318   366   224  2.7049  0.6734
   319   364   218  2.7015  0.6693
   314   365   221  2.6954  0.6687
   320   365   222  2.6863  0.6662
   316   360   224  2.6834  0.6663
   319   361   224  2.6834  0.6663
   317   360   224  2.6816  0.6657
   320   363   223  2.6787  0.6642
   314   361   221  2.6779  0.6629
   320   363   224  2.6737  0.6631
   320   361   219  2.6719  0.6600
   315   366   224  2.6662  0.6607
   314   361   224  2.6646  0.6601
   320   364   223  2.6616  0.6586
   320   364   224  2.6612  0.6590
   314   364   219  2.6584  0.6556
   316   364   218  2.6577  0.6549
   318   363   218  2.6539  0.6537
   314   365   224  2.6528  0.6563
   320   365   218  2.6508  0.6527
   320   362   223  2.6502  0.6549
   314   365   219  2.6491  0.6526
   315   360   224  2.6442  0.6535
   315   366   218  2.6418  0.6498
   320   362   224  2.6417  0.6526
   320   360   221  2.6398  0.6505
   318   360   224  2.6375  0.6512
   320   366   218  2.6369  0.6482
   317   363   218  2.6346  0.6474
   316   366   222  2.6343  0.6492
   319   366   224  2.6337  0.6500
   319   363   218  2.6274  0.6451
   314   363   219  2.6230  0.6441
   320   364   218  2.6223  0.6434
   317   360   223  2.6214  0.6455
   315   365   218  2.6153  0.6412
   320   365   224  2.6096  0.6422
   318   360   223  2.6085  0.6413
   320   365   223  2.6024  0.6393
   314   366   221  2.5982  0.6370
   318   366   223  2.5935  0.6364
   314   366   219  2.5915  0.6339
   317   366   223  2.5871  0.6344
   316   360   223  2.5854  0.6338
   320   364   222  2.5835  0.6327
   320   361   223  2.5746  0.6303
   318   360   219  2.5741  0.6283
   314   360   221  2.5713  0.6283
   316   363   218  2.5711  0.6269
   314   366   224  2.5682  0.6288
   314   360   224  2.5678  0.6287
   319   366   223  2.5651  0.6273
   320   361   224  2.5614  0.6266
   319   360   219  2.5583  0.6232
   320   363   218  2.5566  0.6223
   317   360   219  2.5550  0.6222
   315   364   218  2.5537  0.6214
   319   360   224  2.5526  0.6238
   319   360   223  2.5502  0.6225
   314   362   219  2.5477  0.6199
   318   362   218  2.5472  0.6193
   314   363   223  2.5465  0.6213
   316   366   223  2.5444  0.6206
   314   362   223  2.5313  0.6164
   317   362   218  2.5272  0.6129
   319   362   218  2.5250  0.6122
   320   366   224  2.5249  0.6149
   314   364   223  2.5206  0.6130
   314   366   218  2.5109  0.6077
   320   360   219  2.5084  0.6074
   320   366   223  2.5049  0.6080
   315   360   223  2.5016  0.6070
   316   360   219  2.5014  0.6051
   315   366   222  2.5002  0.6060
   314   365   218  2.4780  0.5974
   314   361   223  2.4742  0.5983
   315   363   218  2.4678  0.5942
   315   366   223  2.4662  0.5958
   316   362   218  2.4661  0.5936
   320   362   218  2.4616  0.5922
   314   365   223  2.4558  0.5925
   320   365   220  2.4536  0.5905
   320   360   223  2.4530  0.5916
   319   366   220  2.4524  0.5901
   320   364   220  2.4473  0.5885
   318   366   220  2.4420  0.5869
   314   361   219  2.4373  0.5850
   320   360   224  2.4320  0.5855
   320   366   220  2.4309  0.5834
   320   363   222  2.4273  0.5831
   318   361   218  2.4245  0.5806
   314   364   218  2.4146  0.5775
   315   360   219  2.4145  0.5779
   320   363   220  2.4143  0.5782
   317   361   218  2.4066  0.5751
   319   361   218  2.4040  0.5742
   317   366   220  2.4016  0.5743
   314   360   223  2.3757  0.5675
   315   362   218  2.3677  0.5630
   314   366   223  2.3559  0.5614
   320   362   220  2.3557  0.5601
   316   361   218  2.3511  0.5579
   320   361   218  2.3459  0.5563
   316   366   220  2.3326  0.5530
   314   363   218  2.3314  0.5519
   314   366   222  2.3283  0.5525
   314   360   219  2.2962  0.5415
   318   360   218  2.2929  0.5402
   317   360   218  2.2791  0.5360
   319   360   218  2.2721  0.5338
   320   361   220  2.2710  0.5342
   314   365   222  2.2623  0.5323
   315   361   218  2.2603  0.5303
   314   362   218  2.2375  0.5234
   315   366   220  2.2359  0.5236
   320   362   222  2.2340  0.5238
   316   360   218  2.2304  0.5213
   318   360   220  2.2197  0.5188
   320   360   218  2.2171  0.5173
   317   360   220  2.2114  0.5163
   319   360   220  2.2017  0.5134
   316   360   220  2.1750  0.5054
   314   364   220  2.1675  0.5032
   314   363   220  2.1638  0.5021
   320   360   220  2.1591  0.5007
   314   365   220  2.1503  0.4981
   314   364   222  2.1498  0.4987
   315   360   218  2.1481  0.4968
   314   361   218  2.1384  0.4940
   314   362   220  2.1380  0.4945
   314   366   220  2.1119  0.4868
   315   360   220  2.1090  0.4860
   314   361   220  2.0881  0.4799
   314   360   218  2.0346  0.4637
   320   361   222  2.0225  0.4614
   314   360   220  2.0114  0.4576
   314   363   222  2.0081  0.4573
   318   367   219  2.9001  0.7364
   317   367   219  2.8816  0.7301
   318   367   221  2.8580  0.7231
   319   367   219  2.8574  0.7218
   317   367   221  2.8475  0.7195
   318   365   225  2.8226  0.7135
   319   365   225  2.8203  0.7127
   318   366   225  2.8122  0.7099
   319   366   225  2.8076  0.7084
   319   367   221  2.8072  0.7059
   316   367   219  2.8031  0.7035
   321   364   219  2.7955  0.7010
   317   365   225  2.7885  0.7019
   318   364   225  2.7844  0.7005
   319   364   225  2.7830  0.7001
   320   365   225  2.7813  0.6995
   317   366   225  2.7803  0.6992
   321   365   219  2.7775  0.6949
   316   367   221  2.7744  0.6949
   320   366   225  2.7661  0.6944
   321   363   219  2.7661  0.6911
   320   367   219  2.7560  0.6878
   318   367   222  2.7551  0.6890
   318   367   225  2.7521  0.6897
   317   364   225  2.7496  0.6889
   319   367   222  2.7483  0.6867
   321   364   221  2.7482  0.6861
   320   364   225  2.7456  0.6875
   319   367   225  2.7451  0.6874
   317   367   218  2.7416  0.6825
   321   363   221  2.7363  0.6822
   318   367   218  2.7315  0.6792
   317   367   225  2.7226  0.6799
   321   365   221  2.7220  0.6775
   316   365   225  2.7183  0.6784
   317   367   222  2.7148  0.6756
   321   366   219  2.7122  0.6733
   316   366   225  2.7117  0.6763
   317   359   221  2.7078  0.6728
   316   367   218  2.7054  0.6705
   321   365   225  2.7051  0.6741
   320   367   221  2.7017  0.6708
   320   367   225  2.7013  0.6728
   318   363   225  2.7000  0.6724
   319   363   225  2.6974  0.6715
   320   367   222  2.6932  0.6685
   321   362   219  2.6913  0.6664
   321   362   221  2.6876  0.6661
   321   366   225  2.6868  0.6680
   316   364   225  2.6791  0.6655
   318   359   221  2.6789  0.6632
   316   359   221  2.6766  0.6625
   319   367   218  2.6762  0.6610
   321   364   225  2.6724  0.6633
   315   367   219  2.6686  0.6589
   317   363   225  2.6669  0.6614
   320   363   225  2.6599  0.6591
   321   366   221  2.6566  0.6560
   316   367   225  2.6561  0.6579
   315   367   221  2.6431  0.6516
   316   367   222  2.6298  0.6477
   321   366   222  2.6248  0.6461
   315   367   218  2.6246  0.6442
   321   367   225  2.6200  0.6461
   317   367   224  2.6143  0.6437
   315   365   225  2.6127  0.6437
   315   366   225  2.6066  0.6418
   316   367   224  2.6033  0.6401
   321   361   221  2.6024  0.6383
   321   367   219  2.6021  0.6373
   316   363   225  2.5983  0.6391
   319   359   221  2.5978  0.6368
   313   363   224  2.5938  0.6370
   321   365   222  2.5929  0.6357
   321   367   222  2.5910  0.6351
   321   363   225  2.5887  0.6359
   313   362   224  2.5868  0.6348
   318   367   224  2.5847  0.6341
   315   359   221  2.5822  0.6318
   320   367   218  2.5793  0.6296
   321   361   219  2.5757  0.6288
   315   364   225  2.5743  0.6313
   318   362   225  2.5730  0.6309
   313   364   224  2.5680  0.6287
   321   363   223  2.5672  0.6279
   319   362   225  2.5668  0.6289
   321   364   223  2.5578  0.6249
   321   367   221  2.5522  0.6222
   315   367   225  2.5520  0.6241
   315   367   224  2.5507  0.6232
   317   362   225  2.5440  0.6215
   313   361   224  2.5430  0.6207
   313   363   221  2.5316  0.6156
   321   362   223  2.5315  0.6165
   320   362   225  2.5273  0.6162
   321   365   218  2.5220  0.6113
   321   363   224  2.5196  0.6132
   316   359   224  2.5179  0.6127
   319   367   224  2.5166  0.6122
   313   364   221  2.5156  0.6105
   313   365   224  2.5131  0.6111
   321   364   224  2.5097  0.6100
   313   362   221  2.5090  0.6084
   317   359   224  2.5080  0.6095
   321   365   223  2.5062  0.6084
   321   366   218  2.5040  0.6056
   314   367   218  2.5034  0.6054
   315   367   222  2.5026  0.6068
   321   364   218  2.5011  0.6046
   321   364   222  2.4988  0.6056
   315   363   225  2.4964  0.6063
   315   359   224  2.4899  0.6038
   321   362   224  2.4870  0.6028
   314   367   219  2.4848  0.5999
   321   360   221  2.4808  0.5995
   316   362   225  2.4801  0.6011
   320   359   221  2.4755  0.5978
   314   365   225  2.4732  0.5990
   317   359   223  2.4671  0.5960
   314   366   225  2.4660  0.5967
   314   367   221  2.4627  0.5938
   321   365   224  2.4623  0.5950
   313   365   221  2.4615  0.5934
   318   359   224  2.4594  0.5941
   313   360   224  2.4589  0.5940
   314   367   224  2.4572  0.5934
   321   362   225  2.4571  0.5939
   313   364   219  2.4554  0.5907
   318   367   223  2.4530  0.5916
   318   359   223  2.4503  0.5908
   321   361   223  2.4500  0.5907
   313   361   221  2.4479  0.5891
   321   367   218  2.4467  0.5875
   317   367   223  2.4452  0.5892
   321   363   218  2.4447  0.5869
   314   364   225  2.4374  0.5877
   316   359   223  2.4358  0.5862
   313   365   219  2.4352  0.5843
   313   363   219  2.4334  0.5838
   313   366   224  2.4316  0.5854
   319   367   223  2.4286  0.5840
   314   359   224  2.4269  0.5839
   321   360   219  2.4259  0.5814
   314   359   221  2.4258  0.5822
   321   366   223  2.4160  0.5800
   320   367   224  2.4130  0.5796
   314   367   225  2.4112  0.5795
   321   361   224  2.4083  0.5781
   318   361   225  2.4076  0.5783
   316   367   223  2.4039  0.5763
   321   365   220  2.3984  0.5733
   319   367   220  2.3964  0.5727
   319   361   225  2.3963  0.5748
   321   364   220  2.3912  0.5710
   319   359   223  2.3891  0.5716
   313   363   223  2.3888  0.5716
   317   361   225  2.3850  0.5713
   318   367   220  2.3848  0.5691
   315   362   225  2.3835  0.5708
   321   366   224  2.3833  0.5703
   318   359   219  2.3766  0.5661
   321   366   220  2.3760  0.5663
   320   367   220  2.3755  0.5662
   320   367   223  2.3741  0.5670
   319   359   224  2.3741  0.5674
   313   362   219  2.3725  0.5649
   313   366   221  2.3704  0.5650
   313   366   219  2.3703  0.5642
   313   362   223  2.3702  0.5658
   313   364   223  2.3684  0.5652
   314   363   225  2.3640  0.5648
   319   359   219  2.3627  0.5619
   317   359   219  2.3604  0.5611
   321   362   218  2.3592  0.5604
   315   359   223  2.3575  0.5619
   321   363   220  2.3567  0.5604
   320   361   225  2.3538  0.5616
   321   363   222  2.3523  0.5598
   313   360   221  2.3487  0.5583
   313   366   218  2.3473  0.5567
   313   367   218  2.3467  0.5566
   317   367   220  2.3428  0.5561
   314   367   222  2.3357  0.5547
   313   359   224  2.3327  0.5547
   315   367   223  2.3302  0.5534
   316   361   225  2.3281  0.5537
   313   367   224  2.3252  0.5524
   321   360   223  2.3245  0.5517
   321   359   221  2.3241  0.5508
   321   367   220  2.3205  0.5493
   320   359   219  2.3200  0.5488
   316   359   219  2.3136  0.5468
   313   361   223  2.3126  0.5481
   313   365   218  2.3111  0.5457
   313   365   223  2.3105  0.5474
   313   365   225  2.3026  0.5459
   321   362   220  2.2958  0.5418
   313   366   225  2.2924  0.5428
   321   367   223  2.2918  0.5417
   320   359   223  2.2898  0.5411
   321   361   225  2.2840  0.5402
   321   360   224  2.2828  0.5394
   321   367   224  2.2783  0.5380
   313   361   219  2.2765  0.5355
   316   367   220  2.2723  0.5346
   313   364   225  2.2714  0.5364
   313   367   219  2.2608  0.5308
   314   362   225  2.2581  0.5323
   320   359   224  2.2566  0.5314
   321   361   218  2.2517  0.5277
   321   359   219  2.2497  0.5274
   313   364   218  2.2484  0.5267
   313   367   221  2.2441  0.5265
   315   361   225  2.2395  0.5267
   314   359   223  2.2374  0.5252
   315   359   219  2.2362  0.5234
   313   367   225  2.2361  0.5257
   314   367   223  2.2268  0.5220
   313   366   223  2.2186  0.5196
   313   360   223  2.2167  0.5190
   313   359   221  2.2131  0.5172
   318   360   225  2.2098  0.5178
   321   361   220  2.2085  0.5154
   313   363   225  2.2048  0.5162
   317   360   225  2.1947  0.5132
   319   360   225  2.1930  0.5127
   315   367   220  2.1749  0.5054
   313   363   218  2.1693  0.5031
   321   362   222  2.1681  0.5041
   321   359   223  2.1600  0.5021
   318   359   218  2.1553  0.4990
   313   360   219  2.1487  0.4973
   320   360   225  2.1476  0.4992
   316   360   225  2.1466  0.4989
   317   359   218  2.1458  0.4962
   319   359   218  2.1329  0.4924
   313   367   222  2.1319  0.4934
   314   359   219  2.1288  0.4915
   321   360   218  2.1287  0.4911
   314   361   225  2.1233  0.4920
   313   366   222  2.1222  0.4905
   321   359   224  2.1137  0.4888
   313   362   225  2.1077  0.4874
   316   359   218  2.1037  0.4838
   313   367   223  2.0983  0.4839
   321   360   220  2.0941  0.4816
   318   359   220  2.0900  0.4804
   317   359   220  2.0878  0.4798
   313   359   223  2.0841  0.4797
   313   362   218  2.0819  0.4774
   320   359   218  2.0790  0.4766
   321   360   225  2.0788  0.4789
   315   360   225  2.0681  0.4758
   319   359   220  2.0665  0.4736
   313   365   222  2.0585  0.4719
   316   359   220  2.0575  0.4709
   314   367   220  2.0515  0.4692
   315   359   218  2.0290  0.4621
   320   359   220  2.0197  0.4600
   313   364   220  2.0189  0.4598
   313   363   220  2.0186  0.4597
   318   368   219  2.7445  0.6839
   317   368   219  2.7259  0.6778
   319   368   219  2.7025  0.6701
   318   368   221  2.6854  0.6654
   317   368   221  2.6694  0.6601
   318   368   222  2.6658  0.6594
   317   368   218  2.6536  0.6536
   319   368   222  2.6535  0.6554
   316   368   219  2.6477  0.6521
   318   368   225  2.6437  0.6538
   319   368   221  2.6432  0.6516
   318   368   218  2.6361  0.6479
   319   368   225  2.6351  0.6510
   317   368   222  2.6333  0.6488
   316   368   218  2.6277  0.6452
   322   364   219  2.6160  0.6418
   317   368   225  2.6158  0.6447
   320   368   219  2.6026  0.6375
   322   363   219  2.6007  0.6369
   320   368   222  2.5961  0.6368
   316   368   221  2.5947  0.6358
   322   365   225  2.5914  0.6368
   320   368   225  2.5905  0.6365
   322   365   219  2.5877  0.6327
   319   368   218  2.5771  0.6288
   322   366   225  2.5693  0.6297
   322   364   225  2.5636  0.6278
   315   368   218  2.5587  0.6229
   316   368   222  2.5572  0.6243
   316   368   225  2.5507  0.6237
   322   364   221  2.5501  0.6215
   320   368   221  2.5487  0.6210
   322   362   219  2.5427  0.6183
   322   363   221  2.5397  0.6182
   322   365   221  2.5257  0.6137
   322   366   219  2.5168  0.6100
   315   368   219  2.5140  0.6091
   321   368   225  2.5092  0.6104
   317   358   221  2.5021  0.6062
   322   367   225  2.5006  0.6077
   321   368   222  2.4952  0.6045
   322   362   221  2.4949  0.6039
   322   363   225  2.4850  0.6027
   320   368   218  2.4807  0.5982
   322   366   222  2.4799  0.5996
   316   358   221  2.4764  0.5981
   318   358   221  2.4717  0.5966
   317   368   224  2.4701  0.5975
   315   368   221  2.4661  0.5948
   322   366   221  2.4658  0.5948
   316   368   224  2.4603  0.5944
   322   365   222  2.4541  0.5915
   321   368   219  2.4515  0.5894
   314   368   218  2.4489  0.5882
   315   368   225  2.4476  0.5909
   322   367   222  2.4455  0.5888
   322   361   219  2.4451  0.5874
   318   368   224  2.4417  0.5885
   315   368   222  2.4390  0.5868
   322   363   223  2.4292  0.5842
   322   364   223  2.4273  0.5835
   312   362   224  2.4266  0.5838
   312   363   224  2.4263  0.5837
   322   361   221  2.4156  0.5790
   321   368   221  2.4117  0.5778
   315   368   224  2.4110  0.5789
   322   367   219  2.4062  0.5753
   312   364   224  2.3968  0.5745
   312   361   224  2.3933  0.5734
   319   358   221  2.3933  0.5721
   322   368   225  2.3910  0.5731
   315   358   221  2.3905  0.5712
   322   362   223  2.3868  0.5709
   322   365   223  2.3831  0.5698
   319   368   224  2.3772  0.5684
   322   367   221  2.3709  0.5652
   322   364   222  2.3707  0.5655
   322   362   225  2.3584  0.5630
   322   365   218  2.3583  0.5601
   322   368   222  2.3548  0.5606
   321   368   218  2.3527  0.5584
   322   364   218  2.3432  0.5555
   312   365   224  2.3414  0.5573
   322   363   224  2.3399  0.5569
   322   366   218  2.3390  0.5542
   322   364   224  2.3317  0.5543
   314   368   219  2.3315  0.5523
   312   360   224  2.3224  0.5515
   314   368   224  2.3219  0.5513
   322   360   219  2.3129  0.5466
   322   365   220  2.3108  0.5463
   316   358   224  2.3098  0.5476
   322   362   224  2.3081  0.5471
   314   368   225  2.3069  0.5472
   319   368   220  2.3054  0.5447
   322   364   220  2.3046  0.5444
   313   368   218  2.3018  0.5428
   322   360   221  2.3016  0.5439
   322   366   223  2.3002  0.5443
   322   361   223  2.3000  0.5442
   322   363   218  2.2960  0.5411
   318   368   220  2.2943  0.5413
   315   358   224  2.2934  0.5426
   314   368   221  2.2928  0.5412
   317   358   224  2.2920  0.5422
   322   365   224  2.2882  0.5410
   322   366   220  2.2873  0.5392
   318   368   223  2.2867  0.5402
   322   367   218  2.2853  0.5379
   320   368   220  2.2841  0.5382
   314   368   222  2.2800  0.5377
   320   368   224  2.2796  0.5384
   317   368   223  2.2785  0.5377
   320   358   221  2.2774  0.5365
   317   358   223  2.2730  0.5360
   322   363   220  2.2709  0.5342
   319   368   223  2.2651  0.5336
   312   366   224  2.2621  0.5331
   322   368   219  2.2601  0.5306
   318   358   223  2.2534  0.5300
   317   368   220  2.2529  0.5287
   312   363   221  2.2508  0.5285
   316   358   223  2.2465  0.5280
   314   358   221  2.2449  0.5267
   314   358   224  2.2443  0.5277
   322   368   221  2.2440  0.5264
   316   368   223  2.2399  0.5260
   318   358   224  2.2398  0.5264
   312   364   221  2.2383  0.5247
   322   363   222  2.2380  0.5250
   322   361   224  2.2328  0.5242
   322   367   220  2.2313  0.5223
   321   368   220  2.2289  0.5215
   312   362   221  2.2282  0.5217
   312   364   219  2.2244  0.5198
   322   362   218  2.2208  0.5184
   312   363   219  2.2165  0.5175
   320   368   223  2.2154  0.5186
   322   366   224  2.2151  0.5189
   312   359   224  2.2108  0.5176
   322   362   220  2.2104  0.5160
   312   363   223  2.2088  0.5166
   322   368   218  2.1999  0.5122
   313   368   224  2.1950  0.5129
   312   364   223  2.1940  0.5122
   312   365   219  2.1923  0.5102
   312   365   221  2.1912  0.5106
   319   358   223  2.1910  0.5113
   322   361   225  2.1902  0.5119
   312   362   223  2.1868  0.5101
   316   368   220  2.1835  0.5080
   322   367   223  2.1832  0.5090
   315   358   223  2.1747  0.5064
   315   368   223  2.1716  0.5055
   322   360   223  2.1715  0.5055
   312   362   219  2.1706  0.5038
   312   361   221  2.1705  0.5045
   313   358   224  2.1652  0.5040
   318   358   219  2.1643  0.5019
   312   367   224  2.1599  0.5024
   312   367   218  2.1595  0.5002
   312   366   218  2.1568  0.4994
   319   358   224  2.1554  0.5011
   322   359   221  2.1541  0.4996
   322   359   219  2.1528  0.4985
   321   368   224  2.1525  0.5002
   319   358   219  2.1522  0.4984
   317   358   219  2.1503  0.4978
   312   365   223  2.1433  0.4971
   322   368   220  2.1401  0.4951
   321   368   223  2.1393  0.4959
   321   358   221  2.1353  0.4940
   313   368   225  2.1316  0.4944
   312   361   223  2.1285  0.4928
   322   361   220  2.1233  0.4902
   322   361   218  2.1229  0.4894
   312   365   218  2.1209  0.4888
   312   368   218  2.1209  0.4888
   312   366   219  2.1195  0.4887
   322   367   224  2.1174  0.4899
   320   358   219  2.1156  0.4876
   322   360   224  2.1134  0.4887
   312   366   221  2.1105  0.4867
   313   368   219  2.1099  0.4859
   316   358   219  2.1087  0.4856
   312   365   225  2.1042  0.4864
   320   358   223  2.0921  0.4820
   312   366   225  2.0898  0.4821
   312   361   219  2.0890  0.4798
   315   368   220  2.0880  0.4798
   313   368   221  2.0858  0.4795
   313   368   222  2.0827  0.4789
   312   364   225  2.0796  0.4791
   312   360   221  2.0782  0.4773
   314   368   223  2.0762  0.4774
   322   362   222  2.0686  0.4748
   314   358   223  2.0623  0.4733
   312   364   218  2.0614  0.4715
   312   366   223  2.0600  0.4727
   312   358   224  2.0582  0.4725
   321   358   219  2.0554  0.4700
   313   358   221  2.0446  0.4675
   320   358   224  2.0431  0.4681
   315   358   219  2.0387  0.4652
   322   368   223  2.0381  0.4663
   312   360   223  2.0350  0.4654
   312   368   224  2.0346  0.4656
   312   367   225  2.0314  0.4651
   312   363   225  2.0217  0.4623
   318   358   218  2.0097  0.4566
   322   360   220  2.0091  0.4570
   312   367   219  2.0076  0.4562
   322   360   218  2.0075  0.4559
   322   359   223  2.0069  0.4573
   317   358   218  2.0037  0.4548
   322   368   224  2.0001  0.4557
   318   369   219  2.5455  0.6191
   317   369   219  2.5255  0.6128
   317   369   218  2.5199  0.6106
   318   369   222  2.5162  0.6112
   319   369   219  2.5065  0.6068
   316   369   218  2.5021  0.6050
   319   369   222  2.5003  0.6061
   318   369   218  2.4979  0.6036
   318   369   225  2.4912  0.6047
   317   369   222  2.4906  0.6030
   319   369   225  2.4830  0.6021
   318   369   221  2.4793  0.5990
   317   369   225  2.4636  0.5959
   317   369   221  2.4583  0.5924
   316   369   219  2.4478  0.5883
   319   369   221  2.4462  0.5886
   315   369   218  2.4437  0.5866
   320   369   222  2.4435  0.5882
   323   365   225  2.4408  0.5888
   320   369   225  2.4395  0.5883
   319   369   218  2.4387  0.5850
   316   369   222  2.4233  0.5819
   323   364   225  2.4200  0.5822
   323   366   225  2.4141  0.5804
   320   369   219  2.4114  0.5769
   323   364   219  2.4042  0.5747
   323   363   219  2.4030  0.5743
   316   369   225  2.3989  0.5756
   316   369   221  2.3831  0.5689
   323   365   219  2.3664  0.5630
   320   369   221  2.3642  0.5631
   323   362   219  2.3626  0.5618
   321   369   225  2.3609  0.5638
   323   363   225  2.3499  0.5604
   321   369   222  2.3480  0.5585
   320   369   218  2.3467  0.5566
   314   369   218  2.3453  0.5561
   323   367   225  2.3441  0.5586
   323   364   221  2.3344  0.5539
   323   363   221  2.3270  0.5516
   315   369   219  2.3166  0.5477
   315   369   222  2.3148  0.5483
   323   365   221  2.3103  0.5465
   317   369   224  2.3069  0.5467
   316   369   224  2.2972  0.5438
   323   366   222  2.2965  0.5427
   315   369   225  2.2961  0.5439
   323   366   219  2.2913  0.5400
   323   362   221  2.2875  0.5396
   323   361   219  2.2845  0.5379
   318   369   224  2.2805  0.5387
   323   365   222  2.2764  0.5366
   323   364   223  2.2721  0.5357
   323   363   223  2.2677  0.5344
   321   369   219  2.2671  0.5327
   317   357   221  2.2650  0.5328
   323   367   222  2.2638  0.5328
   315   369   221  2.2588  0.5309
   323   366   221  2.2549  0.5297
   315   369   224  2.2499  0.5294
   322   369   225  2.2471  0.5290
   316   357   221  2.2444  0.5266
   311   362   224  2.2439  0.5276
   321   369   221  2.2424  0.5259
   323   368   225  2.2370  0.5259
   311   363   224  2.2361  0.5252
   323   365   223  2.2347  0.5244
   318   357   221  2.2338  0.5234
   323   362   225  2.2326  0.5246
   321   369   218  2.2274  0.5204
   311   361   224  2.2208  0.5206
   319   369   224  2.2205  0.5205
   323   362   223  2.2199  0.5199
   322   369   222  2.2179  0.5190
   323   361   221  2.2153  0.5178
   313   369   218  2.2089  0.5149
   323   364   222  2.2051  0.5151
   311   364   224  2.2020  0.5150
   323   365   220  2.1923  0.5106
   323   364   220  2.1890  0.5096
   323   367   219  2.1820  0.5072
   323   368   222  2.1818  0.5082
   319   369   220  2.1774  0.5061
   323   360   219  2.1721  0.5042
   323   367   221  2.1695  0.5042
   318   369   220  2.1686  0.5035
   315   357   221  2.1675  0.5035
   323   365   218  2.1667  0.5023
   323   366   220  2.1667  0.5030
   314   369   222  2.1657  0.5034
   314   369   224  2.1643  0.5037
   311   360   224  2.1621  0.5031
   319   357   221  2.1592  0.5011
   323   366   223  2.1589  0.5017
   323   363   220  2.1583  0.5005
   314   369   225  2.1559  0.5016
   323   364   218  2.1550  0.4989
   320   369   220  2.1546  0.4994
   323   366   218  2.1492  0.4971
   311   365   224  2.1451  0.4980
   323   363   224  2.1433  0.4975
   314   369   219  2.1390  0.4945
   323   364   224  2.1354  0.4951
   317   369   220  2.1304  0.4922
   320   369   224  2.1294  0.4934
   323   361   223  2.1292  0.4930
   323   363   218  2.1152  0.4872
   323   362   224  2.1137  0.4888
   323   367   220  2.1100  0.4862
   323   360   221  2.1099  0.4865
   323   367   218  2.1027  0.4835
   318   369   223  2.1018  0.4849
   323   362   220  2.1011  0.4836
   323   369   225  2.0995  0.4850
   321   369   220  2.0994  0.4831
   317   369   223  2.0948  0.4828
   323   365   224  2.0947  0.4832
   314   369   221  2.0944  0.4820
   322   369   221  2.0918  0.4813
   323   363   222  2.0892  0.4808
   322   369   218  2.0870  0.4789
   322   369   219  2.0848  0.4786
   319   369   223  2.0819  0.4790
   323   361   225  2.0743  0.4776
   316   357   224  2.0687  0.4756
   311   366   224  2.0672  0.4751
   316   369   220  2.0650  0.4731
   311   359   224  2.0640  0.4742
   315   357   224  2.0624  0.4737
   316   369   223  2.0602  0.4727
   323   369   222  2.0599  0.4723
   323   368   221  2.0570  0.4711
   320   357   221  2.0511  0.4694
   323   362   218  2.0497  0.4681
   323   367   223  2.0494  0.4696
   317   357   223  2.0469  0.4689
   317   357   224  2.0444  0.4685
   323   361   224  2.0432  0.4682
   323   368   219  2.0427  0.4664
   313   369   224  2.0418  0.4677
   312   369   218  2.0366  0.4643
   320   369   223  2.0361  0.4657
   314   357   221  2.0340  0.4644
   323   359   219  2.0304  0.4628
   323   368   218  2.0290  0.4621
   323   366   224  2.0266  0.4633
   318   357   223  2.0262  0.4629
   314   357   224  2.0262  0.4632
   316   357   223  2.0244  0.4623
   323   368   220  2.0199  0.4601
   323   361   220  2.0171  0.4593
   311   363   223  2.0141  0.4594
   322   369   220  2.0121  0.4578
   321   369   224  2.0104  0.4586
   311   364   223  2.0040  0.4565
   317   370   218  2.3478  0.5569
   316   370   218  2.3347  0.5529
   318   370   218  2.3250  0.5499
   318   370   222  2.3225  0.5507
   318   370   219  2.3136  0.5468
   319   370   222  2.3054  0.5455
   318   370   225  2.3022  0.5457
   317   370   222  2.3019  0.5444
   319   370   225  2.2962  0.5439
   317   370   219  2.2916  0.5401
   315   370   218  2.2840  0.5374
   319   370   219  2.2794  0.5364
   317   370   225  2.2732  0.5369
   319   370   218  2.2695  0.5331
   320   370   225  2.2562  0.5318
   324   365   225  2.2558  0.5316
   320   370   222  2.2522  0.5293
   318   370   221  2.2514  0.5287
   324   364   225  2.2433  0.5278
   316   370   222  2.2423  0.5263
   319   370   221  2.2280  0.5216
   317   370   221  2.2253  0.5208
   324   366   225  2.2242  0.5221
   316   370   219  2.2147  0.5169
   316   370   225  2.2078  0.5171
   314   370   218  2.1952  0.5108
   320   370   219  2.1916  0.5100
   320   370   218  2.1855  0.5079
   324   363   225  2.1844  0.5101
   321   370   225  2.1828  0.5097
   324   363   219  2.1828  0.5074
   324   364   219  2.1719  0.5042
   321   370   222  2.1657  0.5034
   320   370   221  2.1598  0.5013
   324   362   219  2.1584  0.5002
   324   367   225  2.1538  0.5010
   316   370   221  2.1500  0.4984
   315   370   222  2.1431  0.4967
   317   370   224  2.1283  0.4931
   324   365   219  2.1269  0.4909
   316   370   224  2.1171  0.4898
   324   364   221  2.1079  0.4860
   318   370   224  2.1053  0.4863
   315   370   225  2.1050  0.4866
   324   363   221  2.1041  0.4849
   324   361   219  2.0990  0.4827
   324   364   223  2.0938  0.4825
   315   370   219  2.0877  0.4794
   324   363   223  2.0845  0.4798
   324   366   222  2.0842  0.4794
   324   365   221  2.0837  0.4789
   324   362   225  2.0801  0.4793
   321   370   218  2.0782  0.4763
   322   370   225  2.0766  0.4782
   324   362   221  2.0706  0.4751
   315   370   224  2.0700  0.4760
   313   370   218  2.0689  0.4737
   324   365   222  2.0685  0.4748
   324   365   223  2.0621  0.4733
   321   370   219  2.0573  0.4706
   324   367   222  2.0553  0.4710
   321   370   221  2.0551  0.4706
   324   368   225  2.0509  0.4707
   319   370   224  2.0505  0.4703
   322   370   222  2.0502  0.4695
   324   366   219  2.0500  0.4685
   324   364   220  2.0473  0.4680
   324   365   220  2.0464  0.4677
   310   362   224  2.0441  0.4684
   324   362   223  2.0331  0.4649
   324   366   221  2.0329  0.4641
   315   370   221  2.0305  0.4634
   310   361   224  2.0297  0.4642
   310   363   224  2.0297  0.4642
   324   363   220  2.0218  0.4606
   324   366   220  2.0180  0.4595
   319   370   220  2.0128  0.4580
   324   364   222  2.0093  0.4576
   318   370   220  2.0084  0.4568
   324   360   219  2.0063  0.4559
   324   361   221  2.0058  0.4563
   314   370   222  2.0043  0.4562
   317   356   221  2.0043  0.4559
   317   371   218  2.1473  0.4966
   316   371   218  2.1347  0.4929
   318   371   218  2.1278  0.4909
   318   371   222  2.1048  0.4854
   319   371   222  2.0892  0.4809
   315   371   218  2.0877  0.4791
   317   371   222  2.0866  0.4801
   318   371   225  2.0865  0.4812
   319   371   225  2.0843  0.4805
   319   371   218  2.0795  0.4767
   318   371   219  2.0615  0.4718
   317   371   225  2.0550  0.4719
   320   371   225  2.0498  0.4704
   320   371   222  2.0424  0.4672
   325   365   225  2.0412  0.4679
   317   371   219  2.0373  0.4648
   325   364   225  2.0373  0.4668
   319   371   219  2.0330  0.4635
   316   371   222  2.0326  0.4644
   318   371   221  2.0153  0.4591
   320   371   218  2.0065  0.4556
   325   366   225  2.0057  0.4576
   314   371   218  2.0053  0.4553
   319   371   221  2.0025  0.4554
