#   X     Y     Z      S       D
   345   279   258  3.6740  1.0805
   344   279   258  3.6661  1.0772
   344   280   258  3.6361  1.0644
   345   280   258  3.6327  1.0630
   345   278   258  3.6221  1.0585
   344   278   258  3.6049  1.0512
   346   279   258  3.6027  1.0503
   346   280   258  3.5616  1.0330
   346   278   258  3.5509  1.0286
   345   279   257  3.3564  0.9473
   344   279   257  3.3555  0.9469
   344   280   257  3.3392  0.9404
   345   280   257  3.3292  0.9365
   345   278   257  3.2984  0.9242
   346   279   257  3.2877  0.9200
   344   278   257  3.2873  0.9199
   346   280   257  3.2592  0.9089
   346   278   257  3.2320  0.8982
   345   279   259  2.8773  0.7679
   345   280   259  2.8560  0.7602
   345   278   259  2.8487  0.7575
   344   279   259  2.8456  0.7564
   346   279   259  2.8453  0.7563
   344   280   259  2.8296  0.7506
   346   280   259  2.8276  0.7499
   346   278   259  2.8143  0.7451
   344   278   259  2.8116  0.7441
   343   279   258  3.5894  1.0447
   343   280   258  3.5816  1.0414
   344   281   258  3.5288  1.0194
   345   281   258  3.5127  1.0127
   343   280   260  3.5115  1.0164
   343   278   258  3.5095  1.0114
   343   281   260  3.5075  1.0147
   343   281   258  3.4984  1.0068
   345   277   258  3.4742  0.9968
   344   280   260  3.4607  0.9954
   344   277   258  3.4498  0.9869
   347   279   258  3.4497  0.9868
   343   279   260  3.4464  0.9895
   346   281   258  3.4405  0.9831
   344   281   260  3.4295  0.9826
   344   279   260  3.4231  0.9799
   347   280   258  3.4184  0.9741
   346   277   258  3.4044  0.9684
   347   278   258  3.3905  0.9628
   345   280   260  3.3489  0.9499
   343   277   258  3.3413  0.9431
   345   279   260  3.3315  0.9429
   344   278   260  3.3147  0.9362
   343   278   260  3.3122  0.9352
   347   281   258  3.3070  0.9294
   343   280   257  3.3007  0.9252
   345   281   260  3.2979  0.9295
   343   279   257  3.2965  0.9235
   344   281   257  3.2504  0.9054
   345   278   260  3.2425  0.9076
   347   277   258  3.2414  0.9036
   343   281   257  3.2334  0.8988
   345   281   257  3.2290  0.8970
   343   278   257  3.2103  0.8898
   343   280   256  3.1971  0.8830
   344   280   256  3.1777  0.8755
   346   280   260  3.1711  0.8797
   343   281   256  3.1668  0.8714
   343   279   256  3.1662  0.8711
   346   279   260  3.1650  0.8774
   344   279   256  3.1642  0.8704
   346   281   257  3.1580  0.8696
   345   277   257  3.1540  0.8681
   347   279   257  3.1426  0.8637
   344   277   260  3.1414  0.8683
   344   277   257  3.1340  0.8604
   344   281   256  3.1299  0.8573
   347   280   257  3.1213  0.8556
   343   277   260  3.1171  0.8589
   346   281   260  3.1100  0.8562
   345   280   256  3.1015  0.8465
   345   279   256  3.0979  0.8452
   346   277   257  3.0915  0.8443
   346   278   260  3.0882  0.8479
   345   277   260  3.0865  0.8473
   347   278   257  3.0832  0.8411
   344   278   256  3.0791  0.8380
   343   278   256  3.0647  0.8326
   345   281   256  3.0447  0.8251
   343   277   257  3.0428  0.8260
   347   281   257  3.0288  0.8207
   345   278   256  3.0233  0.8172
   346   280   256  2.9660  0.7960
   346   279   256  2.9644  0.7954
   346   277   260  2.9449  0.7942
   347   277   257  2.9436  0.7892
   347   280   260  2.9291  0.7883
   347   279   260  2.9255  0.7870
   344   277   256  2.9225  0.7800
   346   281   256  2.9091  0.7752
   346   278   256  2.8947  0.7699
   343   277   256  2.8942  0.7698
   345   277   256  2.8780  0.7639
   347   281   260  2.8683  0.7661
   347   278   260  2.8544  0.7610
   345   281   259  2.7917  0.7370
   347   280   256  2.7749  0.7270
   344   281   259  2.7710  0.7296
   345   277   259  2.7694  0.7291
   347   279   256  2.7681  0.7246
   346   281   259  2.7667  0.7281
   343   279   259  2.7635  0.7270
   343   280   259  2.7622  0.7265
   346   277   256  2.7578  0.7210
   347   279   259  2.7438  0.7200
   347   280   259  2.7365  0.7174
   346   277   259  2.7348  0.7168
   344   277   259  2.7266  0.7139
   347   281   256  2.7265  0.7100
   347   277   260  2.7200  0.7129
   343   281   259  2.7185  0.7111
   343   278   259  2.7155  0.7100
   347   278   259  2.7048  0.7062
   347   278   256  2.6986  0.7002
   347   281   259  2.6862  0.6997
   347   277   259  2.6213  0.6772
   343   277   259  2.6183  0.6762
   347   277   256  2.5685  0.6555
   342   281   260  3.5375  1.0272
   342   280   260  3.5103  1.0158
   342   282   260  3.4983  1.0108
   342   280   258  3.4836  1.0007
   342   279   258  3.4598  0.9910
   343   282   260  3.4399  0.9868
   342   281   258  3.4335  0.9802
   342   279   260  3.4130  0.9758
   344   282   258  3.3654  0.9527
   343   282   258  3.3588  0.9501
   342   278   258  3.3538  0.9481
   344   282   260  3.3371  0.9452
   345   282   258  3.3352  0.9407
   342   282   258  3.3251  0.9366
   345   279   255  3.3150  0.9273
   344   279   255  3.3037  0.9228
   345   278   255  3.2886  0.9169
   344   280   255  3.2718  0.9103
   345   280   255  3.2693  0.9094
   344   278   255  3.2646  0.9075
   346   282   258  3.2599  0.9109
   342   278   260  3.2490  0.9102
   346   279   255  3.2463  0.9004
   345   276   258  3.2404  0.9032
   342   280   257  3.2268  0.8962
   343   279   255  3.2245  0.8919
   346   278   255  3.2216  0.8908
   348   279   258  3.2211  0.8957
   343   280   255  3.2189  0.8898
   344   276   258  3.2114  0.8919
   348   280   258  3.2062  0.8899
   346   280   255  3.2001  0.8825
   342   279   257  3.1940  0.8835
   342   281   257  3.1892  0.8816
   345   282   260  3.1876  0.8861
   344   281   255  3.1858  0.8770
   345   277   255  3.1831  0.8760
   346   276   258  3.1740  0.8774
   345   281   255  3.1691  0.8706
   342   277   258  3.1678  0.8751
   342   280   256  3.1673  0.8715
   343   278   255  3.1617  0.8678
   342   281   256  3.1613  0.8692
   343   281   255  3.1599  0.8671
   348   278   258  3.1504  0.8684
   344   277   255  3.1476  0.8624
   347   282   258  3.1336  0.8619
   342   280   255  3.1266  0.8544
   346   277   255  3.1197  0.8518
   343   282   257  3.1132  0.8525
   348   281   258  3.1124  0.8538
   342   279   256  3.1124  0.8506
   344   282   257  3.1092  0.8510
   342   282   256  3.1076  0.8488
   342   281   255  3.1048  0.8462
   346   281   255  3.0995  0.8442
   342   282   257  3.0973  0.8465
   343   276   258  3.0968  0.8479
   342   279   255  3.0955  0.8427
   347   279   255  3.0939  0.8421
   343   282   256  3.0907  0.8424
   342   278   257  3.0830  0.8411
   345   282   257  3.0760  0.8384
   344   282   255  3.0679  0.8323
   343   282   255  3.0677  0.8322
   347   278   255  3.0613  0.8298
   347   280   255  3.0592  0.8290
   342   282   255  3.0469  0.8245
   344   282   256  3.0376  0.8225
   345   282   255  3.0372  0.8208
   342   277   260  3.0291  0.8256
   343   277   255  3.0256  0.8165
   347   276   258  3.0143  0.8169
   345   276   255  3.0036  0.8083
   346   282   257  3.0034  0.8113
   342   278   255  3.0001  0.8071
   348   277   258  2.9973  0.8105
   346   282   260  2.9912  0.8114
   342   278   256  2.9900  0.8048
   347   281   255  2.9716  0.7966
   346   282   255  2.9669  0.7948
   344   276   255  2.9587  0.7918
   347   277   255  2.9564  0.7910
   348   282   258  2.9548  0.7948
   346   276   255  2.9456  0.7870
   345   282   256  2.9443  0.7880
   345   276   257  2.9334  0.7855
   348   279   257  2.9226  0.7815
   342   276   258  2.9167  0.7808
   344   276   260  2.9167  0.7838
   348   280   257  2.9142  0.7784
   344   276   257  2.9066  0.7756
   342   277   257  2.8972  0.7722
   347   282   257  2.8830  0.7671
   346   276   257  2.8766  0.7648
   343   276   260  2.8764  0.7690
   345   276   260  2.8761  0.7689
   348   279   255  2.8634  0.7572
   348   278   257  2.8562  0.7574
   347   282   255  2.8514  0.7530
   348   280   255  2.8494  0.7522
   342   277   255  2.8386  0.7484
   348   281   257  2.8382  0.7509
   343   276   255  2.8235  0.7430
   348   278   255  2.8160  0.7403
   346   282   256  2.8097  0.7394
   343   276   257  2.8068  0.7397
   342   277   256  2.8036  0.7372
   348   281   255  2.7858  0.7296
   347   276   255  2.7850  0.7293
   348   276   258  2.7758  0.7300
   342   276   260  2.7715  0.7312
   347   282   260  2.7523  0.7243
   346   276   260  2.7471  0.7225
   347   276   257  2.7346  0.7141
   348   277   257  2.7172  0.7080
   348   282   257  2.7101  0.7055
   344   276   256  2.7077  0.7034
   348   277   255  2.7043  0.7010
   345   282   259  2.6956  0.7030
   348   282   255  2.6894  0.6958
   344   282   259  2.6816  0.6981
   345   276   256  2.6747  0.6919
   346   282   259  2.6719  0.6948
   342   280   259  2.6713  0.6945
   343   276   256  2.6687  0.6899
   342   276   257  2.6519  0.6853
   342   281   259  2.6505  0.6873
   342   279   259  2.6493  0.6869
   345   276   259  2.6456  0.6856
   343   282   259  2.6439  0.6850
   347   282   256  2.6370  0.6789
   348   280   260  2.6336  0.6827
   348   279   260  2.6250  0.6797
   342   276   255  2.6209  0.6722
   346   276   259  2.6129  0.6743
   347   282   259  2.6000  0.6699
   344   276   259  2.5975  0.6690
   342   282   259  2.5969  0.6688
   348   280   259  2.5827  0.6639
   348   281   260  2.5825  0.6651
   342   278   259  2.5796  0.6629
   348   279   259  2.5760  0.6616
   342   276   256  2.5685  0.6555
   346   276   256  2.5668  0.6550
   348   278   260  2.5546  0.6555
   348   281   259  2.5475  0.6519
   348   280   256  2.5387  0.6455
   348   276   255  2.5353  0.6432
   347   276   260  2.5346  0.6487
   348   278   259  2.5269  0.6449
   348   279   256  2.5218  0.6398
   348   276   257  2.5171  0.6393
   348   281   256  2.5054  0.6343
   347   276   259  2.4997  0.6358
   343   276   259  2.4801  0.6292
   348   282   260  2.4796  0.6301
   348   282   259  2.4750  0.6275
   342   277   259  2.4646  0.6240
   348   278   256  2.4496  0.6157
   348   277   259  2.4385  0.6153
   348   282   256  2.4330  0.6102
   348   277   260  2.4274  0.6127
   347   276   256  2.3910  0.5964
   348   277   256  2.3259  0.5753
   348   276   259  2.3182  0.5758
   342   276   259  2.3143  0.5745
   348   276   260  2.2555  0.5566
   348   276   256  2.1637  0.5238
   341   281   260  3.5263  1.0225
   341   282   260  3.5154  1.0179
   345   279   254  3.5003  0.9998
   344   279   254  3.4916  0.9962
   345   278   254  3.4725  0.9885
   341   280   260  3.4670  0.9979
   344   280   254  3.4663  0.9860
   345   280   254  3.4590  0.9830
   344   278   254  3.4468  0.9781
   341   283   260  3.4408  0.9872
   346   279   254  3.4352  0.9734
   343   279   254  3.4172  0.9661
   343   280   254  3.4169  0.9660
   346   278   254  3.4153  0.9654
   342   283   260  3.4004  0.9707
   346   280   254  3.3877  0.9544
   344   281   254  3.3813  0.9518
   345   277   254  3.3731  0.9486
   345   281   254  3.3589  0.9429
   341   280   258  3.3575  0.9496
   343   281   254  3.3560  0.9417
   343   278   254  3.3475  0.9384
   341   281   258  3.3460  0.9450
   341   279   260  3.3367  0.9450
   344   277   254  3.3301  0.9315
   346   277   254  3.3266  0.9301
   342   280   254  3.3204  0.9277
   343   283   260  3.3185  0.9377
   341   279   258  3.2966  0.9253
   347   279   254  3.2927  0.9168
   342   281   254  3.2902  0.9158
   342   279   254  3.2889  0.9153
   346   281   254  3.2826  0.9128
   341   282   258  3.2734  0.9162
   347   278   254  3.2727  0.9090
   344   282   254  3.2528  0.9013
   343   282   254  3.2497  0.9001
   347   280   254  3.2487  0.8997
   345   282   254  3.2161  0.8871
   342   282   254  3.2119  0.8854
   345   276   254  3.2089  0.8843
   343   277   254  3.2074  0.8837
   344   283   260  3.1947  0.8889
   341   281   254  3.1918  0.8777
   342   278   254  3.1887  0.8765
   347   277   254  3.1883  0.8764
   341   280   254  3.1876  0.8761
   343   283   258  3.1837  0.8812
   342   283   258  3.1769  0.8786
   346   276   254  3.1756  0.8715
   344   283   258  3.1684  0.8753
   341   278   258  3.1599  0.8720
   341   283   258  3.1549  0.8701
   347   281   254  3.1487  0.8613
   344   276   254  3.1486  0.8612
   341   282   254  3.1444  0.8596
   341   278   260  3.1418  0.8684
   346   282   254  3.1351  0.8561
   341   280   257  3.1296  0.8588
   341   281   257  3.1272  0.8579
   345   283   258  3.1238  0.8582
   341   281   256  3.1212  0.8540
   341   279   254  3.1210  0.8508
   343   283   254  3.1147  0.8484
   342   283   254  3.1006  0.8431
   344   283   254  3.0983  0.8422
   341   280   256  3.0983  0.8453
   341   282   256  3.0941  0.8437
   348   279   254  3.0757  0.8337
   341   282   257  3.0681  0.8355
   341   279   257  3.0628  0.8335
   341   283   254  3.0588  0.8274
   348   278   254  3.0492  0.8238
   345   283   254  3.0486  0.8236
   347   276   254  3.0467  0.8229
   348   280   254  3.0432  0.8216
   346   283   258  3.0428  0.8275
   341   281   255  3.0341  0.8197
   345   283   260  3.0301  0.8260
   341   283   256  3.0299  0.8196
   342   277   254  3.0217  0.8136
   342   283   256  3.0211  0.8163
   341   282   255  3.0154  0.8127
   341   279   256  3.0152  0.8142
   341   280   255  3.0124  0.8116
   347   282   254  3.0068  0.8081
   343   276   254  3.0058  0.8077
   345   275   254  2.9937  0.8033
   341   278   254  2.9881  0.8012
   343   283   256  2.9851  0.8030
   346   275   254  2.9757  0.7967
   342   283   257  2.9710  0.7993
   341   283   255  2.9695  0.7958
   342   283   255  2.9694  0.7958
   341   283   257  2.9693  0.7986
   348   277   254  2.9646  0.7926
   346   283   254  2.9629  0.7920
   343   283   257  2.9625  0.7961
   343   283   255  2.9616  0.7929
   348   281   254  2.9576  0.7900
   341   277   258  2.9543  0.7946
   345   275   258  2.9435  0.7906
   344   283   255  2.9397  0.7849
   344   283   257  2.9393  0.7876
   341   279   255  2.9381  0.7843
   349   280   258  2.9357  0.7878
   349   279   258  2.9321  0.7864
   341   278   257  2.9228  0.7816
   347   283   258  2.9199  0.7820
   344   283   256  2.9182  0.7785
   344   275   254  2.9176  0.7754
   344   275   258  2.9129  0.7794
   341   277   260  2.8970  0.7765
   345   283   255  2.8961  0.7690
   345   283   257  2.8944  0.7712
   346   275   258  2.8821  0.7682
   341   278   256  2.8689  0.7606
   349   281   258  2.8637  0.7615
   347   275   254  2.8615  0.7552
   349   278   258  2.8496  0.7564
   347   283   254  2.8395  0.7474
   348   282   254  2.8310  0.7443
   348   276   254  2.8302  0.7441
   346   283   260  2.8280  0.7515
   346   283   255  2.8242  0.7432
   346   283   257  2.8193  0.7442
   345   283   256  2.8181  0.7424
   341   278   255  2.8045  0.7362
   343   275   258  2.8002  0.7387
   342   276   254  2.7998  0.7333
   341   277   254  2.7945  0.7314
   349   279   254  2.7943  0.7313
   349   280   254  2.7787  0.7258
   345   275   255  2.7661  0.7226
   343   275   254  2.7599  0.7192
   349   278   254  2.7575  0.7183
   348   283   258  2.7528  0.7218
   347   275   258  2.7319  0.7144
   349   282   258  2.7272  0.7128
   347   283   255  2.7191  0.7061
   341   277   257  2.7170  0.7079
   346   275   255  2.7150  0.7047
   344   275   255  2.7148  0.7046
   349   281   254  2.7146  0.7034
   347   283   257  2.7064  0.7042
   341   276   258  2.6977  0.7025
   349   277   258  2.6948  0.7015
   346   283   256  2.6850  0.6955
   348   283   254  2.6785  0.6908
   349   277   254  2.6709  0.6882
   341   277   256  2.6661  0.6890
   344   275   260  2.6606  0.6921
   348   275   254  2.6597  0.6844
   345   275   257  2.6571  0.6871
   349   280   257  2.6454  0.6830
   349   279   257  2.6388  0.6808
   345   275   260  2.6303  0.6816
   344   275   257  2.6263  0.6765
   342   275   258  2.6256  0.6774
   341   276   260  2.6235  0.6792
   341   277   255  2.6144  0.6700
   349   282   254  2.6118  0.6680
   343   275   260  2.6111  0.6749
   346   275   257  2.6069  0.6698
   347   283   260  2.5940  0.6690
   349   281   257  2.5905  0.6642
   341   281   259  2.5816  0.6635
   349   280   255  2.5813  0.6587
   345   283   259  2.5799  0.6629
   348   283   255  2.5780  0.6576
   344   283   259  2.5743  0.6611
   341   280   259  2.5742  0.6610
   343   275   255  2.5735  0.6561
   349   279   255  2.5694  0.6547
   349   278   257  2.5659  0.6558
   347   275   255  2.5625  0.6524
   341   276   254  2.5553  0.6488
   346   283   259  2.5544  0.6543
   341   282   259  2.5528  0.6537
   343   283   259  2.5509  0.6531
   348   283   257  2.5504  0.6505
   349   281   255  2.5484  0.6476
   349   276   254  2.5437  0.6449
   349   283   258  2.5431  0.6492
   342   275   254  2.5422  0.6444
   343   275   257  2.5250  0.6420
   341   279   259  2.5231  0.6436
   342   283   259  2.5222  0.6433
   347   283   256  2.5219  0.6398
   346   275   260  2.5136  0.6416
   348   275   258  2.5084  0.6375
   349   278   255  2.5044  0.6329
   342   275   260  2.4985  0.6365
   341   283   259  2.4980  0.6352
   345   275   259  2.4891  0.6322
   347   283   259  2.4873  0.6316
   349   282   257  2.4867  0.6291
   349   282   255  2.4837  0.6259
   349   276   258  2.4833  0.6291
   349   283   254  2.4827  0.6246
   347   275   257  2.4757  0.6255
   341   276   257  2.4632  0.6213
   346   275   259  2.4599  0.6224
   344   275   256  2.4583  0.6186
   344   275   259  2.4371  0.6148
   345   275   256  2.4366  0.6114
   349   277   257  2.4306  0.6105
   341   278   259  2.4265  0.6113
   341   276   256  2.4237  0.6072
   341   275   258  2.4160  0.6067
   343   275   256  2.4119  0.6033
   349   283   255  2.4012  0.5987
   349   275   254  2.3893  0.5939
   349   277   255  2.3859  0.5937
   341   276   255  2.3806  0.5920
   349   280   259  2.3746  0.5942
   348   283   259  2.3727  0.5936
   342   275   257  2.3711  0.5909
   342   275   255  2.3662  0.5874
   349   281   259  2.3556  0.5880
   349   279   259  2.3545  0.5876
   349   283   257  2.3511  0.5845
   347   275   259  2.3507  0.5864
   341   275   260  2.3450  0.5856
   346   275   256  2.3438  0.5811
   348   283   260  2.3368  0.5829
   348   283   256  2.3348  0.5781
   348   275   255  2.3235  0.5736
   347   275   260  2.3160  0.5761
   343   275   259  2.3149  0.5747
   342   275   256  2.3087  0.5697
   349   280   260  2.3034  0.5720
   349   282   259  2.2995  0.5697
   349   278   259  2.2967  0.5688
   341   275   254  2.2921  0.5625
   341   277   259  2.2900  0.5667
   349   279   260  2.2852  0.5661
   348   275   257  2.2750  0.5599
   349   280   256  2.2740  0.5586
   349   281   260  2.2686  0.5608
   349   281   256  2.2592  0.5539
   349   276   257  2.2450  0.5503
   349   279   256  2.2448  0.5493
   349   275   258  2.2375  0.5489
   349   276   255  2.2214  0.5410
   349   278   260  2.2133  0.5431
   349   283   259  2.2113  0.5415
   349   282   256  2.2083  0.5378
   349   277   259  2.2063  0.5399
   347   275   256  2.1869  0.5311
   349   282   260  2.1867  0.5347
   341   275   257  2.1867  0.5319
   348   275   259  2.1758  0.5303
   349   278   256  2.1695  0.5256
   341   275   256  2.1657  0.5244
   342   275   259  2.1441  0.5204
   349   283   256  2.1312  0.5137
   341   276   259  2.1262  0.5148
   341   275   255  2.1241  0.5107
   349   277   260  2.0935  0.5055
   349   276   259  2.0908  0.5038
   349   283   260  2.0675  0.4974
   348   275   260  2.0558  0.4939
   349   277   256  2.0532  0.4897
   349   275   257  2.0271  0.4826
   349   275   255  2.0250  0.4803
   340   282   260  3.4944  1.0092
   340   281   260  3.4795  1.0031
   340   283   260  3.4407  0.9872
   340   280   260  3.3908  0.9668
   340   284   260  3.3285  0.9417
   341   284   260  3.3128  0.9354
   342   284   260  3.2547  0.9124
   340   281   258  3.2462  0.9055
   340   279   260  3.2300  0.9027
   340   280   258  3.2175  0.8943
   340   282   258  3.2104  0.8915
   343   284   260  3.1546  0.8734
   340   283   258  3.1221  0.8575
   340   279   258  3.1182  0.8560
   340   281   254  3.0683  0.8310
   340   282   256  3.0565  0.8295
   340   281   256  3.0550  0.8290
   340   281   257  3.0539  0.8301
   340   282   254  3.0521  0.8249
   340   280   254  3.0297  0.8166
   340   282   257  3.0291  0.8208
   340   280   257  3.0190  0.8171
   340   283   256  3.0159  0.8144
   344   284   260  3.0147  0.8202
   340   278   260  3.0070  0.8173
   341   284   258  3.0057  0.8136
   342   284   258  3.0055  0.8136
   340   280   256  3.0010  0.8089
   340   284   258  2.9951  0.8097
   340   283   254  2.9923  0.8027
   343   284   258  2.9911  0.8082
   340   282   255  2.9806  0.7999
   342   284   254  2.9691  0.7942
   340   283   255  2.9663  0.7946
   343   284   254  2.9646  0.7926
   340   281   255  2.9593  0.7921
   340   283   257  2.9584  0.7946
   344   284   258  2.9574  0.7957
   340   278   258  2.9505  0.7932
   341   284   254  2.9470  0.7861
   340   284   256  2.9448  0.7882
   341   284   256  2.9407  0.7867
   344   284   254  2.9324  0.7808
   340   279   254  2.9286  0.7795
   340   284   255  2.9262  0.7800
   340   279   257  2.9163  0.7792
   342   284   256  2.9147  0.7772
   341   284   255  2.9075  0.7732
   340   284   254  2.8997  0.7690
   345   284   258  2.8989  0.7743
   340   280   255  2.8926  0.7678
   340   279   256  2.8881  0.7675
   342   284   255  2.8848  0.7650
   345   284   254  2.8718  0.7589
   343   284   256  2.8638  0.7588
   340   284   257  2.8570  0.7577
   343   284   255  2.8559  0.7545
   341   284   257  2.8480  0.7544
   345   284   260  2.8394  0.7556
   342   284   257  2.8292  0.7477
   344   284   255  2.8166  0.7405
   346   284   258  2.8101  0.7422
   343   284   257  2.8015  0.7378
   344   284   256  2.7861  0.7310
   346   284   254  2.7819  0.7269
   340   279   255  2.7733  0.7252
   340   278   254  2.7652  0.7210
   345   284   255  2.7623  0.7213
   344   284   257  2.7623  0.7239
   340   278   257  2.7467  0.7184
   345   274   254  2.7463  0.7144
   346   274   254  2.7448  0.7139
   340   277   260  2.7403  0.7201
   340   277   258  2.7265  0.7125
   340   278   256  2.7174  0.7068
   345   284   257  2.7068  0.7044
   346   284   255  2.6882  0.6954
   347   284   258  2.6869  0.6987
   345   284   256  2.6807  0.6940
   347   284   254  2.6626  0.6853
   344   274   254  2.6569  0.6834
   347   274   254  2.6495  0.6808
   346   284   260  2.6345  0.6830
   346   284   257  2.6286  0.6773
   350   280   258  2.6253  0.6773
   345   274   258  2.6143  0.6735
   350   279   258  2.6052  0.6704
   340   278   255  2.6005  0.6653
   347   284   255  2.5903  0.6618
   344   274   258  2.5857  0.6637
   350   281   258  2.5746  0.6599
   346   274   258  2.5589  0.6546
   346   284   256  2.5491  0.6490
   340   277   254  2.5491  0.6468
   348   284   258  2.5267  0.6437
   340   281   259  2.5226  0.6435
   340   277   257  2.5218  0.6409
   347   284   257  2.5212  0.6407
   340   282   259  2.5194  0.6424
   350   278   258  2.5149  0.6397
   348   284   254  2.5144  0.6351
   340   277   256  2.4994  0.6323
   345   274   255  2.4938  0.6293
   343   274   254  2.4908  0.6272
   340   280   259  2.4852  0.6309
   340   283   259  2.4837  0.6304
   343   274   258  2.4823  0.6288
   350   280   254  2.4697  0.6203
   348   274   254  2.4690  0.6200
   340   276   258  2.4673  0.6238
   350   279   254  2.4660  0.6190
   348   284   255  2.4655  0.6199
   350   282   258  2.4607  0.6216
   344   284   259  2.4597  0.6224
   345   284   259  2.4552  0.6208
   340   276   260  2.4542  0.6216
   346   274   255  2.4500  0.6148
   343   284   259  2.4498  0.6190
   344   274   255  2.4395  0.6113
   342   284   259  2.4361  0.6145
   350   281   254  2.4315  0.6077
   341   284   259  2.4266  0.6113
   340   284   259  2.4247  0.6107
   346   284   259  2.4245  0.6106
   347   274   258  2.4230  0.6090
   350   278   254  2.4185  0.6034
   344   280   253  2.4177  0.6021
   344   279   253  2.4138  0.6009
   343   279   253  2.4123  0.6004
   343   280   253  2.4078  0.5989
   347   284   260  2.4077  0.6062
   340   279   259  2.4028  0.6035
   345   280   253  2.3978  0.5957
   344   274   260  2.3946  0.6018
   347   284   256  2.3946  0.5976
   344   281   253  2.3942  0.5945
   343   278   253  2.3892  0.5929
   342   279   253  2.3837  0.5911
   345   281   253  2.3821  0.5906
   340   277   255  2.3819  0.5925
   345   279   253  2.3811  0.5902
   343   281   253  2.3811  0.5902
   348   284   257  2.3795  0.5937
   344   278   253  2.3778  0.5892
   342   280   253  2.3750  0.5883
   345   274   260  2.3708  0.5940
   342   278   253  2.3693  0.5864
   350   277   258  2.3637  0.5896
   350   282   254  2.3579  0.5837
   347   284   259  2.3577  0.5887
   345   274   257  2.3514  0.5845
   344   282   253  2.3500  0.5802
   342   281   253  2.3491  0.5799
   343   274   260  2.3426  0.5848
   346   280   253  2.3419  0.5776
   345   282   253  2.3404  0.5771
   349   284   254  2.3398  0.5778
   343   282   253  2.3389  0.5766
   346   281   253  2.3386  0.5765
   343   277   253  2.3359  0.5756
   341   279   253  2.3343  0.5751
   350   280   257  2.3324  0.5784
   350   277   254  2.3311  0.5750
   349   284   258  2.3302  0.5787
   345   278   253  2.3287  0.5733
   342   277   253  2.3280  0.5731
   341   280   253  2.3255  0.5723
   341   278   253  2.3241  0.5719
   342   274   258  2.3241  0.5767
   344   274   257  2.3204  0.5745
   345   274   259  2.3150  0.5747
   350   279   257  2.3125  0.5719
   342   282   253  2.3121  0.5680
   349   284   255  2.3119  0.5698
   347   274   255  2.3096  0.5691
   346   279   253  2.3089  0.5670
   344   277   253  2.3084  0.5668
   346   274   257  2.3080  0.5705
   346   282   253  2.3043  0.5655
   341   281   253  2.3034  0.5652
   343   274   255  2.2997  0.5659
   350   281   257  2.2992  0.5677
   340   276   254  2.2990  0.5647
   350   283   258  2.2975  0.5681
   344   283   253  2.2926  0.5618
   341   277   253  2.2902  0.5610
   346   274   259  2.2892  0.5664
   343   283   253  2.2878  0.5603
   345   283   253  2.2805  0.5579
   340   278   259  2.2775  0.5627
   341   282   253  2.2738  0.5558
   350   280   255  2.2719  0.5570
   342   274   254  2.2714  0.5559
   350   281   255  2.2713  0.5569
   342   283   253  2.2699  0.5546
   340   279   253  2.2688  0.5542
   346   274   260  2.2652  0.5597
   340   280   253  2.2633  0.5525
   340   276   257  2.2623  0.5559
   344   274   259  2.2614  0.5575
   347   281   253  2.2589  0.5511
   350   283   254  2.2587  0.5519
   342   276   253  2.2584  0.5510
   340   278   253  2.2582  0.5509
   340   276   256  2.2530  0.5520
   343   276   253  2.2521  0.5490
   348   284   259  2.2490  0.5535
   340   281   253  2.2473  0.5474
   346   283   253  2.2466  0.5472
   347   280   253  2.2461  0.5471
   341   283   253  2.2415  0.5456
   350   282   255  2.2412  0.5473
   345   277   253  2.2408  0.5454
   346   278   253  2.2377  0.5444
   350   278   257  2.2371  0.5478
   347   282   253  2.2367  0.5441
   350   279   255  2.2341  0.5450
   343   284   253  2.2332  0.5430
   342   274   260  2.2309  0.5487
   341   276   253  2.2300  0.5420
   344   284   253  2.2284  0.5415
   342   284   253  2.2264  0.5409
   340   277   253  2.2263  0.5408
   340   282   253  2.2263  0.5408
   343   274   257  2.2247  0.5439
   349   274   254  2.2226  0.5405
   348   274   258  2.2223  0.5441
   350   282   257  2.2220  0.5430
   348   284   256  2.2219  0.5421
   350   276   254  2.2132  0.5376
   345   284   253  2.2096  0.5356
   341   284   253  2.2094  0.5355
   344   276   253  2.2073  0.5348
   340   283   253  2.2041  0.5339
   349   284   257  2.2019  0.5367
   344   274   256  2.2019  0.5358
   340   275   258  2.1990  0.5367
   347   279   253  2.1946  0.5309
   347   274   257  2.1911  0.5333
   350   283   255  2.1911  0.5315
   345   274   256  2.1906  0.5322
   347   274   259  2.1865  0.5337
   347   283   253  2.1860  0.5282
   340   284   253  2.1827  0.5272
   340   275   260  2.1736  0.5305
   346   284   253  2.1730  0.5242
   340   276   253  2.1698  0.5231
   350   276   258  2.1685  0.5271
   348   284   260  2.1673  0.5286
   342   275   253  2.1612  0.5205
   350   278   255  2.1534  0.5197
   343   274   256  2.1514  0.5200
   350   284   254  2.1432  0.5157
   341   275   253  2.1428  0.5148
   348   281   253  2.1417  0.5145
   343   275   253  2.1403  0.5140
   343   274   259  2.1395  0.5189
   341   274   258  2.1366  0.5171
   348   282   253  2.1349  0.5124
   340   276   255  2.1342  0.5138
   346   277   253  2.1308  0.5111
   350   284   255  2.1287  0.5121
   350   280   259  2.1286  0.5155
   350   281   259  2.1234  0.5139
   345   276   253  2.1211  0.5081
   340   277   259  2.1188  0.5125
   350   283   257  2.1145  0.5094
   347   284   253  2.1143  0.5060
   346   274   256  2.1142  0.5085
   350   277   257  2.1115  0.5085
   348   280   253  2.1109  0.5050
   347   278   253  2.1045  0.5030
   350   284   258  2.1021  0.5064
   342   274   255  2.0989  0.5029
   350   279   259  2.0989  0.5063
   349   284   259  2.0979  0.5060
   348   283   253  2.0954  0.5002
   348   274   255  2.0883  0.4997
   340   275   253  2.0870  0.4977
   347   274   260  2.0844  0.5027
   350   282   259  2.0829  0.5013
   342   274   257  2.0819  0.4993
   341   274   260  2.0818  0.5019
   344   275   253  2.0785  0.4951
   350   275   254  2.0776  0.4956
   342   274   256  2.0506  0.4889
   348   279   253  2.0407  0.4836
   342   274   253  2.0383  0.4829
   340   275   254  2.0381  0.4836
   350   278   259  2.0375  0.4874
   349   284   256  2.0367  0.4847
   350   277   255  2.0315  0.4823
   348   284   253  2.0298  0.4803
   341   274   253  2.0296  0.4802
   341   274   254  2.0277  0.4804
   348   274   259  2.0218  0.4826
   348   274   257  2.0133  0.4784
   350   283   259  2.0102  0.4790
   350   281   256  2.0041  0.4748
   343   274   253  2.0039  0.4725
   340   275   256  2.0018  0.4741
   350   280   256  2.0005  0.4737
   349   282   253  2.0003  0.4714
   339   282   260  3.4383  0.9862
   339   283   260  3.4023  0.9715
   339   281   260  3.4018  0.9713
   339   284   260  3.3036  0.9318
   339   280   260  3.2887  0.9259
   340   285   260  3.1701  0.8794
   339   285   260  3.1556  0.8738
   341   285   260  3.1431  0.8689
   339   281   258  3.1401  0.8644
   339   282   258  3.1395  0.8642
   339   279   260  3.1029  0.8535
   339   283   258  3.0803  0.8417
   339   280   258  3.0737  0.8392
   342   285   260  3.0726  0.8420
   339   282   256  2.9997  0.8084
   339   283   256  2.9825  0.8020
   339   282   257  2.9804  0.8027
   339   284   258  2.9749  0.8022
   339   281   257  2.9725  0.7998
   339   281   256  2.9700  0.7974
   339   283   255  2.9612  0.7928
   343   285   260  2.9601  0.7998
   339   282   255  2.9464  0.7873
   339   284   255  2.9407  0.7852
   339   282   254  2.9401  0.7836
   339   279   258  2.9391  0.7890
   339   283   257  2.9360  0.7864
   339   284   256  2.9293  0.7825
   339   281   254  2.9275  0.7791
   339   283   254  2.9041  0.7706
   339   280   257  2.9020  0.7740
   339   285   255  2.8931  0.7679
   339   281   255  2.8880  0.7661
   339   280   256  2.8854  0.7665
   340   285   255  2.8678  0.7588
   339   278   260  2.8577  0.7622
   339   280   254  2.8576  0.7538
   340   285   256  2.8534  0.7550
   339   284   257  2.8529  0.7562
   339   285   256  2.8506  0.7540
   340   285   258  2.8427  0.7539
   341   285   258  2.8386  0.7525
   339   285   258  2.8370  0.7519
   341   285   255  2.8365  0.7476
   341   285   256  2.8363  0.7489
   339   284   254  2.8295  0.7438
   342   285   254  2.8256  0.7424
   342   285   258  2.8232  0.7469
   341   285   254  2.8169  0.7393
   344   285   260  2.8097  0.7449
   343   285   254  2.8081  0.7362
   342   285   255  2.8001  0.7346
   342   285   256  2.7979  0.7352
   343   285   258  2.7935  0.7363
   340   285   254  2.7826  0.7272
   339   280   255  2.7792  0.7273
   339   279   257  2.7656  0.7250
   344   285   254  2.7646  0.7208
   343   285   255  2.7573  0.7195
   344   285   258  2.7454  0.7192
   339   285   257  2.7446  0.7176
   339   278   258  2.7442  0.7188
   339   279   256  2.7436  0.7160
   340   285   257  2.7385  0.7155
   343   285   256  2.7363  0.7134
   339   279   254  2.7264  0.7075
   339   285   254  2.7247  0.7069
   341   285   257  2.7175  0.7081
   344   285   255  2.7061  0.7016
   345   285   254  2.6960  0.6969
   342   285   257  2.6857  0.6970
   345   285   258  2.6746  0.6944
   344   285   256  2.6507  0.6836
   343   285   257  2.6446  0.6828
   345   285   255  2.6437  0.6800
   345   285   260  2.6284  0.6809
   339   279   255  2.6181  0.6713
   346   285   254  2.6031  0.6650
   344   285   257  2.5935  0.6652
   346   285   258  2.5774  0.6609
   339   277   260  2.5749  0.6625
   339   278   257  2.5693  0.6570
   346   285   255  2.5670  0.6539
   339   278   256  2.5504  0.6494
   345   285   256  2.5417  0.6465
   339   278   254  2.5385  0.6432
   345   285   257  2.5295  0.6435
   339   277   258  2.5062  0.6368
   346   273   254  2.5012  0.6307
   339   282   259  2.4983  0.6353
   347   285   254  2.4871  0.6260
   345   273   254  2.4863  0.6258
   339   283   259  2.4790  0.6288
   339   281   259  2.4784  0.6286
   347   285   255  2.4731  0.6224
   347   285   258  2.4508  0.6183
   346   285   257  2.4482  0.6163
   339   284   259  2.4291  0.6122
   347   273   254  2.4276  0.6064
   346   285   260  2.4245  0.6117
   339   280   259  2.4129  0.6068
   346   285   256  2.4115  0.6032
   339   278   255  2.4094  0.6014
   344   273   254  2.3873  0.5932
   348   285   255  2.3590  0.5850
   339   285   259  2.3570  0.5884
   340   285   259  2.3496  0.5860
   348   285   254  2.3495  0.5810
   343   285   259  2.3465  0.5850
   341   285   259  2.3450  0.5845
   342   285   259  2.3447  0.5844
   347   285   257  2.3444  0.5823
   344   285   259  2.3440  0.5842
   339   277   257  2.3291  0.5773
   345   285   259  2.3283  0.5791
   339   277   256  2.3202  0.5735
   339   277   254  2.3075  0.5675
   339   279   259  2.3008  0.5702
   351   280   258  2.2983  0.5684
   348   285   258  2.2935  0.5668
   346   285   259  2.2894  0.5665
   345   273   258  2.2847  0.5640
   339   276   260  2.2815  0.5650
   348   273   254  2.2734  0.5566
   351   279   258  2.2678  0.5586
   351   281   258  2.2644  0.5575
   347   285   256  2.2635  0.5553
   344   273   258  2.2612  0.5565
   339   276   258  2.2487  0.5525
   346   273   258  2.2353  0.5482
   349   285   255  2.2214  0.5410
   343   273   254  2.2197  0.5396
   347   285   259  2.2186  0.5438
   348   285   257  2.2136  0.5404
   345   273   255  2.2104  0.5376
   347   285   260  2.2067  0.5410
   349   285   254  2.1924  0.5310
   339   280   253  2.1902  0.5295
   339   279   253  2.1891  0.5292
   342   285   253  2.1834  0.5274
   339   281   253  2.1826  0.5271
   341   285   253  2.1782  0.5258
   343   285   253  2.1780  0.5257
   351   278   258  2.1766  0.5296
   339   278   253  2.1735  0.5243
   346   273   255  2.1733  0.5260
   343   273   258  2.1732  0.5286
   339   282   253  2.1709  0.5235
   351   282   258  2.1706  0.5278
   339   277   255  2.1664  0.5238
   340   285   253  2.1622  0.5208
   344   285   253  2.1616  0.5206
   339   283   253  2.1585  0.5196
   344   273   255  2.1571  0.5209
   339   278   259  2.1485  0.5217
   339   284   253  2.1468  0.5160
   339   277   253  2.1382  0.5134
   351   280   254  2.1376  0.5140
   345   273   259  2.1369  0.5181
   344   273   260  2.1369  0.5190
   339   285   253  2.1356  0.5126
   345   285   253  2.1331  0.5118
   351   281   254  2.1254  0.5103
   347   273   258  2.1164  0.5108
   345   273   260  2.1162  0.5126
   351   279   254  2.1157  0.5072
   346   273   259  2.1138  0.5109
   348   285   259  2.1109  0.5100
   349   285   258  2.1058  0.5075
   348   285   256  2.1019  0.5047
   346   285   253  2.0897  0.4985
   343   273   260  2.0877  0.5037
   344   273   259  2.0848  0.5019
   351   282   254  2.0830  0.4972
   339   276   253  2.0793  0.4953
   339   276   256  2.0740  0.4961
   339   276   257  2.0681  0.4951
   351   278   254  2.0599  0.4902
   350   285   255  2.0576  0.4903
   349   273   254  2.0569  0.4893
   339   276   254  2.0550  0.4887
   349   285   257  2.0532  0.4905
   347   273   255  2.0474  0.4872
   345   273   257  2.0435  0.4876
   342   273   258  2.0390  0.4870
   351   277   258  2.0360  0.4861
   347   285   253  2.0279  0.4797
   351   283   258  2.0279  0.4836
   343   273   255  2.0259  0.4806
   346   273   260  2.0206  0.4831
   350   285   254  2.0188  0.4777
   347   273   259  2.0180  0.4814
   351   283   254  2.0162  0.4769
   344   273   257  2.0160  0.4792
   342   273   254  2.0080  0.4745
   346   273   257  2.0060  0.4762
   339   275   260  2.0031  0.4777
   338   282   260  3.3503  0.9504
   338   283   260  3.3286  0.9417
   338   281   260  3.2970  0.9292
   338   284   260  3.2418  0.9073
   338   280   260  3.1657  0.8777
   338   285   260  3.1040  0.8540
   338   282   258  3.0610  0.8344
   338   281   258  3.0303  0.8228
   338   283   258  3.0287  0.8222
   340   286   260  2.9789  0.8068
   339   286   260  2.9727  0.8045
   338   279   260  2.9624  0.8006
   338   283   255  2.9525  0.7896
   338   284   255  2.9486  0.7881
   338   284   258  2.9441  0.7908
   341   286   260  2.9439  0.7938
   338   280   258  2.9316  0.7863
   338   283   256  2.9313  0.7833
   338   286   260  2.9305  0.7889
   338   282   256  2.9268  0.7816
   338   282   257  2.9192  0.7802
   338   282   255  2.9130  0.7752
   338   285   255  2.9099  0.7741
   338   283   257  2.8977  0.7724
   338   284   256  2.8948  0.7699
   338   281   257  2.8829  0.7670
   338   281   256  2.8712  0.7614
   342   286   260  2.8656  0.7651
   338   286   255  2.8454  0.7508
   338   284   257  2.8303  0.7481
   338   285   256  2.8281  0.7459
   339   286   255  2.8257  0.7437
   338   281   255  2.8229  0.7427
   338   285   258  2.8207  0.7460
   338   282   254  2.8136  0.7381
   338   283   254  2.7985  0.7328
   340   286   255  2.7965  0.7334
   338   280   257  2.7820  0.7309
   338   281   254  2.7765  0.7250
   338   279   258  2.7683  0.7273
   341   286   255  2.7600  0.7205
   338   280   256  2.7590  0.7214
   339   286   256  2.7554  0.7202
   340   286   256  2.7495  0.7181
   343   286   260  2.7460  0.7221
   338   286   256  2.7413  0.7152
   338   284   254  2.7400  0.7122
   338   285   257  2.7306  0.7127
   341   286   256  2.7236  0.7090
   342   286   255  2.7169  0.7054
   338   278   260  2.7030  0.7069
   338   280   254  2.6811  0.6917
   339   286   258  2.6787  0.6958
   338   280   255  2.6787  0.6921
   342   286   256  2.6766  0.6926
   340   286   258  2.6756  0.6948
   342   286   254  2.6737  0.6892
   341   286   254  2.6729  0.6889
   338   286   258  2.6717  0.6934
   343   286   255  2.6667  0.6880
   341   286   258  2.6625  0.6902
   343   286   254  2.6487  0.6806
   338   285   254  2.6469  0.6800
   340   286   254  2.6465  0.6798
   342   286   258  2.6375  0.6815
   339   286   257  2.6216  0.6748
   338   279   257  2.6177  0.6735
   340   286   257  2.6118  0.6715
   338   286   257  2.6104  0.6710
   344   286   255  2.6084  0.6679
   343   286   256  2.6077  0.6689
   344   286   254  2.5986  0.6635
   343   286   258  2.5974  0.6677
   339   286   254  2.5967  0.6628
   338   279   256  2.5920  0.6635
   344   286   260  2.5907  0.6679
   341   286   257  2.5858  0.6626
   338   278   258  2.5532  0.6527
   342   286   257  2.5473  0.6495
   345   286   255  2.5403  0.6449
   344   286   258  2.5385  0.6477
   338   286   254  2.5273  0.6394
   338   279   254  2.5272  0.6394
   345   286   254  2.5255  0.6388
   344   286   256  2.5169  0.6381
   343   286   257  2.4986  0.6331
   338   282   259  2.4860  0.6311
   338   279   255  2.4828  0.6257
   338   283   259  2.4790  0.6288
   346   286   255  2.4608  0.6184
   345   286   258  2.4578  0.6206
   338   281   259  2.4472  0.6182
   344   286   257  2.4399  0.6136
   338   284   259  2.4348  0.6140
   346   286   254  2.4314  0.6076
   338   277   260  2.4119  0.6076
   345   286   260  2.4084  0.6064
   345   286   256  2.4056  0.6012
   338   278   257  2.4009  0.6007
   338   278   256  2.3805  0.5930
   345   286   257  2.3701  0.5906
   347   286   255  2.3678  0.5879
   338   285   259  2.3624  0.5902
   338   280   259  2.3582  0.5888
   346   286   258  2.3527  0.5860
   338   278   254  2.3235  0.5726
   347   286   254  2.3185  0.5710
   338   277   258  2.3074  0.5713
   346   286   257  2.2862  0.5635
   346   286   256  2.2763  0.5594
   338   286   259  2.2692  0.5600
   339   286   259  2.2683  0.5597
   340   286   259  2.2622  0.5577
   346   272   254  2.2605  0.5525
   348   286   255  2.2585  0.5528
   341   286   259  2.2552  0.5555
   342   286   259  2.2489  0.5535
   338   278   255  2.2457  0.5487
   343   286   259  2.2416  0.5512
   345   272   254  2.2308  0.5431
   344   286   259  2.2280  0.5468
   347   286   258  2.2218  0.5439
   338   279   259  2.2214  0.5447
   347   272   254  2.2096  0.5364
   346   286   260  2.2088  0.5417
   345   286   259  2.2008  0.5382
   348   286   254  2.1891  0.5300
   347   286   257  2.1845  0.5312
   346   286   259  2.1516  0.5227
   338   277   257  2.1512  0.5208
   341   286   253  2.1469  0.5161
   338   277   256  2.1425  0.5172
   340   286   253  2.1412  0.5143
   342   286   253  2.1405  0.5141
   347   286   256  2.1325  0.5141
   349   286   255  2.1295  0.5123
   344   272   254  2.1263  0.5105
   339   286   253  2.1233  0.5088
   343   286   253  2.1225  0.5085
   338   276   260  2.1176  0.5130
   338   281   253  2.1090  0.5044
   338   282   253  2.1077  0.5040
   338   280   253  2.1062  0.5035
   338   283   253  2.1050  0.5032
   338   284   253  2.1022  0.5023
   338   285   253  2.0991  0.5013
   338   279   253  2.0949  0.5001
   338   286   253  2.0939  0.4998
   344   286   253  2.0936  0.4997
   338   277   254  2.0870  0.4984
   348   272   254  2.0843  0.4976
   347   286   259  2.0735  0.4984
   338   278   253  2.0699  0.4924
   348   286   258  2.0647  0.4949
   348   286   257  2.0610  0.4929
   338   276   258  2.0563  0.4923
   345   286   253  2.0533  0.4874
   338   278   259  2.0469  0.4902
   349   286   254  2.0454  0.4858
   338   277   253  2.0260  0.4791
   347   286   260  2.0016  0.4772
   346   286   253  2.0000  0.4713
   337   282   260  3.2339  0.9042
   337   283   260  3.2241  0.9004
   337   281   260  3.1685  0.8788
   337   284   260  3.1487  0.8711
   337   280   260  3.0257  0.8243
   337   285   260  3.0220  0.8229
   337   282   258  2.9730  0.8015
   337   283   258  2.9645  0.7984
   337   284   255  2.9457  0.7871
   337   283   255  2.9362  0.7836
   337   281   258  2.9163  0.7806
   337   285   255  2.9144  0.7757
   337   284   258  2.8996  0.7745
   337   282   255  2.8770  0.7622
   337   283   256  2.8618  0.7580
   337   286   260  2.8601  0.7631
   337   286   255  2.8523  0.7532
   337   282   257  2.8413  0.7520
   337   284   256  2.8400  0.7502
   337   282   256  2.8385  0.7497
   337   283   257  2.8379  0.7508
   337   279   260  2.8131  0.7461
   337   280   258  2.7925  0.7359
   337   285   258  2.7910  0.7354
   337   285   256  2.7844  0.7304
   337   284   257  2.7834  0.7314
   337   281   257  2.7831  0.7313
   337   287   255  2.7689  0.7236
   339   287   260  2.7681  0.7300
   340   287   260  2.7670  0.7296
   338   287   255  2.7630  0.7215
   337   281   255  2.7624  0.7213
   337   281   256  2.7612  0.7222
   339   287   255  2.7444  0.7150
   338   287   260  2.7356  0.7184
   341   287   260  2.7262  0.7151
   340   287   255  2.7158  0.7050
   337   286   256  2.7057  0.7027
   337   285   257  2.6910  0.6989
   337   283   254  2.6800  0.6913
   341   287   255  2.6788  0.6922
   337   282   254  2.6778  0.6906
   337   287   260  2.6774  0.6979
   337   280   257  2.6596  0.6880
   337   286   258  2.6522  0.6866
   339   287   256  2.6499  0.6834
   342   287   260  2.6437  0.6862
   338   287   256  2.6415  0.6805
   340   287   256  2.6382  0.6793
   337   284   254  2.6356  0.6761
   342   287   255  2.6339  0.6767
   337   280   256  2.6268  0.6754
   337   281   254  2.6217  0.6713
   337   287   256  2.6120  0.6704
   337   279   258  2.6090  0.6717
   341   287   256  2.6064  0.6685
   337   280   255  2.5916  0.6622
   343   287   255  2.5808  0.6586
   337   286   257  2.5735  0.6584
   342   287   256  2.5540  0.6506
   337   285   254  2.5538  0.6483
   337   278   260  2.5483  0.6534
   343   287   260  2.5216  0.6443
   344   287   255  2.5186  0.6376
   341   287   254  2.5172  0.6361
   342   287   254  2.5144  0.6351
   339   287   258  2.5093  0.6378
   337   280   254  2.5081  0.6330
   338   287   258  2.5079  0.6374
   340   287   258  2.5010  0.6350
   340   287   254  2.4953  0.6287
   337   287   258  2.4951  0.6331
   339   287   257  2.4902  0.6303
   343   287   254  2.4863  0.6258
   341   287   258  2.4824  0.6288
   340   287   257  2.4814  0.6274
   343   287   256  2.4804  0.6259
   338   287   257  2.4777  0.6261
   337   279   257  2.4759  0.6255
   337   283   259  2.4757  0.6277
   337   282   259  2.4743  0.6272
   341   287   257  2.4552  0.6186
   342   287   258  2.4512  0.6184
   339   287   254  2.4510  0.6141
   345   287   255  2.4465  0.6136
   337   286   254  2.4436  0.6116
   337   279   256  2.4406  0.6127
   337   287   257  2.4404  0.6137
   344   287   254  2.4340  0.6085
   337   284   259  2.4340  0.6138
   337   281   259  2.4219  0.6098
   342   287   257  2.4149  0.6053
   343   287   258  2.4040  0.6028
   338   287   254  2.3886  0.5937
   344   287   256  2.3862  0.5949
   337   278   258  2.3824  0.5957
   337   279   255  2.3710  0.5889
   344   287   260  2.3662  0.5925
   346   287   255  2.3636  0.5865
   343   287   257  2.3631  0.5883
   345   287   254  2.3597  0.5843
   337   285   259  2.3590  0.5891
   337   279   254  2.3405  0.5781
   344   287   258  2.3375  0.5810
   337   280   259  2.3159  0.5751
   337   287   254  2.3136  0.5694
   344   287   257  2.3007  0.5681
   345   287   256  2.2730  0.5583
   347   287   255  2.2684  0.5559
   346   287   254  2.2662  0.5543
   337   286   259  2.2594  0.5568
   337   277   260  2.2569  0.5570
   345   287   258  2.2492  0.5526
   337   278   257  2.2468  0.5509
   345   287   257  2.2275  0.5448
   337   278   256  2.2166  0.5404
   345   287   260  2.1872  0.5348
   339   287   259  2.1646  0.5268
   340   287   259  2.1623  0.5260
   337   279   259  2.1612  0.5257
   338   287   259  2.1589  0.5250
   348   287   255  2.1588  0.5214
   347   287   254  2.1565  0.5199
   341   287   259  2.1555  0.5239
   342   287   259  2.1456  0.5208
   346   287   256  2.1435  0.5175
   346   287   257  2.1418  0.5179
   337   287   259  2.1405  0.5192
   346   287   258  2.1378  0.5175
   337   277   258  2.1360  0.5169
   343   287   259  2.1313  0.5164
   337   278   254  2.1305  0.5118
   340   287   253  2.1169  0.5068
   337   278   255  2.1150  0.5079
   341   287   253  2.1128  0.5056
   344   287   259  2.1080  0.5091
   339   287   253  2.1070  0.5038
   342   287   253  2.0952  0.5002
   338   287   253  2.0838  0.4967
   345   287   259  2.0695  0.4972
   343   287   253  2.0648  0.4909
   337   286   253  2.0539  0.4876
   337   285   253  2.0533  0.4874
   337   284   253  2.0493  0.4862
   337   287   253  2.0484  0.4859
   337   283   253  2.0435  0.4844
   347   287   257  2.0410  0.4868
   337   282   253  2.0360  0.4822
   348   287   254  2.0332  0.4821
   346   271   254  2.0329  0.4820
   349   287   255  2.0315  0.4823
   337   281   253  2.0256  0.4790
   344   287   253  2.0229  0.4782
   337   280   253  2.0099  0.4743
   346   287   259  2.0090  0.4787
   347   271   254  2.0035  0.4731
   347   287   258  2.0030  0.4760
   347   287   256  2.0012  0.4739
   336   283   260  3.0943  0.8503
   336   282   260  3.0939  0.8501
   336   284   260  3.0307  0.8262
   336   281   260  3.0204  0.8223
   336   284   255  2.9269  0.7802
   336   285   260  2.9172  0.7840
   336   283   255  2.9069  0.7729
   336   285   255  2.9018  0.7711
   336   283   258  2.8843  0.7690
   336   282   258  2.8727  0.7648
   336   280   260  2.8723  0.7675
   336   286   255  2.8420  0.7496
   336   284   258  2.8375  0.7520
   336   282   255  2.8334  0.7465
   336   281   258  2.7962  0.7373
   336   283   256  2.7719  0.7260
   336   286   260  2.7695  0.7305
   336   284   256  2.7625  0.7226
   336   287   255  2.7583  0.7199
   336   283   257  2.7526  0.7204
   336   285   258  2.7438  0.7186
   336   282   257  2.7431  0.7171
   336   282   256  2.7339  0.7126
   336   285   256  2.7170  0.7066
   336   284   257  2.7079  0.7047
   336   281   255  2.7020  0.7002
   337   288   255  2.6724  0.6899
   336   281   257  2.6706  0.6918
   338   288   255  2.6693  0.6889
   336   288   255  2.6599  0.6856
   336   279   260  2.6580  0.6912
   336   280   258  2.6557  0.6878
   339   288   255  2.6537  0.6835
   336   286   256  2.6463  0.6821
   336   281   256  2.6408  0.6802
   340   288   255  2.6277  0.6745
   336   285   257  2.6219  0.6749
   336   286   258  2.6163  0.6742
   336   287   260  2.6020  0.6718
   341   288   255  2.5924  0.6625
   336   287   256  2.5595  0.6525
   336   283   254  2.5532  0.6481
   339   288   260  2.5525  0.6548
   342   288   255  2.5481  0.6475
   340   288   260  2.5441  0.6520
   339   288   256  2.5379  0.6452
   336   282   254  2.5374  0.6428
   338   288   256  2.5336  0.6438
   336   280   257  2.5336  0.6449
   338   288   260  2.5301  0.6472
   340   288   256  2.5224  0.6400
   336   284   254  2.5214  0.6375
   336   280   255  2.5143  0.6362
   337   288   256  2.5090  0.6355
   336   286   257  2.5078  0.6362
   341   288   260  2.4990  0.6367
   343   288   255  2.4942  0.6294
   336   280   256  2.4913  0.6296
   341   288   256  2.4870  0.6281
   337   288   260  2.4850  0.6320
   336   281   254  2.4679  0.6197
   336   287   258  2.4672  0.6237
   336   288   256  2.4627  0.6200
   336   279   258  2.4612  0.6217
   336   283   259  2.4597  0.6223
   336   282   259  2.4535  0.6203
   336   285   254  2.4508  0.6140
   342   288   256  2.4311  0.6096
   344   288   255  2.4298  0.6081
   336   288   260  2.4253  0.6120
   336   284   259  2.4185  0.6086
   342   288   260  2.4147  0.6085
   336   278   260  2.3959  0.6023
   336   281   259  2.3928  0.6002
   336   287   257  2.3758  0.5925
   343   288   256  2.3544  0.5845
   345   288   255  2.3542  0.5834
   341   288   254  2.3525  0.5819
   339   288   257  2.3520  0.5847
   336   286   254  2.3510  0.5814
   342   288   254  2.3485  0.5807
   340   288   257  2.3468  0.5831
   336   280   254  2.3438  0.5791
   336   279   257  2.3401  0.5809
   336   285   259  2.3398  0.5828
   338   288   258  2.3364  0.5807
   338   288   257  2.3361  0.5796
   339   288   258  2.3342  0.5800
   340   288   254  2.3333  0.5757
   337   288   258  2.3278  0.5779
   341   288   257  2.3234  0.5755
   340   288   258  2.3224  0.5761
   343   288   254  2.3204  0.5716
   336   288   258  2.3053  0.5706
   341   288   258  2.2998  0.5688
   337   288   257  2.2964  0.5668
   339   288   254  2.2936  0.5630
   343   288   260  2.2935  0.5688
   336   279   256  2.2935  0.5649
   342   288   257  2.2847  0.5630
   336   279   255  2.2797  0.5595
   336   280   259  2.2763  0.5623
   344   288   254  2.2687  0.5551
   346   288   255  2.2667  0.5554
   342   288   258  2.2639  0.5573
   344   288   256  2.2575  0.5534
   338   288   254  2.2382  0.5454
   336   286   259  2.2332  0.5485
   343   288   257  2.2328  0.5465
   336   288   257  2.2317  0.5461
   336   278   258  2.2316  0.5470
   336   287   254  2.2314  0.5433
   343   288   258  2.2113  0.5406
   345   288   254  2.1956  0.5321
   337   288   254  2.1722  0.5248
   336   279   254  2.1711  0.5244
   344   288   257  2.1694  0.5265
   347   288   255  2.1664  0.5238
   345   288   256  2.1420  0.5171
   344   288   260  2.1419  0.5206
   344   288   258  2.1392  0.5179
   336   277   260  2.1114  0.5110
   336   279   259  2.1111  0.5101
   336   278   257  2.1076  0.5072
   336   287   259  2.1051  0.5082
   346   288   254  2.1040  0.5037
   336   288   254  2.1010  0.5027
   345   288   257  2.0948  0.5033
   340   288   253  2.0851  0.4971
   339   288   253  2.0825  0.4963
   341   288   253  2.0720  0.4931
   338   288   253  2.0647  0.4909
   336   278   256  2.0642  0.4931
   348   288   255  2.0519  0.4885
   340   288   259  2.0465  0.4901
   345   288   258  2.0456  0.4890
   339   288   259  2.0442  0.4894
   342   288   253  2.0435  0.4844
   341   288   259  2.0410  0.4885
   337   288   253  2.0327  0.4812
   338   288   259  2.0312  0.4855
   342   288   259  2.0290  0.4848
   336   278   255  2.0153  0.4774
   346   288   256  2.0106  0.4768
   343   288   259  2.0090  0.4787
   346   288   257  2.0080  0.4768
   336   286   253  2.0040  0.4725
   337   288   259  2.0037  0.4771
   336   287   253  2.0017  0.4718
   343   288   253  2.0011  0.4716
   335   283   260  2.9455  0.7944
   335   282   260  2.9357  0.7908
   335   284   260  2.8948  0.7757
   335   284   255  2.8869  0.7657
   335   285   255  2.8672  0.7586
   335   283   255  2.8592  0.7557
   335   281   260  2.8571  0.7620
   335   286   255  2.8104  0.7383
   335   285   260  2.7968  0.7402
   335   283   258  2.7852  0.7333
   335   282   255  2.7766  0.7263
   335   282   258  2.7583  0.7238
   335   284   258  2.7541  0.7223
   335   287   255  2.7275  0.7091
   335   280   260  2.7088  0.7090
   335   285   258  2.6747  0.6944
   335   281   258  2.6688  0.6924
   335   286   260  2.6664  0.6941
   335   284   256  2.6603  0.6870
   335   283   256  2.6601  0.6869
   335   283   257  2.6401  0.6812
   335   281   255  2.6360  0.6774
   335   288   255  2.6283  0.6748
   335   285   256  2.6237  0.6744
   335   282   257  2.6232  0.6754
   335   282   256  2.6123  0.6705
   335   284   257  2.6023  0.6682
   337   289   255  2.5686  0.6544
   338   289   255  2.5685  0.6544
   335   286   256  2.5614  0.6531
   335   286   258  2.5594  0.6548
   339   289   255  2.5560  0.6502
   336   289   255  2.5534  0.6493
   335   281   257  2.5439  0.6483
   340   289   255  2.5327  0.6423
   335   285   257  2.5220  0.6410
   335   289   255  2.5201  0.6381
   335   280   258  2.5197  0.6413
   335   287   260  2.5168  0.6427
   335   281   256  2.5101  0.6359
   341   289   255  2.4994  0.6312
   335   279   260  2.4994  0.6368
   335   287   256  2.4826  0.6267
   342   289   255  2.4560  0.6168
   335   280   255  2.4409  0.6118
   335   283   259  2.4225  0.6100
   335   283   254  2.4222  0.6046
   339   289   256  2.4219  0.6066
   338   289   256  2.4207  0.6062
   335   287   258  2.4198  0.6080
   335   282   259  2.4140  0.6072
   335   286   257  2.4123  0.6045
   340   289   256  2.4039  0.6007
   335   280   257  2.4024  0.6012
   335   284   254  2.4017  0.5979
   343   289   255  2.4014  0.5988
   337   289   256  2.4004  0.5995
   335   282   254  2.3960  0.5960
   335   288   256  2.3940  0.5974
   335   284   259  2.3810  0.5963
   341   289   256  2.3662  0.5883
   336   289   256  2.3604  0.5865
   335   288   260  2.3578  0.5897
   335   280   256  2.3538  0.5843
   335   281   259  2.3493  0.5859
   335   285   254  2.3425  0.5787
   344   289   255  2.3346  0.5771
   339   289   260  2.3328  0.5816
   335   279   258  2.3231  0.5764
   338   289   260  2.3213  0.5778
   335   281   254  2.3183  0.5709
   340   289   260  2.3170  0.5764
   342   289   256  2.3078  0.5695
   335   289   256  2.3002  0.5670
   335   285   259  2.2990  0.5696
   337   289   260  2.2897  0.5676
   335   287   257  2.2838  0.5627
   341   289   260  2.2681  0.5606
   335   288   258  2.2651  0.5577
   345   289   255  2.2546  0.5515
   335   286   254  2.2541  0.5505
   335   278   260  2.2464  0.5537
   336   289   260  2.2456  0.5534
   343   289   256  2.2284  0.5442
   335   280   259  2.2284  0.5470
   335   279   257  2.2086  0.5388
   339   289   257  2.2051  0.5377
   340   289   257  2.2048  0.5376
   335   279   255  2.2026  0.5351
   335   289   260  2.1949  0.5373
   335   280   254  2.1903  0.5304
   335   286   259  2.1861  0.5336
   341   289   257  2.1857  0.5316
   338   289   257  2.1846  0.5313
   342   289   260  2.1837  0.5337
   341   289   254  2.1827  0.5280
   342   289   254  2.1783  0.5266
   340   289   254  2.1660  0.5228
   346   289   255  2.1607  0.5220
   338   289   258  2.1602  0.5245
   339   289   258  2.1552  0.5229
   337   289   258  2.1544  0.5227
   335   279   256  2.1530  0.5205
   343   289   254  2.1510  0.5182
   342   289   257  2.1501  0.5204
   335   287   254  2.1463  0.5167
   335   288   257  2.1424  0.5181
   337   289   257  2.1419  0.5179
   340   289   258  2.1402  0.5182
   336   289   258  2.1356  0.5168
   339   289   254  2.1314  0.5121
   344   289   256  2.1284  0.5128
   341   289   258  2.1137  0.5100
   344   289   254  2.1010  0.5027
   335   289   258  2.1008  0.5060
   343   289   257  2.1000  0.5049
   335   278   258  2.0983  0.5052
   338   289   254  2.0836  0.4974
   336   289   257  2.0766  0.4977
   342   289   258  2.0733  0.4975
   343   289   260  2.0656  0.4969
   335   279   259  2.0595  0.4941
   347   289   255  2.0526  0.4887
   335   287   259  2.0498  0.4912
   339   289   253  2.0452  0.4850
   340   289   253  2.0413  0.4838
   344   289   257  2.0370  0.4856
   338   289   253  2.0318  0.4809
   345   289   254  2.0297  0.4810
   335   288   254  2.0280  0.4805
   337   289   254  2.0276  0.4804
   335   279   254  2.0198  0.4780
   341   289   253  2.0195  0.4772
   343   289   258  2.0159  0.4800
   345   289   256  2.0092  0.4763
   337   289   253  2.0021  0.4719
   334   284   255  2.8216  0.7423
   334   285   255  2.8067  0.7370
   334   283   255  2.7889  0.7307
   334   283   260  2.7839  0.7356
   334   282   260  2.7651  0.7289
   334   286   255  2.7536  0.7182
   334   284   260  2.7472  0.7226
   334   282   255  2.7019  0.7002
   334   281   260  2.6836  0.7001
   334   287   255  2.6730  0.6902
   334   285   260  2.6670  0.6943
   334   283   258  2.6657  0.6913
   334   284   258  2.6469  0.6848
   334   282   258  2.6287  0.6785
   334   285   258  2.5806  0.6620
   334   288   255  2.5748  0.6565
   334   281   255  2.5590  0.6512
   334   286   260  2.5563  0.6561
   334   280   260  2.5389  0.6502
   334   284   256  2.5338  0.6438
   334   281   258  2.5331  0.6459
   334   283   256  2.5271  0.6416
   334   285   256  2.5050  0.6341
   334   283   257  2.5022  0.6343
   334   282   257  2.4827  0.6278
   334   286   258  2.4777  0.6272
   334   282   256  2.4747  0.6240
   334   284   257  2.4687  0.6231
   334   289   255  2.4664  0.6202
   338   290   255  2.4624  0.6189
   337   290   255  2.4599  0.6180
   339   290   255  2.4521  0.6155
   334   286   256  2.4513  0.6163
   336   290   255  2.4421  0.6122
   340   290   255  2.4304  0.6083
   334   287   260  2.4269  0.6125
   335   290   255  2.4067  0.6006
   334   281   257  2.4035  0.6016
   341   290   255  2.3978  0.5976
   334   285   257  2.3936  0.5983
   334   280   258  2.3836  0.5961
   334   287   256  2.3818  0.5934
   334   281   256  2.3706  0.5898
   334   280   255  2.3651  0.5870
   334   283   259  2.3578  0.5887
   342   290   255  2.3539  0.5834
   334   290   255  2.3519  0.5827
   334   287   258  2.3493  0.5849
   334   282   259  2.3484  0.5856
   334   279   260  2.3389  0.5836
   334   284   259  2.3163  0.5752
   338   290   256  2.3058  0.5688
   339   290   256  2.3042  0.5683
   334   288   256  2.3034  0.5680
   343   290   255  2.2973  0.5651
   334   283   254  2.2900  0.5619
   337   290   256  2.2898  0.5637
   334   286   257  2.2895  0.5646
   334   288   260  2.2871  0.5667
   340   290   256  2.2841  0.5619
   334   281   259  2.2829  0.5644
   334   284   254  2.2797  0.5586
   334   280   257  2.2656  0.5569
   336   290   256  2.2562  0.5530
   334   282   254  2.2558  0.5510
   341   290   256  2.2444  0.5492
   334   285   259  2.2324  0.5482
   334   285   254  2.2320  0.5435
   344   290   255  2.2265  0.5426
   334   289   256  2.2205  0.5416
   334   280   256  2.2159  0.5402
   335   290   256  2.2049  0.5367
   334   288   258  2.2041  0.5383
   334   279   258  2.1927  0.5347
   342   290   256  2.1835  0.5300
   334   281   254  2.1741  0.5253
   334   287   257  2.1668  0.5257
   334   280   259  2.1624  0.5261
   334   286   254  2.1558  0.5197
   334   289   260  2.1414  0.5204
   345   290   255  2.1402  0.5157
   334   290   256  2.1365  0.5154
   334   279   255  2.1321  0.5131
   334   286   259  2.1155  0.5114
   339   290   260  2.1130  0.5116
   338   290   260  2.1126  0.5114
   343   290   256  2.1007  0.5043
   334   278   260  2.0998  0.5074
   337   290   260  2.0947  0.5059
   340   290   260  2.0895  0.5043
   334   279   257  2.0793  0.4985
   336   290   260  2.0655  0.4968
   334   287   254  2.0606  0.4904
   340   290   257  2.0500  0.4896
   334   289   258  2.0474  0.4896
   334   280   254  2.0472  0.4863
   339   290   257  2.0452  0.4881
   346   290   255  2.0378  0.4842
   341   290   260  2.0370  0.4881
   341   290   257  2.0357  0.4852
   334   288   257  2.0315  0.4839
   335   290   260  2.0299  0.4859
   334   279   256  2.0207  0.4798
   338   290   257  2.0201  0.4805
   341   290   254  2.0132  0.4760
   342   290   254  2.0073  0.4743
   342   290   257  2.0038  0.4755
   340   290   254  2.0001  0.4721
   333   284   255  2.7291  0.7097
   333   285   255  2.7183  0.7059
   333   283   255  2.6937  0.6973
   333   286   255  2.6697  0.6890
   333   283   260  2.6149  0.6762
   333   282   255  2.6066  0.6673
   333   284   260  2.5932  0.6688
   333   287   255  2.5931  0.6628
   333   282   260  2.5875  0.6668
   333   285   260  2.5322  0.6479
   333   283   258  2.5257  0.6434
   333   284   258  2.5155  0.6399
   333   281   260  2.5046  0.6386
   333   288   255  2.4978  0.6307
   333   282   258  2.4843  0.6294
   333   281   255  2.4674  0.6206
   333   285   258  2.4605  0.6215
   333   286   260  2.4430  0.6179
   333   289   255  2.3910  0.5954
   333   281   258  2.3896  0.5981
   333   284   256  2.3867  0.5950
   333   283   256  2.3766  0.5917
   333   286   258  2.3702  0.5917
   333   280   260  2.3660  0.5924
   333   285   256  2.3642  0.5877
   338   291   255  2.3503  0.5822
   337   291   255  2.3459  0.5808
   333   283   257  2.3438  0.5821
   339   291   255  2.3409  0.5792
   333   287   260  2.3350  0.5823
   336   291   255  2.3259  0.5743
   333   282   257  2.3258  0.5762
   333   282   256  2.3246  0.5749
   333   286   256  2.3192  0.5731
   340   291   255  2.3191  0.5721
   333   284   257  2.3122  0.5719
   335   291   255  2.2883  0.5623
   341   291   255  2.2853  0.5613
   333   280   255  2.2817  0.5602
   333   290   255  2.2769  0.5586
   333   283   259  2.2617  0.5576
   333   287   256  2.2603  0.5543
   333   287   258  2.2545  0.5543
   333   281   257  2.2522  0.5526
   333   282   259  2.2518  0.5544
   333   280   258  2.2469  0.5519
   333   285   257  2.2418  0.5493
   342   291   255  2.2388  0.5465
   334   291   255  2.2320  0.5444
   333   281   256  2.2254  0.5432
   333   284   259  2.2213  0.5447
   333   288   260  2.2151  0.5437
   333   288   256  2.1938  0.5332
   338   291   256  2.1923  0.5328
   333   281   259  2.1876  0.5340
   339   291   256  2.1876  0.5313
   337   291   256  2.1808  0.5292
   333   279   260  2.1784  0.5321
   343   291   255  2.1779  0.5274
   340   291   256  2.1651  0.5243
   333   283   254  2.1577  0.5203
   333   291   255  2.1568  0.5208
   333   284   254  2.1566  0.5199
   336   291   256  2.1539  0.5208
   333   286   257  2.1445  0.5187
   333   285   259  2.1379  0.5184
   333   280   257  2.1241  0.5124
   333   289   256  2.1238  0.5114
   341   291   256  2.1228  0.5111
   333   288   258  2.1212  0.5123
   333   285   254  2.1202  0.5086
   333   282   254  2.1178  0.5079
   335   291   256  2.1116  0.5076
   344   291   255  2.1008  0.5035
   333   289   260  2.0868  0.5034
   333   280   256  2.0802  0.4980
   333   280   259  2.0710  0.4977
   333   279   258  2.0682  0.4959
   333   279   255  2.0612  0.4914
   342   291   256  2.0583  0.4913
   333   286   254  2.0564  0.4891
   334   291   256  2.0544  0.4901
   333   290   256  2.0531  0.4897
   333   281   254  2.0349  0.4826
   333   287   257  2.0299  0.4834
   333   286   259  2.0202  0.4821
   345   291   255  2.0059  0.4746
   332   284   255  2.6099  0.6685
   332   285   255  2.6026  0.6660
   332   283   255  2.5739  0.6562
   332   286   255  2.5591  0.6512
   332   282   255  2.4904  0.6282
   332   287   255  2.4880  0.6274
   332   283   260  2.4429  0.6179
   332   284   260  2.4362  0.6156
   332   282   260  2.4073  0.6060
   332   288   255  2.3975  0.5975
   332   285   260  2.3949  0.6020
   332   283   258  2.3677  0.5909
   332   284   258  2.3624  0.5892
   332   281   255  2.3599  0.5853
   332   286   260  2.3276  0.5799
   332   282   258  2.3270  0.5776
   332   281   260  2.3241  0.5788
   332   285   258  2.3168  0.5743
   332   289   255  2.2942  0.5642
   332   287   260  2.2416  0.5521
   332   281   258  2.2393  0.5495
   332   286   258  2.2389  0.5493
   338   292   255  2.2300  0.5438
   332   284   256  2.2255  0.5432
   337   292   255  2.2246  0.5420
   339   292   255  2.2205  0.5407
   332   283   256  2.2151  0.5399
   332   285   256  2.2079  0.5377
   336   292   255  2.2028  0.5352
   340   292   255  2.1971  0.5334
   332   280   260  2.1931  0.5367
   332   280   255  2.1878  0.5305
   332   290   255  2.1824  0.5288
   332   286   256  2.1714  0.5262
   332   283   257  2.1713  0.5271
   332   282   256  2.1681  0.5252
   335   292   255  2.1633  0.5228
   341   292   255  2.1602  0.5219
   332   282   257  2.1578  0.5229
   332   288   260  2.1417  0.5205
   332   284   257  2.1401  0.5173
   332   287   258  2.1372  0.5173
   332   283   259  2.1331  0.5169
   332   287   256  2.1237  0.5114
   332   282   259  2.1226  0.5136
   332   280   258  2.1094  0.5087
   342   292   255  2.1088  0.5060
   334   292   255  2.1056  0.5050
   332   284   259  2.0954  0.5052
   332   281   257  2.0938  0.5030
   338   292   256  2.0838  0.4991
   332   281   256  2.0794  0.4977
   337   292   256  2.0771  0.4970
   339   292   256  2.0754  0.4965
   332   285   257  2.0741  0.4969
   332   288   256  2.0703  0.4950
   332   291   255  2.0636  0.4921
   332   281   259  2.0612  0.4946
   336   292   256  2.0568  0.4908
   340   292   256  2.0497  0.4887
   343   292   255  2.0412  0.4853
   332   284   254  2.0324  0.4818
   332   289   260  2.0306  0.4861
   333   292   255  2.0301  0.4819
   332   283   254  2.0256  0.4798
   335   292   256  2.0232  0.4806
   332   279   260  2.0195  0.4827
   332   288   258  2.0182  0.4807
   332   285   259  2.0155  0.4807
   332   289   256  2.0145  0.4780
   332   285   254  2.0064  0.4740
   341   292   256  2.0034  0.4746
   331   284   255  2.4671  0.6205
   331   285   255  2.4626  0.6190
   331   283   255  2.4324  0.6090
   331   286   255  2.4246  0.6064
   331   287   255  2.3601  0.5854
   331   282   255  2.3555  0.5839
   331   284   260  2.2779  0.5638
   331   288   255  2.2760  0.5583
   331   283   260  2.2704  0.5614
   331   285   260  2.2557  0.5567
   331   281   255  2.2373  0.5460
   331   282   260  2.2274  0.5476
   331   286   260  2.2098  0.5420
   331   283   258  2.1964  0.5359
   331   284   258  2.1930  0.5348
   331   289   255  2.1781  0.5275
   331   282   258  2.1604  0.5245
   331   285   258  2.1550  0.5229
   331   287   260  2.1450  0.5216
   331   281   260  2.1449  0.5215
   338   293   255  2.0997  0.5031
   337   293   255  2.0937  0.5013
   331   286   258  2.0893  0.5025
   339   293   255  2.0893  0.5000
   331   281   258  2.0840  0.5008
   331   280   255  2.0827  0.4979
   336   293   255  2.0706  0.4942
   331   290   255  2.0703  0.4941
   331   288   260  2.0648  0.4966
   340   293   255  2.0633  0.4920
   331   284   256  2.0582  0.4912
   331   283   256  2.0500  0.4887
   331   285   256  2.0439  0.4869
   335   293   255  2.0297  0.4818
   331   280   260  2.0223  0.4836
   341   293   255  2.0218  0.4794
   331   286   256  2.0153  0.4782
   331   282   256  2.0113  0.4770
   331   287   258  2.0025  0.4759
   330   284   255  2.3061  0.5680
   330   285   255  2.3037  0.5672
   330   283   255  2.2742  0.5578
   330   286   255  2.2711  0.5568
   330   287   255  2.2137  0.5386
   330   282   255  2.2059  0.5362
   330   288   255  2.1371  0.5147
   330   284   260  2.1186  0.5133
   330   285   260  2.1138  0.5118
   330   281   255  2.1021  0.5039
   330   283   260  2.0983  0.5070
   330   286   260  2.0876  0.5037
   330   282   260  2.0492  0.4918
   330   289   255  2.0459  0.4867
   330   287   260  2.0427  0.4898
   330   283   258  2.0181  0.4806
   330   284   258  2.0147  0.4796
   329   284   255  2.1328  0.5134
   329   285   255  2.1316  0.5130
   329   283   255  2.1048  0.5047
   329   286   255  2.1040  0.5045
   329   287   255  2.0537  0.4891
   329   282   255  2.0462  0.4868
