#   X     Y     Z      S       D
   134   278   139  2.9298  0.7671
   135   278   139  2.9298  0.7671
   135   277   139  2.9279  0.7664
   134   277   139  2.9236  0.7649
   134   279   139  2.9114  0.7606
   135   279   139  2.9066  0.7589
   133   278   139  2.9025  0.7574
   133   277   139  2.8915  0.7535
   133   279   139  2.8892  0.7527
   135   278   138  2.4312  0.5989
   135   277   138  2.4302  0.5985
   134   278   138  2.4100  0.5920
   134   277   138  2.4087  0.5916
   135   279   138  2.4075  0.5912
   134   279   138  2.3879  0.5849
   133   278   138  2.3761  0.5812
   133   277   138  2.3730  0.5802
   133   279   138  2.3572  0.5752
   133   279   140  2.0307  0.4739
   136   277   139  2.9019  0.7572
   136   278   139  2.9004  0.7567
   135   276   139  2.9002  0.7566
   134   276   139  2.8927  0.7539
   136   276   139  2.8766  0.7483
   136   279   139  2.8733  0.7471
   134   280   139  2.8694  0.7457
   135   280   139  2.8600  0.7424
   133   276   139  2.8563  0.7411
   133   280   139  2.8523  0.7397
   132   278   139  2.8514  0.7394
   132   279   139  2.8436  0.7367
   132   277   139  2.8350  0.7337
   136   280   139  2.8230  0.7295
   132   280   139  2.8120  0.7257
   132   276   139  2.7944  0.7195
   135   280   137  2.7034  0.6898
   136   280   137  2.6954  0.6871
   135   279   137  2.6951  0.6870
   134   280   137  2.6880  0.6846
   136   279   137  2.6847  0.6834
   134   280   141  2.6819  0.6796
   134   279   137  2.6797  0.6817
   133   280   141  2.6659  0.6742
   135   278   137  2.6628  0.6760
   134   279   141  2.6621  0.6729
   133   280   137  2.6529  0.6727
   136   278   137  2.6503  0.6718
   133   279   141  2.6485  0.6684
   134   278   137  2.6473  0.6708
   133   279   137  2.6427  0.6692
   132   280   141  2.6421  0.6662
   132   279   141  2.6271  0.6612
   134   278   141  2.6238  0.6601
   133   278   141  2.6139  0.6568
   133   278   137  2.6082  0.6576
   135   277   137  2.6071  0.6573
   132   280   137  2.6011  0.6553
   132   278   141  2.5947  0.6504
   136   277   137  2.5924  0.6524
   134   277   137  2.5919  0.6522
   132   279   137  2.5874  0.6507
   133   277   137  2.5516  0.6388
   132   278   137  2.5499  0.6382
   135   276   137  2.5281  0.6311
   134   276   137  2.5144  0.6266
   136   276   137  2.5103  0.6252
   132   277   137  2.4911  0.6189
   133   276   137  2.4743  0.6135
   136   278   138  2.4364  0.6005
   136   277   138  2.4344  0.5999
   132   276   137  2.4134  0.5937
   136   279   138  2.4123  0.5928
   136   276   138  2.4046  0.5903
   135   276   138  2.4021  0.5895
   134   276   138  2.3814  0.5829
   136   280   138  2.3650  0.5776
   135   280   138  2.3618  0.5766
   134   280   138  2.3456  0.5715
   133   276   138  2.3452  0.5714
   132   278   138  2.3314  0.5670
   132   277   138  2.3248  0.5649
   133   280   138  2.3199  0.5634
   132   279   138  2.3176  0.5626
   132   276   138  2.2946  0.5554
   132   280   138  2.2867  0.5529
   132   280   140  2.0715  0.4860
   132   279   140  2.0568  0.4816
   133   280   140  2.0468  0.4787
   134   280   140  2.0155  0.4694
   132   278   140  2.0111  0.4681
   135   275   139  2.8474  0.7380
   137   277   139  2.8448  0.7371
   137   278   139  2.8412  0.7358
   134   275   139  2.8377  0.7346
   136   275   139  2.8247  0.7301
   137   276   139  2.8205  0.7286
   137   279   139  2.8116  0.7255
   134   281   139  2.8053  0.7233
   133   275   139  2.7976  0.7207
   133   281   139  2.7928  0.7190
   135   281   139  2.7920  0.7187
   131   278   139  2.7809  0.7149
   131   279   139  2.7791  0.7142
   137   275   139  2.7682  0.7105
   137   280   139  2.7592  0.7074
   131   277   139  2.7581  0.7070
   132   281   139  2.7577  0.7069
   131   280   139  2.7532  0.7053
   136   281   139  2.7523  0.7050
   132   275   139  2.7304  0.6975
   131   276   139  2.7109  0.6909
   131   281   139  2.7041  0.6886
   137   281   139  2.6876  0.6830
   135   280   141  2.6871  0.6813
   135   281   137  2.6860  0.6839
   135   281   141  2.6812  0.6794
   136   281   137  2.6806  0.6820
   134   281   141  2.6763  0.6777
   134   281   137  2.6701  0.6785
   132   279   142  2.6695  0.6747
   135   279   141  2.6648  0.6738
   133   279   142  2.6615  0.6720
   132   278   142  2.6604  0.6717
   131   279   142  2.6602  0.6716
   133   278   142  2.6602  0.6716
   137   280   137  2.6600  0.6751
   133   281   141  2.6598  0.6721
   137   281   137  2.6498  0.6716
   131   280   142  2.6496  0.6680
   132   280   142  2.6494  0.6680
   137   279   137  2.6450  0.6700
   131   278   142  2.6431  0.6658
   134   278   142  2.6428  0.6658
   131   275   139  2.6399  0.6669
   134   279   142  2.6375  0.6640
   133   281   137  2.6365  0.6671
   132   281   141  2.6349  0.6638
   133   280   142  2.6332  0.6625
   133   277   142  2.6318  0.6621
   132   277   142  2.6261  0.6602
   135   278   141  2.6221  0.6595
   134   277   142  2.6202  0.6582
   131   280   141  2.6107  0.6557
   135   278   142  2.6097  0.6547
   131   281   142  2.6080  0.6541
   137   278   137  2.6064  0.6570
   131   277   142  2.6030  0.6525
   134   280   142  2.6028  0.6524
   131   281   141  2.6024  0.6529
   135   279   142  2.5994  0.6513
   132   281   142  2.5983  0.6509
   131   279   141  2.5972  0.6512
   135   277   142  2.5918  0.6488
   133   277   136  2.5894  0.6521
   132   281   137  2.5880  0.6509
   133   278   136  2.5830  0.6499
   134   277   136  2.5769  0.6479
   132   277   136  2.5767  0.6478
   132   278   136  2.5748  0.6472
   133   281   142  2.5744  0.6430
   134   277   141  2.5733  0.6433
   134   278   136  2.5683  0.6450
   133   277   141  2.5668  0.6412
   135   277   141  2.5661  0.6409
   131   278   141  2.5651  0.6406
   135   280   142  2.5608  0.6385
   133   276   136  2.5589  0.6419
   134   276   136  2.5492  0.6387
   132   277   141  2.5485  0.6351
   131   278   136  2.5474  0.6381
   137   277   137  2.5443  0.6364
   133   279   136  2.5435  0.6368
   131   277   136  2.5431  0.6367
   132   276   136  2.5415  0.6362
   134   281   142  2.5393  0.6314
   132   279   136  2.5391  0.6354
   135   277   136  2.5352  0.6341
   131   280   137  2.5345  0.6332
   134   279   136  2.5275  0.6315
   135   278   136  2.5273  0.6315
   131   281   137  2.5260  0.6304
   131   279   136  2.5177  0.6283
   131   277   141  2.5174  0.6249
   131   279   137  2.5166  0.6273
   135   276   136  2.5084  0.6252
   131   276   136  2.5018  0.6231
   135   281   142  2.4958  0.6173
   133   275   136  2.4905  0.6194
   135   279   136  2.4887  0.6188
   134   275   136  2.4841  0.6173
   133   280   136  2.4772  0.6150
   132   280   136  2.4759  0.6146
   131   278   137  2.4756  0.6139
   132   275   136  2.4688  0.6123
   136   277   136  2.4628  0.6103
   134   280   136  2.4611  0.6098
   131   280   136  2.4596  0.6093
   136   278   136  2.4586  0.6090
   137   276   137  2.4582  0.6082
   135   275   136  2.4453  0.6047
   136   276   136  2.4344  0.6011
   135   275   137  2.4261  0.5978
   136   279   136  2.4259  0.5984
   135   280   136  2.4256  0.5983
   131   275   136  2.4238  0.5977
   137   278   138  2.4207  0.5955
   137   277   138  2.4169  0.5942
   134   275   137  2.4157  0.5945
   131   277   137  2.4148  0.5942
   136   275   137  2.4044  0.5908
   137   279   138  2.3979  0.5882
   132   281   136  2.3930  0.5878
   133   281   136  2.3920  0.5875
   137   276   138  2.3850  0.5840
   131   281   136  2.3812  0.5840
   133   275   137  2.3779  0.5824
   134   281   136  2.3765  0.5825
   136   275   136  2.3719  0.5811
   136   280   136  2.3703  0.5805
   137   278   136  2.3641  0.5786
   137   277   136  2.3612  0.5776
   137   280   138  2.3510  0.5732
   137   275   137  2.3481  0.5729
   136   275   138  2.3456  0.5715
   135   275   138  2.3452  0.5714
   135   281   136  2.3451  0.5725
   137   279   136  2.3411  0.5712
   131   276   137  2.3367  0.5692
   137   276   136  2.3287  0.5673
   134   275   138  2.3261  0.5653
   137   275   138  2.3240  0.5646
   132   275   137  2.3187  0.5636
   136   281   138  2.2980  0.5565
   135   281   138  2.2980  0.5565
   136   281   136  2.2978  0.5576
   137   280   136  2.2967  0.5572
   133   275   138  2.2902  0.5540
   134   281   138  2.2868  0.5530
   137   281   138  2.2833  0.5519
   131   278   138  2.2770  0.5499
   131   279   138  2.2700  0.5477
   133   281   138  2.2676  0.5470
   137   275   136  2.2654  0.5474
   131   277   138  2.2648  0.5461
   131   280   138  2.2471  0.5406
   131   275   137  2.2436  0.5401
   132   281   138  2.2423  0.5391
   132   275   138  2.2383  0.5379
   137   281   136  2.2359  0.5382
   131   276   138  2.2304  0.5354
   131   281   138  2.2116  0.5296
   131   275   138  2.1714  0.5172
   131   280   140  2.0868  0.4906
   131   279   140  2.0742  0.4869
   131   281   140  2.0619  0.4832
   132   281   140  2.0509  0.4799
   133   281   140  2.0300  0.4737
   131   278   140  2.0287  0.4733
   134   281   140  2.0015  0.4653
   133   280   135  2.8480  0.7415
   133   281   135  2.8402  0.7387
   132   280   135  2.8386  0.7382
   134   280   135  2.8362  0.7373
   134   281   135  2.8315  0.7357
   132   281   135  2.8286  0.7347
   133   279   135  2.8105  0.7283
   131   280   135  2.8093  0.7279
   132   279   135  2.8044  0.7262
   135   280   135  2.8026  0.7256
   135   281   135  2.8017  0.7253
   131   281   135  2.7978  0.7239
   134   279   135  2.7955  0.7231
   133   282   135  2.7897  0.7211
   134   282   135  2.7833  0.7189
   131   279   135  2.7786  0.7172
   132   282   135  2.7775  0.7168
   135   274   139  2.7702  0.7112
   130   280   135  2.7616  0.7113
   134   274   139  2.7593  0.7074
   135   279   135  2.7592  0.7105
   135   282   135  2.7577  0.7100
   138   277   139  2.7565  0.7065
   138   278   139  2.7528  0.7052
   136   281   135  2.7506  0.7075
   130   281   135  2.7489  0.7069
   136   280   135  2.7473  0.7064
   131   282   135  2.7472  0.7063
   136   274   139  2.7471  0.7033
   130   279   135  2.7344  0.7019
   138   276   139  2.7315  0.6979
   133   278   135  2.7303  0.7005
   132   278   135  2.7284  0.6999
   138   279   139  2.7230  0.6950
   134   282   139  2.7204  0.6941
   133   274   139  2.7161  0.6926
   134   278   135  2.7124  0.6944
   136   282   135  2.7122  0.6943
   133   282   139  2.7118  0.6912
   131   278   135  2.7075  0.6927
   135   282   139  2.7045  0.6887
   136   279   135  2.7022  0.6909
   130   279   139  2.6999  0.6871
   130   282   135  2.6992  0.6899
   130   278   139  2.6952  0.6855
   137   274   139  2.6890  0.6834
   132   282   139  2.6814  0.6809
   130   280   139  2.6798  0.6803
   137   281   135  2.6790  0.6830
   138   275   139  2.6775  0.6795
   136   280   141  2.6755  0.6774
   135   278   135  2.6750  0.6816
   137   280   135  2.6719  0.6805
   138   280   139  2.6709  0.6773
   136   281   141  2.6695  0.6754
   130   278   135  2.6685  0.6794
   130   277   139  2.6652  0.6754
   136   282   139  2.6636  0.6748
   136   279   141  2.6509  0.6691
   137   282   135  2.6468  0.6720
   132   274   139  2.6437  0.6681
   135   282   141  2.6421  0.6662
   135   282   137  2.6401  0.6684
   134   282   141  2.6399  0.6655
   136   282   137  2.6374  0.6674
   130   281   139  2.6362  0.6656
   130   279   142  2.6331  0.6625
   131   282   139  2.6330  0.6645
   130   280   142  2.6320  0.6621
   136   282   141  2.6281  0.6615
   137   279   135  2.6264  0.6652
   133   282   141  2.6257  0.6607
   134   282   137  2.6234  0.6627
   136   278   135  2.6192  0.6627
   132   277   135  2.6174  0.6621
   133   277   135  2.6150  0.6613
   137   282   137  2.6110  0.6586
   130   276   139  2.6100  0.6569
   130   278   142  2.6082  0.6542
   136   278   141  2.6032  0.6532
   131   277   135  2.6022  0.6570
   132   282   141  2.6019  0.6528
   130   281   142  2.6009  0.6518
   138   281   139  2.6007  0.6537
   137   282   139  2.5995  0.6534
   138   274   139  2.5957  0.6521
   134   277   135  2.5952  0.6547
   138   280   137  2.5948  0.6532
   133   282   137  2.5909  0.6519
   138   281   137  2.5905  0.6517
   138   281   135  2.5876  0.6522
   133   276   142  2.5805  0.6450
   138   280   135  2.5778  0.6489
   138   279   137  2.5737  0.6461
   134   276   142  2.5726  0.6424
   132   276   142  2.5713  0.6420
   130   282   139  2.5702  0.6436
   130   280   141  2.5700  0.6422
   131   282   141  2.5695  0.6420
   130   277   135  2.5694  0.6461
   130   277   142  2.5628  0.6392
   136   278   142  2.5626  0.6391
   138   282   135  2.5613  0.6434
   130   281   141  2.5611  0.6393
   135   277   135  2.5585  0.6425
   138   282   137  2.5574  0.6407
   130   279   141  2.5563  0.6377
   136   279   142  2.5496  0.6348
   136   277   142  2.5478  0.6342
   135   276   142  2.5477  0.6342
   137   278   135  2.5468  0.6386
   131   274   139  2.5464  0.6358
   132   282   137  2.5453  0.6367
   131   276   142  2.5452  0.6334
   136   277   141  2.5403  0.6324
   130   282   142  2.5380  0.6310
   131   282   142  2.5352  0.6301
   138   279   135  2.5337  0.6343
   130   275   139  2.5310  0.6307
   138   278   137  2.5294  0.6315
   130   282   141  2.5280  0.6284
   130   278   141  2.5224  0.6266
   132   282   142  2.5171  0.6242
   138   282   139  2.5152  0.6255
   134   276   141  2.5131  0.6235
   136   280   142  2.5100  0.6219
   133   276   141  2.5090  0.6222
   136   277   135  2.5063  0.6252
   136   276   142  2.5061  0.6206
   130   278   136  2.5038  0.6237
   130   276   142  2.5023  0.6194
   135   276   141  2.5005  0.6194
   130   277   136  2.4920  0.6199
   132   276   141  2.4896  0.6159
   131   282   137  2.4881  0.6179
   133   282   142  2.4875  0.6146
   132   276   135  2.4821  0.6173
   130   279   136  2.4814  0.6164
   133   276   135  2.4762  0.6154
   131   276   135  2.4724  0.6141
   130   277   141  2.4706  0.6097
   136   276   141  2.4668  0.6085
   138   277   137  2.4623  0.6095
   138   278   135  2.4594  0.6099
   134   276   135  2.4556  0.6086
   131   276   141  2.4545  0.6045
   130   280   137  2.4541  0.6069
   130   281   137  2.4512  0.6059
   134   282   142  2.4502  0.6025
   136   281   142  2.4466  0.6014
   130   276   135  2.4459  0.6055
   130   276   136  2.4437  0.6042
   137   277   135  2.4402  0.6037
   130   279   137  2.4318  0.5997
   130   280   136  2.4302  0.5998
   130   274   139  2.4299  0.5978
   135   276   135  2.4213  0.5975
   130   282   137  2.4197  0.5958
   135   282   142  2.4082  0.5891
   130   276   141  2.4018  0.5876
   130   278   137  2.3878  0.5855
   133   274   136  2.3865  0.5857
   134   274   136  2.3835  0.5847
   138   278   138  2.3797  0.5823
   136   276   135  2.3746  0.5825
   138   277   138  2.3733  0.5803
   138   276   137  2.3718  0.5804
   136   282   142  2.3636  0.5749
   138   277   135  2.3612  0.5782
   132   274   136  2.3610  0.5776
   138   279   138  2.3598  0.5760
   130   275   136  2.3598  0.5772
   130   281   136  2.3579  0.5766
   135   274   136  2.3476  0.5733
   138   276   138  2.3393  0.5695
   132   275   135  2.3350  0.5699
   131   275   135  2.3294  0.5681
   133   275   135  2.3270  0.5674
   130   277   137  2.3256  0.5657
   137   276   135  2.3167  0.5641
   138   280   138  2.3155  0.5620
   131   274   136  2.3117  0.5619
   130   275   135  2.3083  0.5614
   134   275   135  2.3071  0.5611
   135   274   137  2.3029  0.5586
   132   282   136  2.2987  0.5578
   134   274   137  2.2973  0.5568
   133   282   136  2.2957  0.5569
   131   282   136  2.2908  0.5554
   134   282   136  2.2808  0.5522
   138   275   138  2.2770  0.5499
   136   274   136  2.2768  0.5510
   135   275   135  2.2765  0.5514
   136   274   137  2.2764  0.5503
   130   282   136  2.2730  0.5498
   133   274   137  2.2639  0.5464
   135   274   138  2.2585  0.5441
   138   275   137  2.2585  0.5447
   136   274   138  2.2566  0.5436
   135   282   136  2.2534  0.5436
   138   281   138  2.2500  0.5415
   138   278   136  2.2491  0.5423
   130   276   137  2.2480  0.5414
   138   276   135  2.2476  0.5424
   130   274   136  2.2432  0.5405
   134   274   138  2.2414  0.5388
   138   279   136  2.2388  0.5391
   136   275   135  2.2364  0.5389
   138   277   136  2.2361  0.5383
   137   274   138  2.2334  0.5363
   135   282   138  2.2204  0.5323
   137   274   137  2.2162  0.5315
   136   282   138  2.2161  0.5310
   134   282   138  2.2155  0.5308
   130   279   138  2.2148  0.5306
   136   282   136  2.2136  0.5313
   130   278   138  2.2135  0.5302
   138   280   136  2.2087  0.5298
   132   274   137  2.2086  0.5292
   133   274   138  2.2067  0.5281
   133   282   138  2.2040  0.5272
   130   280   138  2.2011  0.5264
   137   282   138  2.1995  0.5259
   138   276   136  2.1973  0.5263
   130   277   138  2.1941  0.5242
   132   274   135  2.1876  0.5238
   132   282   138  2.1873  0.5221
   137   275   135  2.1871  0.5237
   138   274   138  2.1860  0.5217
   131   274   135  2.1841  0.5227
   133   274   135  2.1795  0.5213
   130   281   138  2.1750  0.5184
   137   274   136  2.1724  0.5186
   138   282   138  2.1675  0.5161
   130   274   135  2.1664  0.5173
   131   282   138  2.1657  0.5155
   137   282   136  2.1625  0.5156
   138   281   136  2.1622  0.5155
   134   274   135  2.1619  0.5159
   130   275   137  2.1573  0.5134
   132   274   138  2.1549  0.5122
   130   276   138  2.1540  0.5119
   130   282   138  2.1386  0.5072
   131   274   137  2.1374  0.5074
   135   274   135  2.1361  0.5080
   138   275   136  2.1315  0.5061
   138   275   135  2.1276  0.5054
   138   274   137  2.1245  0.5035
   136   274   135  2.1027  0.4979
   138   282   136  2.1020  0.4971
   130   275   138  2.0913  0.4929
   130   280   140  2.0898  0.4915
   131   274   138  2.0870  0.4916
   130   279   140  2.0798  0.4885
   137   274   135  2.0612  0.4853
   130   281   140  2.0607  0.4828
   130   274   137  2.0552  0.4826
   138   274   136  2.0397  0.4784
   130   278   140  2.0353  0.4752
   138   274   135  2.0098  0.4700
   130   274   138  2.0056  0.4674
   133   283   135  2.7028  0.6911
   134   283   135  2.6973  0.6892
   129   280   135  2.6966  0.6890
   132   283   135  2.6917  0.6873
   129   281   135  2.6824  0.6841
   135   283   135  2.6750  0.6816
   129   279   135  2.6728  0.6809
   135   273   139  2.6687  0.6766
   131   283   135  2.6639  0.6779
   134   273   139  2.6573  0.6727
   136   273   139  2.6445  0.6684
   137   280   141  2.6405  0.6657
   139   277   139  2.6380  0.6662
   139   278   139  2.6368  0.6658
   137   281   141  2.6355  0.6640
   136   283   135  2.6350  0.6681
   129   282   135  2.6334  0.6675
   130   283   135  2.6188  0.6626
   134   283   139  2.6156  0.6587
   137   279   141  2.6128  0.6564
   129   278   135  2.6120  0.6603
   133   273   139  2.6116  0.6574
   139   276   139  2.6105  0.6570
   133   283   139  2.6101  0.6569
   139   279   139  2.6096  0.6567
   129   279   139  2.6089  0.6565
   135   283   139  2.5983  0.6530
   129   278   139  2.5973  0.6526
   129   280   142  2.5958  0.6501
   129   280   139  2.5947  0.6518
   137   282   141  2.5939  0.6501
   129   279   142  2.5879  0.6475
   137   273   139  2.5840  0.6482
   132   283   139  2.5840  0.6482
   137   283   135  2.5765  0.6485
   129   281   142  2.5746  0.6431
   134   283   141  2.5713  0.6427
   135   283   141  2.5686  0.6418
   135   283   137  2.5630  0.6426
   136   283   137  2.5626  0.6424
   133   283   141  2.5618  0.6395
   139   280   139  2.5608  0.6405
   137   278   141  2.5598  0.6388
   129   277   139  2.5595  0.6401
   136   283   139  2.5579  0.6396
   129   281   139  2.5563  0.6390
   129   278   142  2.5559  0.6369
   129   283   135  2.5556  0.6415
   139   275   139  2.5537  0.6382
   136   283   141  2.5513  0.6360
   134   283   137  2.5455  0.6368
   132   283   141  2.5416  0.6329
   131   283   139  2.5407  0.6339
   137   283   137  2.5400  0.6350
   132   273   139  2.5347  0.6319
   129   282   142  2.5219  0.6258
   129   277   135  2.5190  0.6294
   129   280   141  2.5175  0.6250
   137   283   141  2.5165  0.6246
   133   283   137  2.5140  0.6264
   131   283   141  2.5115  0.6230
   133   275   142  2.5105  0.6220
   129   281   141  2.5092  0.6223
   129   277   142  2.5057  0.6205
   134   275   142  2.5038  0.6199
   137   278   142  2.5031  0.6196
   129   279   141  2.5016  0.6198
   139   281   137  2.5011  0.6222
   132   275   142  2.5006  0.6188
   139   280   137  2.4989  0.6215
   138   283   135  2.4985  0.6227
   137   283   139  2.4961  0.6193
   129   276   139  2.4960  0.6192
   129   282   139  2.4955  0.6191
   139   281   139  2.4945  0.6187
   138   283   137  2.4913  0.6190
   137   279   142  2.4901  0.6154
   137   277   141  2.4892  0.6157
   137   277   142  2.4890  0.6151
   138   273   139  2.4881  0.6167
   130   283   139  2.4834  0.6151
   135   275   142  2.4804  0.6123
   139   281   135  2.4776  0.6158
   129   282   141  2.4764  0.6116
   131   275   142  2.4743  0.6103
   139   282   137  2.4741  0.6134
   139   279   137  2.4714  0.6125
   132   283   137  2.4714  0.6125
   130   283   141  2.4712  0.6099
   139   274   139  2.4689  0.6104
   139   280   135  2.4665  0.6122
   129   278   141  2.4636  0.6075
   139   282   135  2.4561  0.6088
   137   280   142  2.4523  0.6032
   137   276   142  2.4479  0.6018
   129   278   136  2.4456  0.6048
   130   283   142  2.4451  0.6009
   129   276   142  2.4425  0.6000
   134   275   141  2.4413  0.6003
   136   275   142  2.4397  0.5991
   129   283   142  2.4385  0.5987
   133   275   141  2.4379  0.5992
   131   283   142  2.4341  0.5973
   129   279   136  2.4316  0.6002
   131   273   139  2.4314  0.5983
   130   275   142  2.4312  0.5964
   129   277   136  2.4256  0.5983
   139   279   135  2.4254  0.5989
   135   275   141  2.4241  0.5947
   139   278   137  2.4212  0.5962
   129   283   141  2.4202  0.5935
   131   283   137  2.4191  0.5956
   138   283   139  2.4158  0.5933
   132   275   141  2.4156  0.5920
   129   283   139  2.4142  0.5928
   139   283   137  2.4139  0.5939
   139   282   139  2.4139  0.5927
   132   283   142  2.4099  0.5896
   129   275   139  2.4088  0.5910
   137   276   141  2.4064  0.5891
   129   277   141  2.4059  0.5889
   129   276   135  2.4017  0.5912
   139   283   135  2.4002  0.5907
   137   281   142  2.3930  0.5842
   129   280   136  2.3884  0.5863
   136   275   141  2.3827  0.5815
   137   275   142  2.3810  0.5804
   133   283   142  2.3775  0.5793
   131   275   141  2.3749  0.5790
   129   275   142  2.3708  0.5771
   129   276   136  2.3700  0.5804
   129   281   137  2.3642  0.5780
   129   280   137  2.3611  0.5770
   139   273   139  2.3587  0.5750
   139   278   135  2.3580  0.5772
   130   283   137  2.3575  0.5758
   139   277   137  2.3491  0.5732
   134   283   142  2.3411  0.5678
   129   282   137  2.3402  0.5703
   129   279   137  2.3345  0.5686
   129   276   141  2.3301  0.5649
   129   281   136  2.3235  0.5657
   139   283   139  2.3199  0.5628
   137   282   142  2.3166  0.5601
   130   275   141  2.3152  0.5602
   137   275   141  2.3127  0.5594
   139   278   138  2.3106  0.5604
   130   273   139  2.3085  0.5592
   135   283   142  2.3036  0.5560
   139   277   138  2.3009  0.5574
   129   274   139  2.3005  0.5567
   139   279   138  2.2950  0.5555
   129   278   137  2.2884  0.5540
   129   283   137  2.2864  0.5534
   129   275   136  2.2801  0.5520
   129   275   135  2.2695  0.5492
   139   277   135  2.2692  0.5492
   136   283   142  2.2660  0.5443
   139   276   138  2.2651  0.5462
   139   280   138  2.2559  0.5433
   139   276   137  2.2552  0.5437
   134   273   136  2.2517  0.5431
   133   273   136  2.2513  0.5430
   129   282   136  2.2456  0.5412
   129   275   141  2.2366  0.5357
   137   283   142  2.2274  0.5324
   129   277   137  2.2260  0.5346
   132   273   136  2.2224  0.5340
   135   273   136  2.2196  0.5332
   139   275   138  2.2024  0.5268
   132   283   136  2.1998  0.5270
   131   283   136  2.1960  0.5259
   139   281   138  2.1956  0.5247
   133   283   136  2.1945  0.5254
   130   283   136  2.1836  0.5220
   133   275   134  2.1798  0.5220
   134   283   136  2.1796  0.5208
   133   276   134  2.1773  0.5212
   132   275   134  2.1745  0.5203
   134   275   134  2.1745  0.5203
   129   273   139  2.1741  0.5175
   134   276   134  2.1738  0.5201
   131   273   136  2.1700  0.5179
   132   276   134  2.1699  0.5189
   139   276   135  2.1660  0.5172
   133   274   134  2.1647  0.5173
   133   277   134  2.1633  0.5169
   129   283   136  2.1626  0.5156
   134   273   137  2.1617  0.5148
   132   274   134  2.1616  0.5164
   135   273   137  2.1614  0.5147
   134   277   134  2.1607  0.5161
   129   274   136  2.1594  0.5146
   135   276   134  2.1588  0.5155
   131   275   134  2.1582  0.5153
   134   274   134  2.1575  0.5151
   135   275   134  2.1574  0.5151
   135   283   136  2.1550  0.5133
   132   277   134  2.1545  0.5142
   136   273   136  2.1530  0.5127
   129   279   138  2.1523  0.5114
   131   276   134  2.1507  0.5130
   129   276   137  2.1502  0.5113
   131   274   134  2.1481  0.5122
   129   280   138  2.1481  0.5101
   135   277   134  2.1470  0.5119
   135   273   138  2.1423  0.5084
   133   278   134  2.1421  0.5104
   129   278   138  2.1421  0.5083
   139   275   137  2.1405  0.5083
   134   278   134  2.1391  0.5095
   135   274   134  2.1383  0.5092
   136   273   138  2.1382  0.5071
   134   283   138  2.1359  0.5064
   133   273   137  2.1343  0.5064
   135   283   138  2.1338  0.5058
   131   277   134  2.1334  0.5077
   132   278   134  2.1334  0.5077
   133   283   138  2.1323  0.5053
   129   281   138  2.1316  0.5051
   129   274   135  2.1315  0.5066
   136   276   134  2.1305  0.5069
   136   273   137  2.1299  0.5051
   130   275   134  2.1294  0.5065
   134   273   138  2.1276  0.5039
   136   275   134  2.1260  0.5055
   133   273   134  2.1257  0.5054
   139   279   136  2.1256  0.5043
   135   278   134  2.1254  0.5053
   132   273   134  2.1243  0.5049
   132   283   138  2.1243  0.5029
   136   283   138  2.1242  0.5029
   130   274   134  2.1226  0.5044
   136   283   136  2.1214  0.5030
   139   278   136  2.1213  0.5030
   136   277   134  2.1212  0.5040
   130   276   134  2.1188  0.5033
   139   282   138  2.1177  0.5009
   134   273   134  2.1173  0.5028
   133   279   134  2.1155  0.5023
   129   277   138  2.1149  0.5001
   137   273   138  2.1138  0.4997
   131   273   134  2.1130  0.5015
   139   274   138  2.1127  0.4994
   131   278   134  2.1119  0.5012
   131   283   138  2.1116  0.4990
   139   280   136  2.1114  0.5000
   134   279   134  2.1107  0.5008
   132   279   134  2.1084  0.5001
   137   283   138  2.1048  0.4970
   129   282   138  2.1041  0.4968
   136   274   134  2.1040  0.4988
   136   278   134  2.1009  0.4978
   130   277   134  2.0993  0.4973
   130   273   136  2.0987  0.4962
   135   273   134  2.0968  0.4966
   139   277   136  2.0964  0.4955
   135   279   134  2.0958  0.4963
   133   273   138  2.0949  0.4940
   130   283   138  2.0930  0.4935
   130   273   134  2.0902  0.4946
   131   279   134  2.0882  0.4940
   129   275   134  2.0872  0.4937
   137   276   134  2.0860  0.4933
   132   273   137  2.0848  0.4915
   129   274   134  2.0831  0.4925
   133   280   134  2.0829  0.4924
   137   277   134  2.0809  0.4918
   139   281   136  2.0803  0.4906
   137   283   136  2.0793  0.4903
   132   280   134  2.0788  0.4911
   129   280   140  2.0779  0.4879
   130   278   134  2.0770  0.4906
   137   275   134  2.0770  0.4906
   134   280   134  2.0755  0.4902
   129   276   134  2.0740  0.4897
   138   283   138  2.0730  0.4874
   136   279   134  2.0712  0.4889
   129   279   140  2.0704  0.4857
   129   276   138  2.0686  0.4861
   138   273   138  2.0671  0.4857
   137   273   137  2.0665  0.4860
   129   283   138  2.0664  0.4855
   137   278   134  2.0637  0.4866
   129   275   137  2.0629  0.4849
   131   280   134  2.0614  0.4859
   136   273   134  2.0608  0.4857
   135   280   134  2.0584  0.4850
   139   275   135  2.0559  0.4838
   130   279   134  2.0546  0.4839
   129   273   134  2.0532  0.4835
   137   273   136  2.0532  0.4825
   129   277   134  2.0529  0.4834
   137   274   134  2.0511  0.4828
   139   276   136  2.0492  0.4813
   132   273   135  2.0487  0.4816
   129   281   140  2.0453  0.4782
   131   273   135  2.0448  0.4804
   132   273   138  2.0447  0.4790
   133   281   134  2.0429  0.4804
   133   273   135  2.0427  0.4798
   132   281   134  2.0422  0.4802
   137   279   134  2.0360  0.4783
   139   282   136  2.0339  0.4767
   136   280   134  2.0328  0.4773
   134   281   134  2.0324  0.4772
   130   280   134  2.0308  0.4767
   129   278   134  2.0306  0.4767
   138   283   136  2.0297  0.4754
   134   273   135  2.0288  0.4757
   131   281   134  2.0286  0.4761
   130   273   135  2.0280  0.4754
   129   278   140  2.0274  0.4729
   139   283   138  2.0266  0.4736
   138   277   134  2.0231  0.4744
   138   276   134  2.0222  0.4742
   131   273   137  2.0193  0.4719
   129   273   136  2.0131  0.4705
   135   281   134  2.0128  0.4714
   138   278   134  2.0114  0.4709
   129   279   134  2.0101  0.4706
   135   273   135  2.0082  0.4695
   139   274   137  2.0074  0.4684
   138   275   134  2.0074  0.4698
   137   273   134  2.0055  0.4692
   130   281   134  2.0023  0.4683
   129   275   138  2.0019  0.4663
   136   279   133  2.6239  0.6658
   135   279   133  2.6221  0.6652
   135   280   133  2.6211  0.6648
   136   280   133  2.6157  0.6630
   128   280   135  2.6144  0.6611
   134   280   133  2.6083  0.6605
   136   278   133  2.6082  0.6605
   137   279   133  2.6041  0.6591
   134   279   133  2.6008  0.6580
   135   278   133  2.5989  0.6574
   128   281   135  2.5986  0.6558
   135   281   133  2.5951  0.6561
   128   279   135  2.5940  0.6543
   137   278   133  2.5932  0.6555
   137   280   133  2.5914  0.6548
   134   281   133  2.5894  0.6542
   133   284   135  2.5872  0.6520
   136   281   133  2.5838  0.6523
   134   284   135  2.5806  0.6498
   132   284   135  2.5791  0.6493
   133   280   133  2.5783  0.6505
   138   280   141  2.5758  0.6441
   138   281   141  2.5741  0.6436
   136   277   133  2.5693  0.6475
   134   278   133  2.5687  0.6473
   133   281   133  2.5669  0.6467
   133   279   133  2.5621  0.6451
   138   279   133  2.5606  0.6446
   135   284   135  2.5596  0.6428
   137   277   133  2.5584  0.6438
   137   281   133  2.5556  0.6429
   131   284   135  2.5554  0.6415
   135   277   133  2.5531  0.6421
   138   278   133  2.5507  0.6413
   128   282   135  2.5497  0.6395
   138   280   133  2.5466  0.6399
   135   282   133  2.5447  0.6393
   134   282   133  2.5444  0.6392
   138   279   141  2.5438  0.6336
   135   272   139  2.5416  0.6342
   128   280   142  2.5401  0.6317
   128   278   135  2.5377  0.6356
   138   282   141  2.5356  0.6309
   132   280   133  2.5323  0.6352
   134   272   139  2.5301  0.6304
   136   282   133  2.5292  0.6341
   132   281   133  2.5283  0.6338
   133   282   133  2.5279  0.6337
   128   281   142  2.5278  0.6277
   128   279   142  2.5246  0.6267
   136   284   135  2.5235  0.6309
   133   278   133  2.5209  0.6314
   138   277   133  2.5166  0.6300
   136   272   139  2.5161  0.6258
   130   284   135  2.5148  0.6280
   134   277   133  2.5145  0.6293
   136   276   133  2.5082  0.6272
   132   279   133  2.5081  0.6272
   128   279   139  2.5072  0.6229
   137   276   133  2.5002  0.6246
   128   280   139  2.4988  0.6202
   140   278   139  2.4959  0.6192
   132   282   133  2.4955  0.6230
   140   277   139  2.4923  0.6180
   134   284   139  2.4915  0.6178
   139   279   133  2.4914  0.6217
   128   278   139  2.4889  0.6169
   133   284   139  2.4884  0.6167
   135   276   133  2.4869  0.6202
   128   278   142  2.4866  0.6143
   138   278   141  2.4848  0.6143
   128   282   142  2.4845  0.6136
   133   272   139  2.4827  0.6149
   139   278   133  2.4787  0.6175
   131   281   133  2.4749  0.6163
   140   279   139  2.4743  0.6122
   135   284   139  2.4740  0.6121
   128   283   135  2.4738  0.6146
   134   284   141  2.4728  0.6104
   131   280   133  2.4724  0.6154
   137   284   135  2.4707  0.6136
   133   284   141  2.4698  0.6094
   132   284   139  2.4664  0.6096
   128   281   139  2.4656  0.6093
   135   284   141  2.4642  0.6076
   138   283   141  2.4615  0.6068
   140   276   139  2.4605  0.6077
   132   278   133  2.4586  0.6109
   138   276   133  2.4586  0.6109
   133   277   133  2.4582  0.6108
   129   284   135  2.4557  0.6087
   132   284   141  2.4554  0.6048
   136   284   137  2.4541  0.6069
   137   272   139  2.4539  0.6055
   135   284   137  2.4531  0.6065
   128   280   141  2.4515  0.6035
   128   277   135  2.4501  0.6069
   131   282   133  2.4484  0.6076
   128   281   141  2.4455  0.6016
   128   277   139  2.4435  0.6022
   136   284   141  2.4430  0.6008
   139   277   133  2.4419  0.6055
   134   276   133  2.4417  0.6054
   131   279   133  2.4412  0.6053
   134   284   137  2.4356  0.6009
   136   284   139  2.4354  0.5996
   137   284   137  2.4343  0.6005
   128   277   142  2.4319  0.5966
   138   278   142  2.4318  0.5966
   140   280   139  2.4316  0.5984
   128   279   141  2.4316  0.5971
   131   284   141  2.4298  0.5966
   131   284   139  2.4284  0.5973
   136   275   133  2.4268  0.6006
   133   274   142  2.4256  0.5946
   138   279   142  2.4215  0.5933
   137   275   133  2.4200  0.5984
   132   274   142  2.4178  0.5921
   134   274   142  2.4176  0.5921
   138   277   142  2.4158  0.5915
   128   282   141  2.4137  0.5914
   128   283   142  2.4104  0.5898
   128   282   139  2.4099  0.5914
   130   281   133  2.4091  0.5949
   137   284   141  2.4077  0.5895
   138   277   141  2.4062  0.5890
   133   284   137  2.4056  0.5912
   132   272   139  2.4026  0.5890
   135   275   133  2.4025  0.5928
   130   280   133  2.4007  0.5922
   140   275   139  2.4000  0.5882
   138   284   135  2.3996  0.5906
   131   274   142  2.3936  0.5844
   135   274   142  2.3932  0.5843
   130   284   141  2.3927  0.5847
   138   284   137  2.3898  0.5862
   130   282   133  2.3883  0.5882
   132   277   133  2.3882  0.5881
   128   278   141  2.3878  0.5831
   138   280   142  2.3877  0.5825
   131   278   133  2.3847  0.5870
   140   281   137  2.3824  0.5838
   139   276   133  2.3815  0.5860
   133   276   133  2.3784  0.5850
   138   275   133  2.3779  0.5848
   128   284   135  2.3775  0.5834
   137   284   139  2.3772  0.5809
   130   284   139  2.3772  0.5809
   140   280   137  2.3744  0.5813
   128   278   136  2.3737  0.5816
   138   276   142  2.3728  0.5778
   128   276   139  2.3725  0.5794
   140   281   139  2.3721  0.5793
   128   279   136  2.3685  0.5800
   132   284   137  2.3662  0.5786
   128   276   142  2.3660  0.5756
   130   279   133  2.3639  0.5803
   140   282   137  2.3614  0.5771
   128   283   141  2.3583  0.5738
   138   284   141  2.3565  0.5732
   138   272   139  2.3561  0.5742
   134   275   133  2.3534  0.5770
   134   274   141  2.3525  0.5719
   130   274   142  2.3524  0.5713
   136   274   142  2.3514  0.5710
   140   281   135  2.3500  0.5747
   133   274   141  2.3483  0.5706
   128   277   136  2.3455  0.5726
   129   284   141  2.3437  0.5692
   140   279   137  2.3414  0.5708
   140   280   135  2.3393  0.5713
   128   276   135  2.3382  0.5709
   128   283   139  2.3345  0.5674
   128   280   136  2.3343  0.5691
   138   281   142  2.3343  0.5656
   129   281   133  2.3326  0.5704
   135   274   141  2.3321  0.5655
   140   282   135  2.3317  0.5688
   129   284   142  2.3287  0.5639
   130   284   142  2.3278  0.5636
   136   274   133  2.3271  0.5686
   128   277   141  2.3229  0.5626
   132   274   141  2.3220  0.5623
   137   274   133  2.3198  0.5663
   129   280   133  2.3196  0.5662
   131   284   137  2.3190  0.5637
   139   284   137  2.3183  0.5634
   129   282   133  2.3170  0.5654
   129   284   139  2.3146  0.5611
   138   276   141  2.3140  0.5598
   140   274   139  2.3122  0.5604
   131   284   142  2.3109  0.5583
   128   284   142  2.3092  0.5578
   139   284   135  2.3086  0.5615
   131   277   133  2.3080  0.5625
   140   283   137  2.3076  0.5601
   138   275   142  2.3035  0.5560
   135   274   133  2.3028  0.5609
   140   279   135  2.3024  0.5596
   132   276   133  2.3021  0.5607
   130   278   133  2.3021  0.5607
   138   284   139  2.3018  0.5571
   139   275   133  2.2991  0.5597
   140   282   139  2.2983  0.5560
   131   272   139  2.2953  0.5551
   129   274   142  2.2928  0.5526
   128   275   142  2.2927  0.5526
   137   274   142  2.2909  0.5520
   140   278   137  2.2865  0.5534
   133   275   133  2.2858  0.5555
   136   274   141  2.2841  0.5504
   132   284   142  2.2836  0.5498
   128   284   141  2.2832  0.5502
   128   276   136  2.2827  0.5528
   140   283   135  2.2814  0.5530
   129   279   133  2.2785  0.5532
   128   275   139  2.2784  0.5498
   128   281   136  2.2780  0.5514
   138   274   133  2.2766  0.5526
   131   274   141  2.2752  0.5477
   128   281   137  2.2666  0.5472
   138   282   142  2.2654  0.5441
   130   284   137  2.2645  0.5466
   128   280   137  2.2575  0.5444
   134   274   133  2.2527  0.5452
   133   284   142  2.2515  0.5398
   128   282   137  2.2505  0.5422
   140   278   135  2.2424  0.5408
   128   284   139  2.2420  0.5384
   128   276   141  2.2398  0.5367
   128   280   133  2.2305  0.5382
   128   279   137  2.2272  0.5350
   139   272   139  2.2254  0.5333
   130   277   133  2.2206  0.5351
   140   284   137  2.2193  0.5325
   134   284   142  2.2188  0.5297
   131   276   133  2.2169  0.5340
   128   274   142  2.2143  0.5283
   140   278   138  2.2135  0.5302
   129   278   133  2.2128  0.5327
   139   284   139  2.2119  0.5292
   136   273   133  2.2119  0.5324
   140   283   139  2.2111  0.5289
   140   277   137  2.2110  0.5299
   128   275   135  2.2109  0.5310
   138   275   141  2.2104  0.5276
   138   274   142  2.2104  0.5271
   130   274   141  2.2090  0.5272
   128   282   136  2.2082  0.5296
   128   283   137  2.2059  0.5284
   137   274   141  2.2055  0.5261
   132   275   133  2.2054  0.5304
   140   279   138  2.2037  0.5271
   137   273   133  2.2023  0.5294
   129   284   137  2.2023  0.5273
   140   273   139  2.2001  0.5255
   140   277   138  2.2000  0.5260
   139   274   133  2.1967  0.5277
   140   284   135  2.1966  0.5266
   135   273   133  2.1897  0.5256
   135   284   142  2.1879  0.5203
   128   275   136  2.1874  0.5232
   128   279   133  2.1864  0.5245
   138   283   142  2.1848  0.5193
   133   274   133  2.1837  0.5237
   128   278   137  2.1799  0.5204
   140   280   138  2.1718  0.5174
   130   272   139  2.1689  0.5160
   128   274   139  2.1649  0.5147
   140   277   135  2.1632  0.5163
   140   276   138  2.1626  0.5145
   136   284   142  2.1588  0.5114
   138   273   133  2.1575  0.5156
   134   273   133  2.1415  0.5107
   128   275   141  2.1402  0.5062
   128   283   136  2.1327  0.5065
   128   284   137  2.1317  0.5056
   137   284   142  2.1292  0.5024
   129   277   133  2.1282  0.5067
   130   276   133  2.1260  0.5060
   129   274   141  2.1249  0.5016
   140   281   138  2.1194  0.5014
   128   277   137  2.1186  0.5017
   128   278   133  2.1183  0.5036
   131   275   133  2.1170  0.5032
   140   276   137  2.1160  0.5009
   140   284   139  2.1097  0.4980
   131   284   136  2.1017  0.4971
   132   274   133  2.1017  0.4986
   132   284   136  2.1007  0.4968
   140   275   138  2.1005  0.4957
   130   284   136  2.0950  0.4951
   134   272   136  2.0948  0.4950
   138   284   142  2.0948  0.4921
   138   274   141  2.0944  0.4924
   133   284   136  2.0920  0.4941
   133   272   136  2.0907  0.4938
   128   280   138  2.0875  0.4918
   128   279   138  2.0829  0.4904
   136   272   133  2.0826  0.4928
   129   284   136  2.0805  0.4907
   128   281   138  2.0796  0.4894
   128   274   135  2.0768  0.4901
   134   284   136  2.0757  0.4892
   133   273   133  2.0736  0.4901
   140   276   135  2.0701  0.4880
   137   272   133  2.0699  0.4890
   135   272   136  2.0673  0.4867
   140   272   139  2.0669  0.4851
   135   272   133  2.0644  0.4873
   128   278   138  2.0643  0.4848
   128   274   136  2.0638  0.4856
   128   282   138  2.0601  0.4836
   132   272   136  2.0589  0.4842
   133   272   134  2.0588  0.4851
   132   272   134  2.0578  0.4848
   128   284   136  2.0575  0.4838
   133   284   138  2.0555  0.4822
   132   284   138  2.0553  0.4821
   135   284   136  2.0524  0.4822
   134   284   138  2.0515  0.4810
   131   284   138  2.0503  0.4807
   134   272   134  2.0502  0.4826
   140   282   138  2.0492  0.4803
   128   280   140  2.0486  0.4792
   131   272   134  2.0478  0.4818
   128   276   137  2.0458  0.4798
   128   279   140  2.0432  0.4776
   135   284   138  2.0425  0.4783
   130   284   138  2.0389  0.4773
   128   273   139  2.0361  0.4759
   129   272   139  2.0328  0.4750
   128   277   133  2.0321  0.4776
   128   275   134  2.0318  0.4770
   129   276   133  2.0313  0.4774
   135   272   134  2.0298  0.4764
   128   277   138  2.0298  0.4745
   128   283   138  2.0292  0.4744
   128   274   134  2.0288  0.4761
   136   284   138  2.0275  0.4739
   130   272   134  2.0268  0.4755
   128   274   141  2.0248  0.4717
   130   275   133  2.0237  0.4751
   138   272   133  2.0235  0.4750
   136   284   136  2.0228  0.4734
   134   272   133  2.0199  0.4740
   129   284   138  2.0186  0.4712
   128   276   134  2.0182  0.4730
   128   281   140  2.0138  0.4689
   140   274   138  2.0134  0.4697
   131   274   133  2.0117  0.4715
   134   272   137  2.0114  0.4696
   140   280   136  2.0098  0.4695
   140   279   136  2.0086  0.4692
   136   272   136  2.0063  0.4685
   135   272   137  2.0052  0.4677
   137   284   138  2.0045  0.4670
   131   272   136  2.0042  0.4679
   140   275   137  2.0027  0.4669
   128   278   140  2.0021  0.4654
   128   273   134  2.0001  0.4676
   127   280   135  2.5152  0.6282
   138   281   133  2.5101  0.6278
   137   282   133  2.4985  0.6240
   127   279   135  2.4978  0.6224
   127   281   135  2.4975  0.6223
   139   281   141  2.4820  0.6134
   139   280   133  2.4802  0.6180
   139   280   141  2.4775  0.6120
   134   283   133  2.4754  0.6164
   135   283   133  2.4723  0.6154
   127   280   142  2.4651  0.6073
   133   283   133  2.4634  0.6125
   127   281   142  2.4599  0.6056
   136   283   133  2.4545  0.6096
   138   282   133  2.4531  0.6091
   139   282   141  2.4504  0.6032
   133   285   135  2.4497  0.6067
   127   282   135  2.4484  0.6063
   139   281   133  2.4464  0.6070
   132   285   135  2.4464  0.6057
   127   278   135  2.4454  0.6053
   127   279   142  2.4437  0.6004
   134   285   135  2.4399  0.6036
   139   279   141  2.4395  0.5997
   132   283   133  2.4364  0.6037
   131   285   135  2.4282  0.5998
   127   282   142  2.4248  0.5943
   137   283   133  2.4231  0.5994
   135   285   135  2.4177  0.5964
   127   278   142  2.4008  0.5867
   140   279   133  2.3961  0.5907
   131   283   133  2.3952  0.5904
   127   279   139  2.3951  0.5867
   130   285   135  2.3931  0.5885
   127   280   139  2.3924  0.5858
   140   280   133  2.3913  0.5891
   135   271   139  2.3866  0.5839
   139   283   141  2.3838  0.5819
   136   285   135  2.3825  0.5851
   140   278   133  2.3773  0.5846
   134   271   139  2.3751  0.5803
   127   283   135  2.3740  0.5823
   139   278   141  2.3738  0.5787
   127   280   141  2.3721  0.5781
   127   278   139  2.3708  0.5789
   127   281   141  2.3696  0.5773
   127   281   139  2.3644  0.5769
   127   277   135  2.3620  0.5785
   136   271   139  2.3606  0.5757
   127   283   142  2.3595  0.5736
   133   285   141  2.3538  0.5723
   134   285   141  2.3495  0.5710
   134   285   139  2.3492  0.5721
   133   285   139  2.3481  0.5717
   139   278   142  2.3477  0.5698
   127   279   141  2.3468  0.5701
   132   285   141  2.3467  0.5701
   127   277   142  2.3423  0.5682
   139   279   142  2.3423  0.5681
   130   283   133  2.3411  0.5731
   127   282   141  2.3397  0.5679
   129   285   135  2.3394  0.5713
   140   277   133  2.3351  0.5712
   141   278   139  2.3351  0.5676
   135   285   141  2.3348  0.5663
   137   285   135  2.3330  0.5693
   135   285   139  2.3320  0.5666
   132   285   139  2.3303  0.5661
   133   273   142  2.3288  0.5639
   131   285   141  2.3274  0.5640
   139   277   142  2.3273  0.5634
   133   271   139  2.3273  0.5651
   132   273   142  2.3250  0.5627
   141   277   139  2.3247  0.5643
   141   279   139  2.3214  0.5632
   127   277   139  2.3193  0.5626
   134   273   142  2.3171  0.5602
   139   280   142  2.3142  0.5593
   127   282   139  2.3142  0.5610
   136   285   137  2.3126  0.5616
   135   285   137  2.3115  0.5613
   136   285   141  2.3100  0.5585
   131   273   142  2.3049  0.5564
   131   285   139  2.2981  0.5559
   137   271   139  2.2979  0.5559
   127   278   141  2.2961  0.5542
   136   285   139  2.2960  0.5553
   130   285   141  2.2953  0.5539
   134   285   137  2.2952  0.5562
   137   285   137  2.2945  0.5560
   127   279   136  2.2924  0.5558
   135   273   142  2.2893  0.5515
   127   278   136  2.2887  0.5547
   139   277   141  2.2876  0.5516
   141   276   139  2.2875  0.5526
   141   280   139  2.2873  0.5526
   139   284   141  2.2868  0.5513
   127   283   141  2.2855  0.5509
   127   284   135  2.2811  0.5529
   139   276   142  2.2800  0.5486
   129   283   133  2.2753  0.5522
   137   285   141  2.2746  0.5475
   127   276   142  2.2734  0.5466
   140   276   133  2.2708  0.5508
   133   285   137  2.2677  0.5475
   127   280   136  2.2676  0.5481
   139   281   142  2.2675  0.5447
   127   284   142  2.2673  0.5447
   138   285   135  2.2668  0.5484
   130   273   142  2.2668  0.5445
   128   285   135  2.2665  0.5483
   127   276   135  2.2544  0.5445
   138   285   137  2.2538  0.5432
   130   285   139  2.2538  0.5421
   127   277   136  2.2527  0.5434
   129   285   141  2.2501  0.5399
   128   281   133  2.2470  0.5433
   132   271   139  2.2463  0.5398
   127   283   139  2.2452  0.5394
   136   273   142  2.2444  0.5376
   127   276   139  2.2426  0.5386
   137   285   139  2.2422  0.5385
   134   273   141  2.2405  0.5369
   141   281   137  2.2383  0.5384
   141   281   139  2.2364  0.5367
   128   282   133  2.2353  0.5397
   133   273   141  2.2348  0.5352
   132   285   137  2.2321  0.5365
   138   285   141  2.2272  0.5328
   141   280   137  2.2263  0.5347
   127   277   141  2.2238  0.5318
   141   275   139  2.2229  0.5326
   141   282   137  2.2222  0.5334
   127   281   136  2.2209  0.5336
   135   273   141  2.2185  0.5301
   127   284   141  2.2117  0.5280
   129   273   142  2.2090  0.5267
   139   275   142  2.2065  0.5259
   139   282   142  2.2062  0.5258
   141   281   135  2.2057  0.5294
   132   273   141  2.2044  0.5258
   138   271   139  2.2003  0.5256
   129   285   142  2.2001  0.5240
   129   285   139  2.1991  0.5252
   128   283   133  2.1983  0.5282
   127   275   142  2.1978  0.5233
   141   280   135  2.1968  0.5267
   130   285   142  2.1939  0.5221
   128   285   141  2.1924  0.5221
   131   285   137  2.1904  0.5236
   141   279   137  2.1901  0.5235
   141   282   135  2.1888  0.5242
   139   285   137  2.1884  0.5230
   128   285   142  2.1878  0.5202
   139   276   141  2.1869  0.5204
   140   275   133  2.1861  0.5244
   127   276   136  2.1839  0.5221
   139   285   135  2.1819  0.5221
   137   273   142  2.1807  0.5180
   127   285   135  2.1756  0.5201
   141   283   137  2.1747  0.5188
   131   285   142  2.1741  0.5160
   138   285   139  2.1724  0.5170
   141   282   139  2.1709  0.5166
   136   273   141  2.1659  0.5140
   139   285   141  2.1652  0.5138
   141   279   135  2.1649  0.5168
   127   281   137  2.1613  0.5147
   127   284   139  2.1607  0.5135
   127   282   136  2.1602  0.5149
   127   285   142  2.1544  0.5100
   127   282   137  2.1527  0.5120
   127   281   133  2.1525  0.5141
   131   273   141  2.1524  0.5099
   127   280   137  2.1468  0.5103
   132   285   142  2.1467  0.5077
   127   275   139  2.1442  0.5084
   130   285   137  2.1433  0.5092
   141   283   135  2.1427  0.5100
   131   271   139  2.1385  0.5067
   128   285   139  2.1353  0.5057
   127   280   133  2.1339  0.5084
   127   276   141  2.1338  0.5043
   139   283   142  2.1333  0.5036
   141   278   137  2.1330  0.5061
   141   274   139  2.1326  0.5049
   127   275   135  2.1312  0.5065
   128   273   142  2.1308  0.5029
   127   285   141  2.1231  0.5010
   127   274   142  2.1178  0.4990
   133   285   142  2.1175  0.4989
   127   283   137  2.1171  0.5012
   127   279   137  2.1138  0.5002
   141   278   135  2.1123  0.5008
   139   274   142  2.1093  0.4964
   140   285   137  2.0979  0.4954
   138   273   142  2.0967  0.4926
   141   284   137  2.0947  0.4945
   127   283   136  2.0931  0.4945
   141   278   138  2.0920  0.4932
   141   283   139  2.0912  0.4924
   134   285   142  2.0905  0.4908
   129   285   137  2.0899  0.4930
   141   279   138  2.0890  0.4922
   139   285   139  2.0888  0.4917
   127   279   133  2.0882  0.4945
   127   275   136  2.0846  0.4919
   140   274   133  2.0835  0.4931
   130   273   141  2.0816  0.4886
   137   273   141  2.0810  0.4884
   139   273   133  2.0774  0.4912
   140   285   135  2.0768  0.4901
   139   275   141  2.0747  0.4865
   141   277   138  2.0744  0.4878
   139   271   139  2.0710  0.4864
   135   285   142  2.0672  0.4838
   127   278   137  2.0662  0.4859
   141   280   138  2.0658  0.4853
   141   284   135  2.0640  0.4862
   127   285   139  2.0637  0.4842
   141   277   137  2.0571  0.4832
   127   284   137  2.0527  0.4818
   139   284   142  2.0504  0.4788
   136   285   142  2.0463  0.4776
   141   277   135  2.0419  0.4796
   141   276   138  2.0353  0.4762
   127   273   142  2.0333  0.4737
   127   275   141  2.0293  0.4730
   128   285   137  2.0293  0.4748
   127   274   139  2.0288  0.4738
   127   284   136  2.0252  0.4741
   137   285   142  2.0245  0.4711
   141   281   138  2.0234  0.4726
   141   273   139  2.0198  0.4711
   127   278   133  2.0192  0.4737
   127   280   138  2.0190  0.4713
   127   281   138  2.0181  0.4711
   130   271   139  2.0128  0.4690
   131   285   136  2.0100  0.4696
   130   285   136  2.0097  0.4695
   127   279   138  2.0072  0.4678
   127   277   137  2.0069  0.4682
   127   282   138  2.0050  0.4672
   132   285   136  2.0031  0.4675
   129   285   136  2.0016  0.4671
   127   274   135  2.0007  0.4673
   127   280   140  2.0002  0.4649
   126   280   135  2.3993  0.5904
   139   282   133  2.3924  0.5895
   134   284   133  2.3869  0.5877
   126   279   135  2.3842  0.5856
   135   284   133  2.3819  0.5861
   126   281   135  2.3803  0.5843
   138   283   133  2.3787  0.5851
   133   284   133  2.3782  0.5849
   126   281   142  2.3725  0.5777
   126   280   142  2.3724  0.5777
   140   281   133  2.3639  0.5803
   136   284   133  2.3636  0.5802
   140   281   141  2.3581  0.5737
   132   284   133  2.3559  0.5778
   126   279   142  2.3468  0.5695
   140   280   141  2.3449  0.5695
   126   282   142  2.3441  0.5687
   140   282   141  2.3365  0.5669
   126   278   135  2.3347  0.5698
   137   284   133  2.3330  0.5705
   126   282   135  2.3312  0.5687
   139   283   133  2.3215  0.5668
   131   284   133  2.3204  0.5665
   140   282   133  2.3162  0.5651
   126   278   142  2.3005  0.5550
   140   279   141  2.2994  0.5552
   132   286   135  2.2984  0.5583
   133   286   135  2.2958  0.5575
   138   284   133  2.2907  0.5571
   126   283   142  2.2870  0.5508
   131   286   135  2.2866  0.5546
   126   281   141  2.2821  0.5498
   140   283   141  2.2812  0.5495
   141   280   133  2.2810  0.5540
   134   286   135  2.2807  0.5528
   126   280   141  2.2804  0.5493
   141   279   133  2.2766  0.5526
   126   280   139  2.2762  0.5491
   126   279   139  2.2737  0.5483
   130   284   133  2.2727  0.5514
   141   281   133  2.2631  0.5484
   126   283   135  2.2586  0.5458
   130   286   135  2.2580  0.5456
   126   282   141  2.2548  0.5414
   135   286   135  2.2547  0.5446
   126   277   135  2.2544  0.5445
   126   281   139  2.2538  0.5421
   141   278   133  2.2495  0.5441
   126   279   141  2.2493  0.5396
   140   279   142  2.2491  0.5390
   140   278   142  2.2481  0.5387
   126   278   139  2.2444  0.5392
   126   277   142  2.2390  0.5359
   140   280   142  2.2277  0.5324
   140   278   141  2.2268  0.5327
   132   272   142  2.2232  0.5311
   140   277   142  2.2216  0.5306
   133   272   142  2.2216  0.5306
   132   286   141  2.2191  0.5303
   133   286   141  2.2186  0.5302
   136   286   135  2.2176  0.5331
   129   284   133  2.2129  0.5327
   129   286   135  2.2108  0.5310
   126   282   139  2.2099  0.5285
   131   272   142  2.2079  0.5264
   134   286   141  2.2074  0.5267
   131   286   141  2.2071  0.5266
   134   272   142  2.2043  0.5252
   126   279   136  2.2041  0.5283
   126   284   142  2.2039  0.5251
   135   270   139  2.2025  0.5262
   126   283   141  2.2021  0.5251
   141   277   133  2.2007  0.5289
   140   284   141  2.1957  0.5231
   133   286   139  2.1923  0.5231
   126   278   136  2.1920  0.5246
   126   278   141  2.1918  0.5219
   134   270   139  2.1914  0.5229
   134   286   139  2.1913  0.5228
   126   280   136  2.1889  0.5237
   126   277   139  2.1887  0.5220
   140   281   142  2.1879  0.5202
   135   286   141  2.1872  0.5205
   130   286   141  2.1813  0.5187
   132   286   139  2.1790  0.5191
   136   270   139  2.1771  0.5185
   135   286   139  2.1743  0.5176
   130   272   142  2.1736  0.5159
   135   272   142  2.1714  0.5152
   126   284   135  2.1696  0.5183
   140   276   142  2.1685  0.5143
   137   286   135  2.1682  0.5179
   126   276   142  2.1673  0.5139
   142   278   139  2.1618  0.5138
   136   286   141  2.1595  0.5121
   142   279   139  2.1572  0.5124
   131   286   139  2.1533  0.5112
   126   281   136  2.1523  0.5124
   126   276   135  2.1501  0.5123
   126   277   136  2.1493  0.5115
   126   283   139  2.1483  0.5097
   133   270   139  2.1449  0.5086
   128   286   135  2.1447  0.5107
   142   277   139  2.1437  0.5083
   127   282   133  2.1436  0.5114
   136   286   137  2.1426  0.5090
   135   286   137  2.1425  0.5089
   129   286   141  2.1414  0.5066
   128   284   133  2.1411  0.5106
   136   286   139  2.1409  0.5074
   140   277   141  2.1338  0.5043
   140   282   142  2.1336  0.5038
   142   280   139  2.1329  0.5050
   141   276   133  2.1319  0.5078
   126   284   141  2.1296  0.5030
   134   286   137  2.1287  0.5047
   137   286   137  2.1254  0.5037
   137   286   141  2.1243  0.5014
   136   272   142  2.1217  0.5002
   129   272   142  2.1180  0.4990
   130   286   139  2.1170  0.5002
   137   270   139  2.1161  0.4999
   126   277   141  2.1125  0.4979
   127   283   133  2.1099  0.5011
   126   276   139  2.1092  0.4978
   133   286   137  2.1047  0.4975
   138   286   135  2.1045  0.4984
   134   272   141  2.1019  0.4947
   126   282   136  2.1014  0.4970
   126   285   142  2.1007  0.4938
   142   276   139  2.1007  0.4953
   133   272   141  2.0943  0.4924
   142   281   139  2.0916  0.4925
   137   286   139  2.0915  0.4925
   140   275   142  2.0897  0.4905
   126   275   142  2.0891  0.4904
   138   286   137  2.0882  0.4925
   128   286   141  2.0881  0.4905
   140   285   141  2.0852  0.4897
   138   286   141  2.0806  0.4883
   135   272   141  2.0797  0.4880
   126   276   136  2.0759  0.4893
   142   281   137  2.0751  0.4886
   132   286   137  2.0739  0.4882
   126   284   139  2.0727  0.4869
   129   286   139  2.0716  0.4865
   126   285   135  2.0702  0.4881
   140   283   142  2.0675  0.4839
   132   270   139  2.0663  0.4850
   142   282   137  2.0622  0.4847
   142   280   137  2.0619  0.4846
   127   286   135  2.0613  0.4854
   129   286   142  2.0612  0.4820
   132   272   141  2.0608  0.4824
   127   284   133  2.0568  0.4850
   128   286   142  2.0544  0.4800
   137   272   142  2.0538  0.4798
   126   281   137  2.0526  0.4818
   130   286   142  2.0520  0.4793
   126   282   137  2.0501  0.4811
   126   281   133  2.0494  0.4828
   142   281   135  2.0463  0.4809
   141   275   133  2.0455  0.4816
   126   283   136  2.0431  0.4795
   126   285   141  2.0429  0.4770
   126   282   133  2.0420  0.4806
   128   272   142  2.0405  0.4759
   142   280   135  2.0402  0.4791
   131   286   137  2.0382  0.4775
   142   282   139  2.0347  0.4755
   126   280   137  2.0340  0.4763
   142   275   139  2.0325  0.4749
   131   286   142  2.0319  0.4733
   126   275   135  2.0301  0.4760
   126   280   133  2.0299  0.4769
   139   286   137  2.0295  0.4749
   142   282   135  2.0294  0.4758
   127   286   142  2.0288  0.4724
   138   286   139  2.0274  0.4734
   140   276   141  2.0262  0.4721
   142   279   137  2.0258  0.4738
   139   286   141  2.0254  0.4719
   136   272   141  2.0250  0.4717
   139   286   135  2.0240  0.4742
   127   286   141  2.0224  0.4709
   126   283   137  2.0222  0.4727
   138   270   139  2.0216  0.4716
   142   283   137  2.0205  0.4723
   128   286   139  2.0181  0.4706
   126   276   141  2.0168  0.4693
   142   279   135  2.0134  0.4711
   126   275   139  2.0100  0.4682
   132   286   142  2.0070  0.4660
   126   274   142  2.0067  0.4659
   131   272   141  2.0057  0.4660
   134   285   133  2.2845  0.5551
   135   285   133  2.2785  0.5532
   133   285   133  2.2785  0.5532
   125   281   142  2.2698  0.5455
   125   280   135  2.2681  0.5488
   125   280   142  2.2658  0.5442
   136   285   133  2.2608  0.5477
   132   285   133  2.2605  0.5476
   125   279   135  2.2541  0.5444
   140   283   133  2.2514  0.5447
   125   281   135  2.2490  0.5429
   125   282   142  2.2469  0.5384
   125   279   142  2.2376  0.5355
   139   284   133  2.2374  0.5403
   137   285   133  2.2318  0.5386
   131   285   133  2.2309  0.5383
   141   282   133  2.2247  0.5364
   125   278   135  2.2063  0.5296
   141   281   141  2.2037  0.5256
   125   282   135  2.2012  0.5280
   125   283   142  2.1972  0.5231
   141   282   141  2.1942  0.5227
   138   285   133  2.1924  0.5264
   130   285   133  2.1897  0.5256
   125   278   142  2.1894  0.5207
   125   281   141  2.1840  0.5196
   141   280   141  2.1805  0.5185
   125   280   141  2.1783  0.5178
   140   284   133  2.1733  0.5205
   141   283   133  2.1688  0.5191
   125   282   141  2.1594  0.5121
   125   280   139  2.1529  0.5111
   142   280   133  2.1528  0.5142
   141   283   141  2.1524  0.5099
   142   281   133  2.1464  0.5122
   125   279   139  2.1453  0.5088
   139   285   133  2.1431  0.5112
   125   279   141  2.1421  0.5068
   132   287   135  2.1387  0.5088
   141   279   142  2.1377  0.5050
   142   279   133  2.1377  0.5096
   125   281   139  2.1367  0.5062
   129   285   133  2.1366  0.5092
   131   287   135  2.1337  0.5073
   125   283   135  2.1316  0.5066
   141   278   142  2.1298  0.5026
   133   287   135  2.1294  0.5060
   125   277   135  2.1280  0.5056
   141   279   141  2.1270  0.5022
   125   277   142  2.1260  0.5015
   125   284   142  2.1233  0.5006
   141   280   142  2.1233  0.5006
   142   282   133  2.1198  0.5041
   125   278   139  2.1122  0.4987
   130   287   135  2.1121  0.5007
   132   271   142  2.1117  0.4971
   125   283   141  2.1085  0.4967
   134   287   135  2.1081  0.4995
   125   279   136  2.1055  0.4982
   133   271   142  2.1042  0.4949
   142   278   133  2.1016  0.4986
   131   271   142  2.1014  0.4940
   125   282   139  2.1002  0.4951
   125   280   136  2.0995  0.4964
   141   277   142  2.0966  0.4926
   141   281   142  2.0903  0.4907
   125   278   136  2.0859  0.4923
   141   284   141  2.0810  0.4884
   134   271   142  2.0805  0.4878
   125   278   141  2.0788  0.4878
   135   287   135  2.0765  0.4900
   132   287   141  2.0752  0.4867
   125   281   136  2.0729  0.4884
   129   287   135  2.0723  0.4887
   128   285   133  2.0706  0.4892
   130   271   142  2.0706  0.4848
   131   287   141  2.0702  0.4852
   133   287   141  2.0681  0.4846
   125   277   139  2.0544  0.4814
   125   276   142  2.0522  0.4793
   134   287   141  2.0513  0.4795
   130   287   141  2.0511  0.4795
   141   278   141  2.0482  0.4786
   125   284   135  2.0475  0.4813
   125   283   139  2.0472  0.4792
   142   277   133  2.0460  0.4818
   141   282   142  2.0425  0.4765
   135   271   142  2.0414  0.4761
   125   277   136  2.0378  0.4779
   125   284   141  2.0374  0.4754
   141   276   142  2.0373  0.4749
   136   287   135  2.0353  0.4776
   125   282   136  2.0318  0.4761
   125   285   142  2.0305  0.4729
   135   287   141  2.0272  0.4724
   125   276   135  2.0260  0.4748
   133   287   139  2.0259  0.4729
   134   287   139  2.0220  0.4717
   132   287   139  2.0178  0.4705
   129   287   141  2.0176  0.4695
   129   271   142  2.0171  0.4690
   128   287   135  2.0146  0.4714
   126   283   133  2.0104  0.4711
   135   287   139  2.0046  0.4666
   134   286   133  2.1736  0.5206
   133   286   133  2.1704  0.5196
   135   286   133  2.1667  0.5185
   124   281   142  2.1581  0.5112
   132   286   133  2.1570  0.5155
   124   280   142  2.1516  0.5092
   136   286   133  2.1496  0.5132
   124   282   142  2.1398  0.5056
   131   286   133  2.1335  0.5083
   124   280   135  2.1247  0.5045
   137   286   133  2.1224  0.5049
   124   279   142  2.1222  0.5003
   124   279   135  2.1099  0.5000
   124   281   135  2.1076  0.4994
   130   286   133  2.0993  0.4979
   141   284   133  2.0990  0.4978
   124   283   142  2.0969  0.4927
   138   286   133  2.0858  0.4938
   140   285   133  2.0847  0.4934
   124   281   141  2.0762  0.4870
   142   283   133  2.0753  0.4906
   124   278   142  2.0734  0.4857
   124   280   141  2.0676  0.4844
   124   282   135  2.0632  0.4859
   124   278   135  2.0622  0.4857
   124   282   141  2.0538  0.4803
   129   286   133  2.0531  0.4839
   139   286   133  2.0404  0.4801
   124   284   142  2.0322  0.4734
   124   279   141  2.0279  0.4726
   124   280   139  2.0267  0.4732
   142   282   141  2.0259  0.4720
   142   281   141  2.0231  0.4712
   143   281   133  2.0187  0.4736
   141   285   133  2.0179  0.4734
   124   281   139  2.0176  0.4704
   142   284   133  2.0159  0.4728
   124   279   139  2.0139  0.4694
   143   280   133  2.0126  0.4718
   124   277   142  2.0095  0.4667
   143   282   133  2.0051  0.4696
   142   279   142  2.0049  0.4653
   124   283   141  2.0044  0.4657
   124   280   136  2.0013  0.4670
   133   287   133  2.0588  0.4856
   134   287   133  2.0584  0.4855
   132   287   133  2.0507  0.4832
   135   287   133  2.0495  0.4828
   123   281   142  2.0452  0.4773
   123   280   142  2.0371  0.4749
   131   287   133  2.0338  0.4781
   136   287   133  2.0320  0.4776
   123   282   142  2.0307  0.4730
   123   279   142  2.0076  0.4662
   130   287   133  2.0069  0.4701
   137   287   133  2.0059  0.4698
