#   X     Y     Z      S       D
    67    73   318  2.4334  0.7045
    68    73   318  2.4312  0.7037
    67    72   318  2.4193  0.6990
    67    74   318  2.4164  0.6979
    68    72   318  2.4158  0.6976
    68    74   318  2.4156  0.6975
    66    73   318  2.4089  0.6949
    66    72   318  2.3975  0.6905
    66    74   318  2.3903  0.6877
    66    72   319  2.1605  0.6021
    67    72   319  2.1361  0.5931
    66    73   319  2.1142  0.5850
    68    72   319  2.1031  0.5810
    67    73   319  2.0997  0.5797
    68    73   319  2.0767  0.5714
    66    74   319  2.0513  0.5622
    67    74   319  2.0465  0.5604
    68    74   319  2.0336  0.5558
    69    73   318  2.4016  0.6921
    69    74   318  2.3878  0.6867
    69    72   318  2.3856  0.6858
    67    71   318  2.3784  0.6830
    68    71   318  2.3724  0.6807
    68    75   318  2.3687  0.6793
    67    75   318  2.3671  0.6786
    66    71   318  2.3612  0.6764
    65    73   318  2.3606  0.6761
    65    72   318  2.3538  0.6735
    69    75   318  2.3450  0.6701
    69    71   318  2.3416  0.6688
    65    74   318  2.3394  0.6680
    66    75   318  2.3393  0.6679
    65    71   318  2.3245  0.6622
    65    75   318  2.2867  0.6478
    65    71   319  2.2128  0.6216
    66    71   319  2.1886  0.6125
    65    72   319  2.1745  0.6073
    67    71   319  2.1545  0.5999
    65    73   319  2.1184  0.5866
    68    71   319  2.1119  0.5842
    69    72   319  2.0637  0.5667
    69    71   319  2.0630  0.5664
    69    73   319  2.0475  0.5608
    65    74   319  2.0459  0.5602
    69    74   319  2.0148  0.5491
    70    73   318  2.3466  0.6708
    70    74   318  2.3358  0.6666
    70    72   318  2.3301  0.6644
    67    70   318  2.3166  0.6592
    66    70   318  2.3064  0.6553
    68    70   318  2.3064  0.6553
    70    75   318  2.2991  0.6525
    68    76   318  2.2928  0.6501
    64    73   318  2.2927  0.6501
    64    72   318  2.2925  0.6500
    67    76   318  2.2868  0.6478
    70    71   318  2.2867  0.6478
    65    70   318  2.2790  0.6449
    69    76   318  2.2760  0.6438
    69    70   318  2.2739  0.6430
    64    71   318  2.2722  0.6423
    64    74   318  2.2672  0.6404
    64    70   319  2.2572  0.6383
    66    76   318  2.2565  0.6364
    70    76   318  2.2397  0.6300
    64    70   318  2.2379  0.6294
    65    70   319  2.2324  0.6289
    64    71   319  2.2267  0.6268
    70    70   318  2.2194  0.6224
    64    75   318  2.2122  0.6198
    65    76   318  2.2025  0.6161
    66    70   319  2.1981  0.6161
    64    72   319  2.1778  0.6085
    67    70   319  2.1545  0.5999
    64    76   318  2.1266  0.5881
    64    73   319  2.1114  0.5840
    68    70   319  2.1029  0.5809
    69    70   319  2.0454  0.5600
    64    74   319  2.0293  0.5543
    70    72   319  2.0196  0.5508
    70    73   319  2.0134  0.5485
    70    71   319  2.0096  0.5472
    63    69   319  2.2962  0.6531
    63    70   319  2.2729  0.6442
    71    73   318  2.2716  0.6421
    64    69   319  2.2694  0.6429
    71    74   318  2.2650  0.6396
    71    72   318  2.2538  0.6354
    67    69   318  2.2410  0.6306
    66    69   318  2.2399  0.6301
    71    75   318  2.2363  0.6288
    65    69   319  2.2336  0.6294
    63    71   319  2.2312  0.6285
    68    69   318  2.2245  0.6244
    65    69   318  2.2237  0.6241
    63    72   318  2.2180  0.6219
    71    71   318  2.2112  0.6194
    63    73   318  2.2099  0.6189
    63    71   318  2.2082  0.6183
    64    69   318  2.1951  0.6134
    68    77   318  2.1926  0.6125
    66    69   319  2.1891  0.6127
    69    69   318  2.1886  0.6110
    71    76   318  2.1881  0.6108
    63    70   318  2.1861  0.6100
    69    77   318  2.1856  0.6099
    67    77   318  2.1798  0.6077
    63    74   318  2.1785  0.6072
    63    72   319  2.1713  0.6061
    70    77   318  2.1615  0.6009
    63    69   318  2.1564  0.5991
    71    70   318  2.1456  0.5951
    66    77   318  2.1455  0.5950
    67    69   319  2.1364  0.5932
    70    69   318  2.1335  0.5906
    71    77   318  2.1238  0.5871
    63    75   318  2.1199  0.5856
    63    73   319  2.0943  0.5778
    65    77   318  2.0893  0.5745
    68    69   319  2.0767  0.5714
    71    69   318  2.0611  0.5643
    63    76   318  2.0325  0.5540
    64    77   318  2.0125  0.5469
    69    69   319  2.0117  0.5479
    63    74   319  2.0022  0.5445
    62    68   319  2.3299  0.6660
    62    69   319  2.3142  0.6600
    63    68   319  2.3019  0.6553
    62    70   319  2.2805  0.6471
    64    68   319  2.2643  0.6410
    62    71   319  2.2280  0.6273
    65    68   319  2.2177  0.6234
    72    73   318  2.1831  0.6089
    72    74   318  2.1822  0.6086
    66    68   318  2.1677  0.6032
    65    68   318  2.1635  0.6017
    66    68   319  2.1631  0.6031
    72    72   318  2.1630  0.6015
    72    75   318  2.1625  0.6013
    67    68   318  2.1585  0.5998
    62    72   319  2.1571  0.6008
    64    68   318  2.1478  0.5959
    62    71   318  2.1362  0.5916
    62    72   318  2.1346  0.5910
    68    68   318  2.1340  0.5908
    62    70   318  2.1267  0.5881
    72    76   318  2.1264  0.5880
    63    68   318  2.1223  0.5865
    72    71   318  2.1207  0.5860
    62    73   318  2.1170  0.5846
    62    69   318  2.1100  0.5820
    67    68   319  2.1017  0.5805
    69    68   318  2.0932  0.5759
    62    68   318  2.0886  0.5742
    69    78   318  2.0791  0.5708
    62    74   318  2.0783  0.5705
    72    77   318  2.0759  0.5696
    68    78   318  2.0743  0.5691
    62    73   319  2.0692  0.5686
    70    78   318  2.0690  0.5671
    72    70   318  2.0570  0.5628
    67    78   318  2.0526  0.5612
    71    78   318  2.0463  0.5590
    70    68   318  2.0359  0.5552
    68    68   319  2.0347  0.5562
    62    75   318  2.0150  0.5477
    72    78   318  2.0128  0.5470
    66    78   318  2.0124  0.5468
    61    67   319  2.3523  0.6747
    61    68   319  2.3470  0.6726
    62    67   319  2.3283  0.6654
    61    69   319  2.3234  0.6635
    63    67   319  2.2914  0.6513
    61    70   319  2.2808  0.6473
    64    67   319  2.2434  0.6331
    61    71   319  2.2187  0.6238
    65    67   319  2.1864  0.6117
    61    72   319  2.1374  0.5936
    66    67   319  2.1222  0.5880
    65    67   318  2.1018  0.5790
    64    67   318  2.0984  0.5778
    66    67   318  2.0942  0.5763
    73    74   318  2.0933  0.5760
    73    73   318  2.0876  0.5739
    63    67   318  2.0853  0.5730
    73    75   318  2.0830  0.5722
    67    67   318  2.0744  0.5691
    73    72   318  2.0640  0.5653
    62    67   318  2.0635  0.5652
    61    70   318  2.0626  0.5649
    61    71   318  2.0599  0.5639
    73    76   318  2.0583  0.5633
    61    69   318  2.0583  0.5633
    67    67   319  2.0526  0.5626
    61    68   318  2.0488  0.5599
    61    72   318  2.0468  0.5592
    68    67   318  2.0413  0.5572
    61    73   319  2.0389  0.5577
    61    67   318  2.0348  0.5549
    73    71   318  2.0208  0.5498
    73    77   318  2.0204  0.5497
    61    73   318  2.0191  0.5492
    60    67   319  2.3611  0.6781
    60    68   319  2.3519  0.6745
    60    66   319  2.3514  0.6743
    61    66   319  2.3397  0.6698
    60    69   319  2.3231  0.6634
    62    66   319  2.3103  0.6585
    60    70   319  2.2741  0.6447
    63    66   319  2.2655  0.6414
    64    66   319  2.2083  0.6199
    60    71   319  2.2041  0.6183
    65    66   319  2.1417  0.5952
    60    72   319  2.1138  0.5849
    66    66   319  2.0688  0.5685
    64    66   318  2.0478  0.5595
    63    66   318  2.0458  0.5588
    65    66   318  2.0399  0.5567
    62    66   318  2.0349  0.5549
    66    66   318  2.0216  0.5501
    61    66   318  2.0164  0.5483
    60    73   319  2.0053  0.5457
    60    68   318  2.0052  0.5443
    60    69   318  2.0038  0.5438
    74    74   318  2.0024  0.5433
    60    67   318  2.0014  0.5429
    74    75   318  2.0009  0.5428
    59    67   319  2.3527  0.6748
    59    66   319  2.3432  0.6711
    59    68   319  2.3426  0.6709
    60    65   319  2.3229  0.6634
    59    65   319  2.3143  0.6600
    59    69   319  2.3117  0.6590
    61    65   319  2.3095  0.6582
    62    65   319  2.2759  0.6454
    59    70   319  2.2590  0.6390
    63    65   319  2.2249  0.6261
    59    71   319  2.1836  0.6107
    64    65   319  2.1602  0.6020
    59    72   319  2.0861  0.5748
    65    65   319  2.0858  0.5747
    66    65   319  2.0056  0.5458
    63    65   318  2.0036  0.5437
    62    65   318  2.0024  0.5433
    58    67   319  2.3248  0.6641
    58    68   319  2.3165  0.6609
    58    66   319  2.3130  0.6596
    58    69   319  2.2865  0.6494
    58    65   319  2.2822  0.6478
    60    64   319  2.2757  0.6453
    59    64   319  2.2666  0.6419
    61    64   319  2.2612  0.6398
    58    64   319  2.2333  0.6292
    58    70   319  2.2330  0.6291
    62    64   319  2.2250  0.6261
    63    64   319  2.1699  0.6056
    58    71   319  2.1547  0.6000
    64    64   319  2.1001  0.5799
    58    72   319  2.0522  0.5625
    65    64   319  2.0201  0.5510
    57    67   319  2.2751  0.6451
    57    68   319  2.2707  0.6434
    57    66   319  2.2596  0.6392
    57    69   319  2.2439  0.6333
    57    65   319  2.2259  0.6265
    60    63   319  2.2103  0.6206
    59    63   319  2.2013  0.6173
    61    63   319  2.1953  0.6150
    57    70   319  2.1922  0.6139
    57    64   319  2.1758  0.6078
    58    63   319  2.1680  0.6049
    62    63   319  2.1578  0.6011
    57    71   319  2.1135  0.5848
    57    63   319  2.1112  0.5839
    63    63   319  2.1008  0.5801
    64    63   319  2.0286  0.5540
    57    72   319  2.0080  0.5466
    56    68   319  2.2023  0.6176
    56    67   319  2.2016  0.6174
    56    66   319  2.1819  0.6100
    56    69   319  2.1805  0.6095
    56    65   319  2.1457  0.5966
    56    70   319  2.1324  0.5917
    60    62   319  2.1288  0.5904
    59    62   319  2.1208  0.5875
    61    62   319  2.1133  0.5847
    56    64   319  2.0952  0.5781
    58    62   319  2.0893  0.5760
    62    62   319  2.0756  0.5710
    56    71   319  2.0554  0.5636
    57    62   319  2.0355  0.5565
    56    63   319  2.0327  0.5555
    63    62   319  2.0187  0.5505
    55    68   319  2.1098  0.5834
    55    67   319  2.1039  0.5813
    55    69   319  2.0936  0.5775
    55    66   319  2.0805  0.5727
    55    70   319  2.0504  0.5618
    55    65   319  2.0429  0.5591
    60    61   319  2.0346  0.5562
    59    61   319  2.0290  0.5541
    61    61   319  2.0182  0.5503
    58    61   319  2.0012  0.5442
