#   X     Y     Z      S       D
   411   423   195  3.2293  0.8455
   410   423   195  3.2217  0.8428
   411   422   195  3.2202  0.8422
   411   424   195  3.2154  0.8405
   410   422   195  3.2113  0.8390
   410   424   195  3.2100  0.8386
   412   423   195  3.2035  0.8362
   412   422   195  3.1970  0.8339
   412   424   195  3.1871  0.8303
   410   422   194  2.6248  0.6396
   411   422   194  2.6096  0.6347
   410   423   194  2.6001  0.6316
   411   423   194  2.5817  0.6258
   412   422   194  2.5666  0.6210
   410   424   194  2.5571  0.6179
   411   424   194  2.5368  0.6115
   412   423   194  2.5348  0.6109
   412   424   194  2.4878  0.5961
   410   424   196  2.1438  0.4922
   410   423   196  2.1352  0.4897
   411   424   196  2.1188  0.4849
   410   422   196  2.1185  0.4848
   411   423   196  2.1059  0.4811
   411   422   196  2.0860  0.4754
   412   424   196  2.0754  0.4723
   412   423   196  2.0588  0.4675
   412   422   196  2.0361  0.4610
   411   421   195  3.1887  0.8309
   409   423   195  3.1838  0.8292
   410   421   195  3.1801  0.8278
   411   425   195  3.1775  0.8269
   410   425   195  3.1745  0.8258
   409   424   195  3.1738  0.8256
   409   422   195  3.1735  0.8255
   412   421   195  3.1675  0.8233
   412   425   195  3.1480  0.8164
   409   421   195  3.1446  0.8152
   413   423   195  3.1434  0.8148
   409   425   195  3.1415  0.8141
   413   422   195  3.1406  0.8138
   413   424   195  3.1248  0.8082
   413   421   195  3.1150  0.8047
   413   425   195  3.0857  0.7944
   410   421   194  2.6285  0.6407
   409   421   194  2.6182  0.6374
   411   421   194  2.6173  0.6371
   409   422   194  2.6172  0.6371
   409   423   194  2.5946  0.6299
   412   421   194  2.5795  0.6251
   409   424   194  2.5530  0.6166
   413   421   194  2.5122  0.6038
   410   425   194  2.4975  0.5992
   409   425   194  2.4940  0.5981
   413   422   194  2.4938  0.5980
   411   425   194  2.4768  0.5927
   413   423   194  2.4581  0.5869
   412   425   194  2.4275  0.5774
   413   424   194  2.4092  0.5718
   413   425   194  2.3495  0.5535
   410   424   197  2.2499  0.5235
   410   423   197  2.2472  0.5227
   410   425   197  2.2465  0.5225
   409   424   197  2.2462  0.5224
   409   425   197  2.2425  0.5213
   409   423   197  2.2425  0.5213
   411   423   197  2.2423  0.5212
   411   424   197  2.2422  0.5212
   411   425   197  2.2376  0.5198
   410   422   197  2.2370  0.5197
   411   422   197  2.2357  0.5193
   409   422   197  2.2303  0.5177
   412   423   197  2.2263  0.5165
   412   422   197  2.2251  0.5161
   412   424   197  2.2218  0.5151
   411   421   197  2.2200  0.5146
   410   421   197  2.2173  0.5138
   412   421   197  2.2150  0.5131
   412   425   197  2.2140  0.5129
   409   421   197  2.2085  0.5112
   413   422   197  2.2045  0.5100
   413   421   197  2.2010  0.5090
   413   423   197  2.1992  0.5085
   413   424   197  2.1888  0.5054
   413   425   197  2.1764  0.5017
   409   424   196  2.1528  0.4948
   409   425   196  2.1497  0.4939
   409   423   196  2.1486  0.4936
   410   425   196  2.1456  0.4927
   409   422   196  2.1357  0.4898
   412   421   193  2.1296  0.4881
   411   422   193  2.1293  0.4880
   411   421   193  2.1291  0.4879
   412   422   193  2.1288  0.4878
   410   422   193  2.1262  0.4871
   410   421   193  2.1252  0.4868
   411   425   196  2.1251  0.4867
   413   421   193  2.1236  0.4863
   409   422   193  2.1224  0.4860
   413   422   193  2.1215  0.4857
   409   421   193  2.1204  0.4854
   411   423   193  2.1161  0.4841
   412   423   193  2.1160  0.4841
   410   423   193  2.1125  0.4831
   409   421   196  2.1114  0.4827
   413   423   193  2.1089  0.4820
   409   423   193  2.1083  0.4819
   412   424   193  2.0933  0.4775
   411   424   193  2.0921  0.4772
   410   421   196  2.0919  0.4771
   413   424   193  2.0874  0.4758
   410   424   193  2.0871  0.4757
   412   425   196  2.0861  0.4754
   409   424   193  2.0816  0.4741
   412   425   193  2.0621  0.4685
   411   425   193  2.0591  0.4677
   413   425   193  2.0584  0.4675
   411   421   196  2.0573  0.4671
   410   425   193  2.0525  0.4658
   409   425   193  2.0455  0.4638
   413   425   196  2.0280  0.4587
   413   424   196  2.0131  0.4545
   412   421   196  2.0060  0.4525
   411   420   195  3.1346  0.8116
   410   420   195  3.1281  0.8093
   408   423   195  3.1210  0.8068
   411   426   195  3.1158  0.8050
   410   426   195  3.1147  0.8046
   412   420   195  3.1137  0.8042
   408   424   195  3.1124  0.8038
   408   422   195  3.1120  0.8036
   409   420   195  3.0971  0.7984
   408   421   195  3.0868  0.7948
   412   426   195  3.0865  0.7947
   409   426   195  3.0858  0.7944
   408   425   195  3.0838  0.7937
   413   420   195  3.0641  0.7868
   414   422   195  3.0518  0.7825
   414   423   195  3.0506  0.7821
   408   420   195  3.0453  0.7802
   408   426   195  3.0334  0.7761
   414   421   195  3.0312  0.7753
   414   424   195  3.0303  0.7750
   413   426   195  3.0270  0.7739
   414   425   195  2.9927  0.7620
   414   420   195  2.9850  0.7593
   414   426   195  2.9391  0.7436
   410   420   194  2.6071  0.6339
   411   420   194  2.6004  0.6317
   409   420   194  2.5940  0.6297
   408   422   194  2.5923  0.6291
   408   421   194  2.5917  0.6289
   408   423   194  2.5712  0.6224
   412   420   194  2.5686  0.6216
   408   420   194  2.5658  0.6207
   408   424   194  2.5308  0.6096
   413   420   194  2.5080  0.6025
   408   425   194  2.4726  0.5914
   410   426   194  2.4220  0.5757
   409   426   194  2.4182  0.5746
   414   420   194  2.4182  0.5745
   414   421   194  2.4163  0.5739
   411   426   194  2.4023  0.5696
   408   426   194  2.3974  0.5681
   414   422   194  2.3931  0.5668
   412   426   194  2.3550  0.5552
   414   423   194  2.3544  0.5550
   414   424   194  2.3046  0.5399
   413   426   194  2.2800  0.5325
   414   425   194  2.2466  0.5225
   410   426   197  2.2379  0.5199
   408   424   197  2.2336  0.5187
   409   426   197  2.2319  0.5182
   408   423   197  2.2298  0.5175
   411   426   197  2.2295  0.5175
   408   425   197  2.2288  0.5172
   408   422   197  2.2170  0.5137
   408   426   197  2.2155  0.5133
   412   426   197  2.2047  0.5101
   408   421   197  2.1943  0.5070
   412   420   197  2.1932  0.5067
   411   420   197  2.1930  0.5066
   410   420   197  2.1866  0.5047
   413   420   197  2.1852  0.5043
   414   426   194  2.1816  0.5032
   414   421   197  2.1769  0.5019
   409   420   197  2.1756  0.5015
   414   422   197  2.1740  0.5010
   414   420   197  2.1667  0.4989
   413   426   197  2.1640  0.4981
   414   423   197  2.1620  0.4975
   408   420   197  2.1605  0.4971
   408   423   196  2.1495  0.4938
   408   424   196  2.1488  0.4936
   414   424   197  2.1452  0.4926
   408   425   196  2.1408  0.4913
   408   422   196  2.1404  0.4912
   410   426   196  2.1403  0.4911
   409   426   196  2.1400  0.4911
   414   425   197  2.1274  0.4874
   408   426   196  2.1265  0.4871
   411   426   196  2.1242  0.4865
   408   422   193  2.1192  0.4850
   408   421   196  2.1183  0.4848
   412   420   193  2.1161  0.4841
   408   421   193  2.1159  0.4841
   413   420   193  2.1132  0.4833
   411   420   193  2.1129  0.4832
   414   426   197  2.1106  0.4825
   414   421   193  2.1089  0.4820
   410   420   193  2.1064  0.4813
   414   422   193  2.1051  0.4809
   408   423   193  2.1049  0.4809
   414   420   193  2.1018  0.4800
   409   420   193  2.0990  0.4792
   414   423   193  2.0924  0.4773
   408   420   193  2.0916  0.4770
   412   426   196  2.0897  0.4765
   408   420   196  2.0798  0.4736
   408   424   193  2.0770  0.4728
   409   420   196  2.0725  0.4715
   414   424   193  2.0723  0.4714
   410   420   196  2.0525  0.4657
   414   425   193  2.0457  0.4638
   408   425   193  2.0395  0.4620
   413   426   196  2.0362  0.4611
   412   426   193  2.0239  0.4576
   413   426   193  2.0227  0.4572
   411   426   193  2.0190  0.4562
   411   420   196  2.0175  0.4557
   414   426   193  2.0137  0.4547
   410   426   193  2.0111  0.4539
   409   426   193  2.0031  0.4516
   414   423   192  2.0005  0.4510
   411   419   195  3.0556  0.7838
   410   419   195  3.0535  0.7831
   407   423   195  3.0404  0.7785
   407   422   195  3.0332  0.7760
   412   419   195  3.0332  0.7760
   407   424   195  3.0328  0.7759
   410   427   195  3.0318  0.7755
   411   427   195  3.0317  0.7755
   409   419   195  3.0288  0.7745
   407   421   195  3.0124  0.7688
   407   425   195  3.0080  0.7673
   409   427   195  3.0068  0.7669
   412   427   195  3.0045  0.7661
   413   419   195  2.9846  0.7592
   408   419   195  2.9843  0.7591
   407   420   195  2.9769  0.7565
   407   426   195  2.9636  0.7520
   408   427   195  2.9606  0.7510
   413   427   195  2.9503  0.7474
   415   422   195  2.9328  0.7414
   415   423   195  2.9279  0.7398
   407   419   195  2.9228  0.7380
   415   421   195  2.9176  0.7363
   414   419   195  2.9089  0.7333
   415   424   195  2.9070  0.7327
   407   427   195  2.8983  0.7297
   415   420   195  2.8771  0.7225
   415   425   195  2.8727  0.7211
   414   427   195  2.8708  0.7204
   415   426   195  2.8265  0.7056
   415   419   195  2.8059  0.6987
   415   427   195  2.7689  0.6864
   410   419   194  2.5559  0.6176
   407   422   194  2.5553  0.6174
   411   419   194  2.5537  0.6169
   407   421   194  2.5530  0.6167
   409   419   194  2.5401  0.6126
   407   423   194  2.5358  0.6112
   412   419   194  2.5283  0.6088
   407   420   194  2.5256  0.6080
   408   419   194  2.5104  0.6032
   407   424   194  2.4971  0.5991
   413   419   194  2.4750  0.5922
   407   419   194  2.4689  0.5902
   407   425   194  2.4406  0.5815
   414   419   194  2.3925  0.5667
   407   426   194  2.3669  0.5588
   410   427   194  2.3307  0.5478
   409   427   194  2.3260  0.5464
   411   427   194  2.3133  0.5425
   408   427   194  2.3055  0.5402
   415   420   194  2.3031  0.5394
   415   421   194  2.2968  0.5375
   415   419   194  2.2833  0.5335
   407   427   194  2.2766  0.5315
   415   422   194  2.2707  0.5297
   412   427   194  2.2700  0.5295
   415   423   194  2.2307  0.5178
   410   427   197  2.2242  0.5159
   411   427   197  2.2181  0.5141
   409   427   197  2.2146  0.5130
   407   424   197  2.2146  0.5130
   407   423   197  2.2109  0.5119
   407   425   197  2.2086  0.5112
   413   427   194  2.2008  0.5089
   407   422   197  2.1978  0.5080
   408   427   197  2.1940  0.5069
   412   427   197  2.1937  0.5068
   407   426   197  2.1927  0.5066
   415   424   194  2.1816  0.5033
   407   421   197  2.1746  0.5012
   407   427   197  2.1671  0.4990
   412   419   197  2.1580  0.4964
   413   419   197  2.1548  0.4954
   411   419   197  2.1533  0.4950
   413   427   197  2.1516  0.4945
   410   419   197  2.1435  0.4921
   415   421   197  2.1425  0.4918
   407   423   196  2.1412  0.4914
   414   419   197  2.1405  0.4912
   407   420   197  2.1404  0.4912
   415   420   197  2.1364  0.4900
   407   422   196  2.1358  0.4898
   407   424   196  2.1357  0.4898
   415   422   197  2.1344  0.4895
   409   419   197  2.1305  0.4883
   410   427   196  2.1266  0.4871
   415   425   194  2.1265  0.4871
   409   427   196  2.1227  0.4860
   407   425   196  2.1226  0.4860
   415   423   197  2.1168  0.4843
   407   421   196  2.1158  0.4840
   407   422   193  2.1152  0.4839
   408   419   197  2.1145  0.4836
   411   427   196  2.1143  0.4836
   415   419   197  2.1128  0.4832
   407   421   193  2.1103  0.4825
   414   427   194  2.1096  0.4822
   408   427   196  2.1057  0.4811
   407   426   196  2.1037  0.4805
   407   423   193  2.1011  0.4798
   414   427   197  2.0953  0.4781
   415   424   197  2.0944  0.4778
   407   419   197  2.0939  0.4777
   413   419   193  2.0877  0.4759
   412   419   193  2.0858  0.4754
   412   427   196  2.0840  0.4748
   415   421   193  2.0839  0.4748
   407   420   193  2.0829  0.4745
   414   419   193  2.0813  0.4740
   415   420   193  2.0801  0.4737
   407   427   196  2.0792  0.4734
   415   422   193  2.0784  0.4732
   411   419   193  2.0781  0.4731
   407   420   196  2.0771  0.4728
   407   424   193  2.0723  0.4715
   415   425   197  2.0712  0.4711
   410   419   193  2.0674  0.4700
   415   426   194  2.0670  0.4699
   415   423   193  2.0656  0.4695
   415   419   193  2.0644  0.4692
   409   419   193  2.0558  0.4667
   415   426   197  2.0497  0.4650
   415   424   193  2.0469  0.4642
   408   419   193  2.0440  0.4633
   413   427   196  2.0351  0.4607
   407   425   193  2.0335  0.4603
   407   419   193  2.0308  0.4595
   415   427   197  2.0304  0.4594
   415   425   193  2.0236  0.4575
   408   419   196  2.0215  0.4569
   407   419   196  2.0166  0.4555
   409   419   196  2.0160  0.4553
   415   423   192  2.0038  0.4519
   415   427   194  2.0033  0.4517
   415   424   192  2.0016  0.4513
   410   418   195  2.9519  0.7480
   406   423   195  2.9491  0.7470
   411   418   195  2.9480  0.7466
   406   422   195  2.9438  0.7452
   406   424   195  2.9423  0.7447
   409   418   195  2.9349  0.7422
   410   428   195  2.9285  0.7400
   411   428   195  2.9283  0.7399
   406   421   195  2.9267  0.7394
   412   418   195  2.9220  0.7378
   406   425   195  2.9210  0.7374
   409   428   195  2.9069  0.7326
   412   428   195  2.9049  0.7319
   408   418   195  2.8984  0.7298
   406   420   195  2.8960  0.7289
   406   426   195  2.8827  0.7244
   413   418   195  2.8725  0.7210
   408   428   195  2.8667  0.7190
   413   428   195  2.8580  0.7161
   406   419   195  2.8467  0.7123
   407   418   195  2.8437  0.7113
   406   427   195  2.8250  0.7051
   407   428   195  2.8119  0.7007
   414   418   195  2.7985  0.6962
   414   428   195  2.7890  0.6931
   416   422   195  2.7874  0.6926
   416   423   195  2.7801  0.6901
   416   421   195  2.7768  0.6891
   406   418   195  2.7716  0.6873
   416   424   195  2.7601  0.6835
   406   428   195  2.7468  0.6792
   416   420   195  2.7420  0.6776
   416   425   195  2.7308  0.6739
   415   428   195  2.7001  0.6639
   415   418   195  2.6993  0.6636
   416   426   195  2.6936  0.6618
   416   419   195  2.6766  0.6562
   416   427   195  2.6483  0.6471
   416   428   195  2.5938  0.6296
   416   418   195  2.5754  0.6238
   406   422   194  2.5100  0.6031
   406   421   194  2.5051  0.6015
   406   423   194  2.4934  0.5979
   406   420   194  2.4751  0.5922
   411   418   194  2.4725  0.5914
   410   418   194  2.4704  0.5907
   406   424   194  2.4576  0.5867
   412   418   194  2.4534  0.5854
   409   418   194  2.4522  0.5851
   408   418   194  2.4214  0.5755
   406   419   194  2.4159  0.5738
   413   418   194  2.4080  0.5714
   406   425   194  2.4039  0.5701
   407   418   194  2.3788  0.5625
   414   418   194  2.3337  0.5487
   406   426   194  2.3332  0.5486
   406   418   194  2.3236  0.5457
   406   427   194  2.2458  0.5223
   415   418   194  2.2317  0.5181
   410   428   194  2.2239  0.5158
   409   428   194  2.2176  0.5139
   411   428   194  2.2101  0.5117
   410   428   197  2.2042  0.5099
   411   428   197  2.2017  0.5092
   408   428   194  2.1974  0.5079
   406   424   197  2.1904  0.5059
   409   428   197  2.1900  0.5057
   406   423   197  2.1865  0.5047
   406   425   197  2.1838  0.5039
   412   428   197  2.1793  0.5026
   412   428   194  2.1727  0.5006
   406   422   197  2.1725  0.5006
   407   428   194  2.1702  0.4999
   416   420   194  2.1698  0.4998
   406   426   197  2.1659  0.4986
   408   428   197  2.1642  0.4982
   416   421   194  2.1618  0.4974
   416   419   194  2.1534  0.4950
   406   421   197  2.1486  0.4936
   406   428   194  2.1422  0.4917
   413   428   197  2.1374  0.4903
   406   427   197  2.1365  0.4900
   416   422   194  2.1354  0.4897
   407   428   197  2.1319  0.4887
   406   423   196  2.1272  0.4873
   406   422   196  2.1253  0.4868
   406   424   196  2.1172  0.4844
   406   420   197  2.1136  0.4834
   413   428   194  2.1117  0.4828
   413   418   197  2.1089  0.4820
   412   418   197  2.1088  0.4820
   416   418   194  2.1073  0.4815
   406   422   193  2.1069  0.4815
   406   421   196  2.1069  0.4814
   410   428   196  2.1021  0.4800
   411   418   197  2.1005  0.4796
   406   421   193  2.1002  0.4795
   406   425   196  2.0990  0.4791
   416   421   197  2.0984  0.4790
   414   418   197  2.0971  0.4786
   416   423   194  2.0963  0.4784
   406   428   197  2.0961  0.4783
   409   428   196  2.0958  0.4782
   416   420   197  2.0941  0.4777
   406   423   193  2.0933  0.4775
   411   428   196  2.0927  0.4773
   410   418   197  2.0878  0.4759
   416   422   197  2.0875  0.4758
   414   428   197  2.0796  0.4736
   408   428   196  2.0766  0.4727
   406   426   196  2.0754  0.4723
   409   418   197  2.0729  0.4716
   416   419   197  2.0709  0.4710
   415   418   197  2.0702  0.4709
   406   420   193  2.0694  0.4706
   406   420   196  2.0675  0.4700
   416   423   197  2.0663  0.4697
   406   419   197  2.0661  0.4697
   412   428   196  2.0659  0.4696
   406   424   193  2.0640  0.4691
   408   418   197  2.0556  0.4666
   416   424   194  2.0496  0.4649
   407   428   196  2.0481  0.4645
   416   421   193  2.0475  0.4643
   406   427   196  2.0472  0.4642
   416   420   193  2.0468  0.4641
   413   418   193  2.0451  0.4636
   414   418   193  2.0447  0.4635
   416   422   193  2.0404  0.4623
   416   424   197  2.0399  0.4621
   412   418   193  2.0371  0.4614
   416   419   193  2.0353  0.4608
   407   418   197  2.0341  0.4605
   415   418   193  2.0335  0.4603
   414   428   194  2.0305  0.4595
   416   423   193  2.0279  0.4587
   416   418   197  2.0271  0.4585
   406   425   193  2.0241  0.4576
   411   418   193  2.0235  0.4575
   413   428   196  2.0213  0.4568
   406   428   196  2.0137  0.4547
   406   419   193  2.0129  0.4544
   416   425   197  2.0123  0.4543
   415   428   197  2.0119  0.4541
   416   424   193  2.0114  0.4540
   416   418   193  2.0095  0.4535
   410   418   193  2.0072  0.4528
   406   418   197  2.0048  0.4521
   406   419   196  2.0040  0.4519
   405   423   195  2.8526  0.7143
   405   422   195  2.8485  0.7129
   405   424   195  2.8465  0.7123
   405   421   195  2.8338  0.7080
   405   425   195  2.8284  0.7062
   410   417   195  2.8178  0.7027
   411   429   195  2.8099  0.7000
   409   417   195  2.8089  0.6997
   410   429   195  2.8088  0.6997
   411   417   195  2.8070  0.6991
   405   420   195  2.8054  0.6985
   405   426   195  2.7954  0.6952
   412   429   195  2.7914  0.6939
   409   429   195  2.7893  0.6932
   408   417   195  2.7801  0.6902
   412   417   195  2.7760  0.6888
   405   419   195  2.7577  0.6827
   408   429   195  2.7541  0.6816
   413   429   195  2.7531  0.6812
   405   427   195  2.7448  0.6785
   407   417   195  2.7314  0.6741
   413   417   195  2.7240  0.6717
   407   429   195  2.7062  0.6659
   414   429   195  2.6955  0.6624
   405   418   195  2.6828  0.6582
   405   428   195  2.6746  0.6556
   406   417   195  2.6623  0.6516
   414   417   195  2.6503  0.6477
   406   429   195  2.6487  0.6472
   417   422   195  2.6210  0.6383
   415   429   195  2.6201  0.6380
   417   421   195  2.6135  0.6359
   417   423   195  2.6130  0.6357
   417   424   195  2.5956  0.6302
   405   429   195  2.5842  0.6266
   417   420   195  2.5833  0.6263
   417   425   195  2.5727  0.6229
   405   417   195  2.5724  0.6228
   415   417   195  2.5541  0.6170
   417   426   195  2.5456  0.6143
   416   429   195  2.5285  0.6089
   417   419   195  2.5236  0.6074
   417   427   195  2.5132  0.6041
   417   428   195  2.4732  0.5916
   405   422   194  2.4591  0.5872
   405   421   194  2.4495  0.5842
   405   423   194  2.4471  0.5835
   416   417   195  2.4356  0.5799
   417   418   195  2.4288  0.5778
   417   429   195  2.4223  0.5758
   405   424   194  2.4158  0.5738
   405   420   194  2.4148  0.5735
   405   425   194  2.3666  0.5587
   411   417   194  2.3539  0.5548
   405   419   194  2.3510  0.5540
   410   417   194  2.3480  0.5530
   412   417   194  2.3408  0.5509
   409   417   194  2.3280  0.5470
   413   417   194  2.3034  0.5396
   405   426   194  2.3002  0.5386
   408   417   194  2.2965  0.5375
   417   417   195  2.2964  0.5374
   405   418   194  2.2546  0.5249
   407   417   194  2.2532  0.5245
   414   417   194  2.2381  0.5200
   405   427   194  2.2168  0.5137
   406   417   194  2.1964  0.5076
   411   429   197  2.1775  0.5021
   410   429   197  2.1759  0.5016
   405   424   197  2.1607  0.4971
   412   429   197  2.1582  0.4964
   409   429   197  2.1567  0.4960
   405   423   197  2.1557  0.4957
   405   425   197  2.1540  0.4952
   415   417   194  2.1450  0.4925
   405   422   197  2.1401  0.4911
   405   426   197  2.1344  0.4895
   408   429   197  2.1256  0.4869
   405   417   194  2.1240  0.4864
   413   429   197  2.1178  0.4846
   405   428   194  2.1169  0.4843
   405   421   197  2.1142  0.4836
   405   422   196  2.1114  0.4827
   405   423   196  2.1104  0.4825
   410   429   194  2.1028  0.4803
   405   427   197  2.1015  0.4799
   405   424   196  2.0962  0.4783
   409   429   194  2.0945  0.4778
   405   421   196  2.0939  0.4777
   411   429   194  2.0936  0.4776
   405   422   193  2.0898  0.4765
   407   429   197  2.0877  0.4759
   405   421   193  2.0809  0.4739
   405   420   197  2.0773  0.4729
   405   423   193  2.0772  0.4729
   408   429   194  2.0743  0.4720
   405   425   196  2.0732  0.4717
   410   429   196  2.0639  0.4690
   412   429   194  2.0638  0.4690
   414   429   197  2.0601  0.4679
   409   429   196  2.0565  0.4669
   411   429   196  2.0563  0.4668
   405   428   197  2.0558  0.4667
   405   420   196  2.0533  0.4660
   407   429   194  2.0487  0.4647
   405   424   193  2.0482  0.4645
   413   417   197  2.0480  0.4644
   405   420   193  2.0468  0.4641
   417   421   197  2.0461  0.4639
   412   417   197  2.0459  0.4639
   406   429   197  2.0458  0.4638
   405   426   196  2.0449  0.4636
   417   420   197  2.0409  0.4624
   414   417   197  2.0368  0.4612
   408   429   196  2.0367  0.4612
   417   422   197  2.0352  0.4608
   411   417   197  2.0352  0.4608
   412   429   196  2.0322  0.4599
   416   417   194  2.0283  0.4588
   405   419   197  2.0276  0.4586
   417   420   194  2.0270  0.4585
   406   429   194  2.0233  0.4574
   417   421   194  2.0203  0.4565
   410   417   197  2.0200  0.4564
   417   419   197  2.0156  0.4552
   413   429   194  2.0131  0.4545
   417   423   197  2.0129  0.4544
   405   427   196  2.0129  0.4544
   417   419   194  2.0111  0.4539
   415   417   197  2.0089  0.4533
   405   425   193  2.0080  0.4530
   407   429   196  2.0075  0.4529
   409   417   197  2.0029  0.4516
   405   429   194  2.0012  0.4511
   417   420   193  2.0002  0.4508
   404   423   195  2.7539  0.6815
   404   422   195  2.7499  0.6802
   404   424   195  2.7486  0.6798
   404   421   195  2.7355  0.6754
   404   425   195  2.7331  0.6747
   404   420   195  2.7064  0.6659
   404   426   195  2.7046  0.6654
   411   430   195  2.6809  0.6576
   410   430   195  2.6772  0.6564
   412   430   195  2.6681  0.6535
   404   427   195  2.6602  0.6509
   409   430   195  2.6585  0.6504
   404   419   195  2.6564  0.6497
   410   416   195  2.6458  0.6463
   409   416   195  2.6442  0.6458
   413   430   195  2.6384  0.6439
   411   416   195  2.6282  0.6406
   408   430   195  2.6266  0.6401
   408   416   195  2.6222  0.6387
   404   428   195  2.5971  0.6307
   412   416   195  2.5919  0.6290
   414   430   195  2.5918  0.6290
   407   430   195  2.5840  0.6265
   407   416   195  2.5783  0.6247
   404   418   195  2.5775  0.6244
   413   416   195  2.5371  0.6116
   406   430   195  2.5329  0.6103
   415   430   195  2.5289  0.6090
   404   429   195  2.5141  0.6044
   406   416   195  2.5111  0.6034
   405   430   195  2.4752  0.5922
   414   416   195  2.4631  0.5884
   404   417   195  2.4619  0.5880
   416   430   195  2.4505  0.5845
   418   422   195  2.4402  0.5813
   418   423   195  2.4337  0.5793
   418   421   195  2.4337  0.5793
   418   424   195  2.4207  0.5753
   405   416   195  2.4195  0.5749
   404   430   195  2.4119  0.5726
   418   420   195  2.4066  0.5709
   418   425   195  2.4051  0.5705
   404   422   194  2.4039  0.5701
   404   423   194  2.3984  0.5684
   418   426   195  2.3880  0.5653
   404   421   194  2.3874  0.5651
   404   424   194  2.3732  0.5607
   415   416   195  2.3698  0.5597
   418   427   195  2.3679  0.5591
   417   430   195  2.3574  0.5559
   418   419   195  2.3517  0.5541
   404   420   194  2.3455  0.5523
   418   428   195  2.3412  0.5510
   404   425   194  2.3297  0.5475
   418   429   195  2.3036  0.5396
   404   416   195  2.3036  0.5396
   404   419   194  2.2744  0.5308
   404   426   194  2.2685  0.5291
   418   418   195  2.2636  0.5276
   416   416   195  2.2573  0.5257
   418   430   195  2.2508  0.5238
   411   416   194  2.1987  0.5083
   412   416   194  2.1912  0.5061
   404   427   194  2.1899  0.5057
   410   416   194  2.1897  0.5057
   404   418   194  2.1713  0.5002
   409   416   194  2.1685  0.4994
   413   416   194  2.1616  0.4974
   411   430   197  2.1416  0.4915
   418   417   195  2.1401  0.4911
   408   416   194  2.1368  0.4901
   410   430   197  2.1361  0.4899
   417   416   195  2.1270  0.4873
   412   430   197  2.1256  0.4869
   404   424   197  2.1228  0.4861
   404   425   197  2.1163  0.4842
   404   423   197  2.1162  0.4841
   409   430   197  2.1128  0.4832
   414   416   194  2.1058  0.4811
   404   422   197  2.0980  0.4789
   404   422   196  2.0956  0.4781
   404   426   197  2.0951  0.4780
   404   428   194  2.0942  0.4777
   407   416   194  2.0933  0.4775
   404   423   196  2.0925  0.4773
   413   430   197  2.0879  0.4760
   404   421   196  2.0784  0.4732
   408   430   197  2.0771  0.4728
   404   424   196  2.0747  0.4721
   404   421   197  2.0689  0.4705
   404   422   193  2.0603  0.4680
   404   427   197  2.0585  0.4675
   404   423   193  2.0497  0.4650
   404   421   193  2.0488  0.4647
   404   425   196  2.0474  0.4643
   404   420   196  2.0360  0.4610
   406   416   194  2.0356  0.4609
   404   417   194  2.0354  0.4609
   407   430   197  2.0342  0.4605
   414   430   197  2.0317  0.4598
   404   420   197  2.0285  0.4589
   415   416   194  2.0229  0.4573
   404   424   193  2.0220  0.4570
   404   426   196  2.0145  0.4549
   404   420   193  2.0115  0.4541
   410   430   196  2.0091  0.4533
   404   428   197  2.0071  0.4528
   411   430   196  2.0023  0.4514
   409   430   196  2.0018  0.4513
   403   423   195  2.6537  0.6488
   403   424   195  2.6495  0.6475
   403   422   195  2.6486  0.6472
   403   425   195  2.6360  0.6431
   403   421   195  2.6321  0.6419
   403   426   195  2.6111  0.6351
   403   420   195  2.5992  0.6313
   403   427   195  2.5718  0.6226
   411   431   195  2.5451  0.6141
   403   419   195  2.5431  0.6135
   410   431   195  2.5382  0.6120
   412   431   195  2.5380  0.6119
   409   431   195  2.5187  0.6058
   413   431   195  2.5160  0.6050
   403   428   195  2.5151  0.6047
   408   431   195  2.4886  0.5964
   414   431   195  2.4787  0.5933
   403   418   195  2.4563  0.5863
   407   431   195  2.4496  0.5842
   403   429   195  2.4389  0.5809
   409   415   195  2.4369  0.5803
   410   415   195  2.4329  0.5791
   415   431   195  2.4261  0.5770
   408   415   195  2.4198  0.5750
   411   415   195  2.4100  0.5720
   406   431   195  2.4034  0.5700
   407   415   195  2.3793  0.5626
   412   415   195  2.3696  0.5596
   416   431   195  2.3583  0.5562
   405   431   195  2.3512  0.5540
   403   423   194  2.3467  0.5527
   403   422   194  2.3444  0.5519
   403   430   195  2.3433  0.5516
   403   417   195  2.3319  0.5481
   403   424   194  2.3286  0.5471
   403   421   194  2.3191  0.5443
   406   415   195  2.3132  0.5425
   413   415   195  2.3126  0.5423
   404   431   195  2.2936  0.5366
   403   425   194  2.2914  0.5359
   417   431   195  2.2758  0.5312
   403   420   194  2.2677  0.5288
   419   422   195  2.2528  0.5244
   419   423   195  2.2499  0.5235
   419   421   195  2.2449  0.5220
   419   424   195  2.2423  0.5212
   414   415   195  2.2393  0.5203
   403   426   194  2.2358  0.5193
   419   425   195  2.2341  0.5188
   403   431   195  2.2306  0.5177
   419   426   195  2.2261  0.5164
   405   415   195  2.2202  0.5146
   419   420   195  2.2187  0.5142
   419   427   195  2.2164  0.5135
   419   428   195  2.2009  0.5090
   403   419   194  2.1871  0.5049
   418   431   195  2.1793  0.5026
   419   429   195  2.1746  0.5012
   419   419   195  2.1674  0.4991
   403   416   195  2.1654  0.4985
   403   427   194  2.1620  0.4975
   415   415   195  2.1498  0.4939
   419   430   195  2.1323  0.4888
   404   415   195  2.1003  0.4795
   411   431   197  2.0892  0.4763
   419   418   195  2.0858  0.4753
   410   431   197  2.0809  0.4739
   403   422   196  2.0784  0.4732
   412   431   197  2.0765  0.4727
   403   418   194  2.0751  0.4722
   403   423   196  2.0740  0.4719
   403   424   197  2.0726  0.4715
   403   428   194  2.0705  0.4709
   419   431   195  2.0701  0.4708
   403   425   197  2.0661  0.4697
   403   423   197  2.0642  0.4691
   403   421   196  2.0607  0.4681
   409   431   197  2.0551  0.4665
   403   424   196  2.0534  0.4660
   416   415   195  2.0447  0.4635
   403   426   197  2.0428  0.4630
   403   422   197  2.0427  0.4630
   413   431   197  2.0422  0.4628
   403   425   196  2.0222  0.4571
   403   422   193  2.0174  0.4557
   408   431   197  2.0168  0.4555
   403   420   196  2.0159  0.4553
   411   415   194  2.0126  0.4543
   403   423   193  2.0100  0.4536
   412   415   194  2.0096  0.4535
   403   421   197  2.0094  0.4534
   403   421   193  2.0025  0.4515
   403   427   197  2.0019  0.4513
   410   415   194  2.0013  0.4511
   402   423   195  2.5515  0.6162
   402   424   195  2.5488  0.6153
   402   422   195  2.5441  0.6138
   402   425   195  2.5371  0.6116
   402   421   195  2.5234  0.6073
   402   426   195  2.5149  0.6046
   402   420   195  2.4839  0.5949
   402   427   195  2.4797  0.5936
   402   428   195  2.4283  0.5777
   402   419   195  2.4188  0.5747
   411   432   195  2.4052  0.5705
   412   432   195  2.4029  0.5698
   410   432   195  2.3952  0.5674
   413   432   195  2.3869  0.5649
   409   432   195  2.3744  0.5611
   402   429   195  2.3584  0.5562
   414   432   195  2.3564  0.5556
   408   432   195  2.3449  0.5521
   402   418   195  2.3211  0.5449
   415   432   195  2.3110  0.5418
   407   432   195  2.3082  0.5410
   402   423   194  2.2898  0.5354
   402   422   194  2.2791  0.5322
   402   424   194  2.2787  0.5321
   402   430   195  2.2691  0.5292
   406   432   195  2.2655  0.5281
   416   432   195  2.2507  0.5237
   402   425   194  2.2474  0.5228
   402   421   194  2.2443  0.5218
   405   432   195  2.2173  0.5138
   402   426   194  2.1969  0.5078
   409   414   195  2.1877  0.5050
   402   417   195  2.1853  0.5043
   402   420   194  2.1822  0.5034
   410   414   195  2.1808  0.5030
   417   432   195  2.1758  0.5016
   408   414   195  2.1733  0.5008
   404   432   195  2.1640  0.4981
   402   431   195  2.1619  0.4975
   411   414   195  2.1552  0.4955
   407   414   195  2.1347  0.4895
   402   427   194  2.1275  0.4874
   412   414   195  2.1131  0.4832
   403   432   195  2.1052  0.4809
   402   419   194  2.0905  0.4767
   418   432   195  2.0872  0.4757
   406   414   195  2.0695  0.4706
   420   423   195  2.0685  0.4703
   420   424   195  2.0669  0.4699
   420   422   195  2.0665  0.4698
   420   425   195  2.0654  0.4694
   420   426   195  2.0646  0.4692
   420   427   195  2.0627  0.4686
   402   422   196  2.0590  0.4676
   413   414   195  2.0561  0.4668
   420   428   195  2.0554  0.4666
   420   421   195  2.0551  0.4665
   402   423   196  2.0542  0.4662
   402   432   195  2.0404  0.4623
   402   421   196  2.0400  0.4622
   402   428   194  2.0399  0.4621
   420   429   195  2.0375  0.4614
   402   424   196  2.0316  0.4597
   420   420   195  2.0277  0.4586
   411   432   197  2.0161  0.4553
   402   416   195  2.0089  0.4533
   410   432   197  2.0063  0.4526
   412   432   197  2.0062  0.4525
   402   424   197  2.0057  0.4524
   420   430   195  2.0037  0.4518
   401   423   195  2.4470  0.5834
   401   424   195  2.4464  0.5832
   401   422   195  2.4361  0.5801
   401   425   195  2.4361  0.5801
   401   426   195  2.4159  0.5738
   401   421   195  2.4095  0.5719
   401   427   195  2.3838  0.5640
   401   420   195  2.3614  0.5571
   401   428   195  2.3370  0.5497
   401   419   195  2.2852  0.5341
   401   429   195  2.2726  0.5303
   412   433   195  2.2641  0.5277
   411   433   195  2.2634  0.5275
   413   433   195  2.2516  0.5240
   410   433   195  2.2512  0.5239
   409   433   195  2.2296  0.5175
   414   433   195  2.2249  0.5161
   401   423   194  2.2240  0.5158
   401   424   194  2.2190  0.5143
   401   422   194  2.2057  0.5104
   408   433   195  2.2006  0.5089
   401   425   194  2.1925  0.5065
   401   430   195  2.1891  0.5055
   415   433   195  2.1836  0.5038
   401   418   195  2.1750  0.5013
   407   433   195  2.1656  0.4986
   401   421   194  2.1616  0.4974
   401   426   194  2.1458  0.4928
   416   433   195  2.1277  0.4875
   406   433   195  2.1255  0.4868
   401   420   194  2.0890  0.4763
   401   431   195  2.0870  0.4757
   405   433   195  2.0802  0.4737
   401   427   194  2.0798  0.4736
   417   433   195  2.0579  0.4673
   401   422   196  2.0357  0.4609
   401   423   196  2.0311  0.4596
   404   433   195  2.0296  0.4592
   401   417   195  2.0269  0.4584
   401   421   196  2.0148  0.4550
   401   424   196  2.0070  0.4528
   400   424   195  2.3424  0.5513
   400   423   195  2.3406  0.5508
   400   425   195  2.3336  0.5487
   400   422   195  2.3251  0.5461
   400   426   195  2.3149  0.5430
   400   421   195  2.2913  0.5359
   400   427   195  2.2851  0.5340
   400   428   195  2.2417  0.5211
   400   420   195  2.2333  0.5186
   400   429   195  2.1817  0.5033
   400   423   194  2.1453  0.4926
   400   419   195  2.1452  0.4926
   400   424   194  2.1447  0.4924
   412   434   195  2.1223  0.4859
   400   425   194  2.1213  0.4856
   411   434   195  2.1211  0.4856
   400   422   194  2.1210  0.4855
   413   434   195  2.1107  0.4825
   410   434   195  2.1089  0.4820
   400   430   195  2.1031  0.4803
   409   434   195  2.0880  0.4760
   414   434   195  2.0852  0.4752
   400   426   194  2.0770  0.4728
   400   421   194  2.0691  0.4705
   408   434   195  2.0604  0.4680
   415   434   195  2.0454  0.4637
   407   434   195  2.0275  0.4586
   400   418   195  2.0222  0.4571
   400   427   194  2.0131  0.4545
   400   422   196  2.0058  0.4524
   400   431   195  2.0053  0.4522
   400   423   196  2.0020  0.4513
   399   424   195  2.2376  0.5198
   399   423   195  2.2326  0.5183
   399   425   195  2.2305  0.5177
   399   426   195  2.2130  0.5125
   399   422   195  2.2117  0.5121
   399   427   195  2.1847  0.5042
   399   421   195  2.1700  0.4998
   399   428   195  2.1435  0.4921
   399   420   195  2.1017  0.4799
   399   429   195  2.0866  0.4755
   399   424   194  2.0520  0.4656
   399   423   194  2.0500  0.4650
   399   425   194  2.0301  0.4593
   399   422   194  2.0216  0.4569
   399   430   195  2.0113  0.4540
   399   419   195  2.0020  0.4513
   398   424   195  2.1320  0.4887
   398   425   195  2.1271  0.4873
   398   423   195  2.1231  0.4861
   398   426   195  2.1109  0.4826
   398   422   195  2.0963  0.4783
   398   427   195  2.0836  0.4747
   398   421   195  2.0464  0.4640
   398   428   195  2.0436  0.4632
   397   424   195  2.0250  0.4579
   397   425   195  2.0231  0.4573
   397   423   195  2.0115  0.4540
   397   426   195  2.0085  0.4532
