#   X     Y     Z      S       D
   343   125   261  4.0458  1.2538
   342   125   261  4.0347  1.2486
   343   126   261  4.0109  1.2375
   344   125   261  4.0101  1.2372
   342   126   261  4.0075  1.2360
   343   124   261  4.0017  1.2333
   344   124   261  3.9809  1.2238
   342   124   261  3.9769  1.2219
   344   126   261  3.9656  1.2168
   343   125   262  3.7132  1.1066
   342   125   262  3.7121  1.1061
   343   124   262  3.6877  1.0956
   342   124   262  3.6835  1.0937
   344   125   262  3.6733  1.0893
   343   126   262  3.6728  1.0891
   342   125   260  3.6703  1.0834
   342   126   262  3.6698  1.0878
   343   125   260  3.6625  1.0801
   344   124   262  3.6536  1.0808
   342   124   260  3.6389  1.0699
   343   124   260  3.6331  1.0675
   344   126   262  3.6320  1.0716
   342   126   260  3.6300  1.0662
   343   126   260  3.6244  1.0638
   344   125   260  3.6147  1.0597
   344   124   260  3.5890  1.0488
   344   126   260  3.5771  1.0438
   341   125   261  3.9713  1.2193
   341   126   261  3.9486  1.2090
   345   125   261  3.9309  1.2009
   345   124   261  3.9153  1.1938
   343   127   261  3.9117  1.1922
   342   127   261  3.9099  1.1914
   341   124   261  3.9035  1.1885
   345   126   261  3.8774  1.1768
   343   123   261  3.8663  1.1718
   344   123   261  3.8646  1.1710
   344   127   261  3.8629  1.1702
   341   127   261  3.8497  1.1644
   342   123   261  3.8237  1.1528
   345   123   261  3.8162  1.1494
   345   127   261  3.7704  1.1292
   341   123   261  3.7365  1.1144
   342   126   259  3.6827  1.0865
   342   125   259  3.6753  1.0833
   341   126   259  3.6709  1.0814
   341   125   259  3.6678  1.0801
   341   125   262  3.6646  1.0855
   343   126   259  3.6535  1.0740
   343   125   259  3.6462  1.0709
   341   124   262  3.6372  1.0738
   341   125   260  3.6340  1.0679
   342   127   259  3.6291  1.0636
   341   126   262  3.6168  1.0650
   343   127   259  3.6067  1.0541
   341   127   259  3.6063  1.0539
   341   124   260  3.6045  1.0553
   342   124   259  3.6011  1.0517
   345   125   262  3.5967  1.0565
   344   126   259  3.5935  1.0486
   343   123   262  3.5931  1.0550
   341   124   259  3.5911  1.0475
   344   125   259  3.5893  1.0468
   341   126   260  3.5882  1.0485
   345   124   262  3.5833  1.0508
   342   123   262  3.5823  1.0504
   343   124   259  3.5783  1.0421
   343   127   262  3.5734  1.0466
   344   123   262  3.5681  1.0444
   342   127   262  3.5631  1.0423
   345   126   262  3.5535  1.0382
   344   127   259  3.5492  1.0300
   344   127   262  3.5373  1.0314
   341   123   262  3.5340  1.0300
   345   125   260  3.5304  1.0242
   344   124   259  3.5296  1.0218
   342   123   260  3.5289  1.0236
   343   127   260  3.5283  1.0233
   343   123   260  3.5283  1.0233
   342   127   260  3.5272  1.0229
   345   126   259  3.5092  1.0133
   345   125   259  3.5092  1.0133
   345   124   260  3.5079  1.0148
   345   123   262  3.5074  1.0189
   341   127   262  3.5000  1.0158
   341   123   260  3.4940  1.0091
   345   126   260  3.4938  1.0090
   344   123   260  3.4914  1.0080
   344   127   260  3.4861  1.0058
   341   127   260  3.4766  1.0019
   345   127   259  3.4645  0.9949
   345   127   262  3.4620  1.0000
   342   123   259  3.4571  0.9918
   345   124   259  3.4570  0.9918
   343   123   259  3.4454  0.9871
   341   123   259  3.4395  0.9847
   345   123   260  3.4170  0.9775
   344   123   259  3.4088  0.9722
   345   127   260  3.4075  0.9736
   345   123   259  3.3464  0.9470
   344   126   263  2.5887  0.6710
   343   126   263  2.5830  0.6690
   344   125   263  2.5823  0.6688
   345   125   263  2.5714  0.6650
   345   126   263  2.5705  0.6647
   343   125   263  2.5705  0.6647
   344   127   263  2.5659  0.6631
   343   127   263  2.5650  0.6628
   342   126   263  2.5561  0.6598
   344   124   263  2.5474  0.6568
   345   124   263  2.5424  0.6551
   345   127   263  2.5402  0.6543
   342   125   263  2.5399  0.6542
   342   127   263  2.5392  0.6540
   343   124   263  2.5292  0.6506
   341   126   263  2.5089  0.6436
   342   124   263  2.4931  0.6383
   341   125   263  2.4921  0.6379
   341   127   263  2.4893  0.6370
   344   123   263  2.4837  0.6351
   345   123   263  2.4821  0.6346
   343   123   263  2.4602  0.6272
   341   124   263  2.4417  0.6209
   342   123   263  2.4180  0.6130
   341   123   263  2.3609  0.5941
   340   125   261  3.8507  1.1648
   340   126   261  3.8287  1.1550
   346   125   261  3.8074  1.1456
   346   124   261  3.8015  1.1429
   340   124   261  3.7782  1.1327
   343   128   261  3.7626  1.1258
   342   128   261  3.7567  1.1232
   346   126   261  3.7478  1.1193
   340   127   261  3.7265  1.1100
   344   128   261  3.7157  1.1053
   346   123   261  3.7156  1.1053
   341   128   261  3.6908  1.0946
   344   122   261  3.6541  1.0787
   346   127   261  3.6381  1.0719
   343   122   261  3.6350  1.0706
   345   122   261  3.6253  1.0664
   345   128   261  3.6237  1.0657
   340   125   259  3.6129  1.0567
   340   126   259  3.6077  1.0545
   340   123   261  3.6039  1.0573
   342   122   261  3.5732  1.0443
   340   125   262  3.5665  1.0437
   340   128   261  3.5616  1.0394
   340   125   260  3.5517  1.0331
   340   124   262  3.5454  1.0348
   346   122   261  3.5411  1.0308
   340   124   259  3.5388  1.0256
   340   127   259  3.5294  1.0217
   340   124   260  3.5292  1.0237
   342   128   259  3.5218  1.0185
   343   128   259  3.5122  1.0145
   340   126   262  3.5094  1.0197
   340   126   260  3.4967  1.0102
   346   128   261  3.4920  1.0104
   346   125   262  3.4857  1.0098
   341   128   259  3.4826  1.0023
   346   124   262  3.4772  1.0063
   341   122   261  3.4715  1.0019
   344   128   259  3.4627  0.9941
   340   123   262  3.4460  0.9934
   346   126   262  3.4413  0.9915
   343   122   262  3.4319  0.9876
   340   123   260  3.4242  0.9804
   343   128   262  3.4230  0.9840
   344   122   262  3.4176  0.9818
   342   122   262  3.4132  0.9799
   346   125   260  3.4114  0.9752
   346   123   262  3.4095  0.9784
   346   125   259  3.4047  0.9705
   346   126   259  3.4020  0.9694
   342   128   262  3.4004  0.9747
   344   128   262  3.3972  0.9734
   346   124   260  3.3892  0.9662
   340   128   259  3.3881  0.9638
   340   123   259  3.3850  0.9625
   343   128   260  3.3838  0.9640
   345   128   259  3.3816  0.9611
   340   127   262  3.3803  0.9665
   346   126   260  3.3777  0.9615
   340   127   260  3.3740  0.9600
   342   128   260  3.3725  0.9594
   345   122   262  3.3682  0.9616
   341   122   262  3.3617  0.9590
   346   124   259  3.3570  0.9512
   346   127   259  3.3563  0.9510
   346   127   262  3.3529  0.9554
   344   128   260  3.3507  0.9506
   343   122   260  3.3447  0.9482
   342   122   260  3.3389  0.9459
   340   122   261  3.3316  0.9449
   345   128   262  3.3305  0.9464
   341   128   262  3.3235  0.9436
   344   122   260  3.3171  0.9372
   341   128   260  3.3106  0.9346
   341   122   260  3.3027  0.9314
   346   123   260  3.3025  0.9314
   346   127   260  3.2974  0.9293
   346   122   262  3.2807  0.9265
   345   128   260  3.2805  0.9226
   340   122   262  3.2769  0.9249
   346   128   259  3.2745  0.9184
   346   123   259  3.2526  0.9098
   345   122   260  3.2523  0.9115
   343   122   259  3.2479  0.9080
   342   122   259  3.2461  0.9072
   340   122   260  3.2384  0.9060
   346   128   262  3.2294  0.9061
   344   122   259  3.2253  0.8991
   341   122   259  3.2183  0.8964
   340   128   260  3.1964  0.8896
   340   128   262  3.1898  0.8906
   346   128   260  3.1789  0.8828
   345   122   259  3.1746  0.8794
   340   122   259  3.1591  0.8734
   346   122   260  3.1456  0.8699
   346   122   259  3.0888  0.8465
   346   125   263  2.5322  0.6516
   346   126   263  2.5244  0.6489
   343   128   263  2.5144  0.6455
   344   128   263  2.5125  0.6449
   346   124   263  2.5074  0.6431
   342   128   263  2.4873  0.6363
   346   127   263  2.4857  0.6357
   345   128   263  2.4805  0.6340
   342   128   264  2.4538  0.6262
   346   123   263  2.4479  0.6230
   342   127   264  2.4440  0.6229
   340   126   263  2.4409  0.6206
   341   128   264  2.4374  0.6207
   341   127   264  2.4354  0.6200
   341   128   263  2.4325  0.6178
   340   125   263  2.4266  0.6159
   343   128   264  2.4223  0.6156
   346   128   263  2.4177  0.6129
   340   127   263  2.4157  0.6122
   343   127   264  2.4096  0.6113
   342   126   264  2.4040  0.6095
   341   126   264  2.3996  0.6080
   344   122   263  2.3897  0.6036
   345   122   263  2.3883  0.6031
   340   127   264  2.3786  0.6010
   340   124   263  2.3751  0.5987
   343   126   264  2.3703  0.5983
   340   128   264  2.3689  0.5978
   343   122   263  2.3633  0.5948
   344   128   264  2.3530  0.5925
   340   126   264  2.3519  0.5922
   340   128   263  2.3516  0.5910
   346   122   263  2.3514  0.5909
   344   127   264  2.3418  0.5889
   342   125   264  2.3406  0.5885
   341   125   264  2.3365  0.5871
   342   122   263  2.3161  0.5793
   343   125   264  2.3111  0.5788
   344   126   264  2.3073  0.5775
   340   125   264  2.2940  0.5732
   340   123   263  2.2904  0.5710
   342   124   264  2.2595  0.5620
   345   128   264  2.2587  0.5617
   344   125   264  2.2553  0.5606
   341   122   263  2.2533  0.5589
   345   127   264  2.2523  0.5596
   341   124   264  2.2522  0.5596
   343   124   264  2.2368  0.5547
   345   126   264  2.2246  0.5507
   340   124   264  2.2112  0.5464
   344   124   264  2.1893  0.5394
   345   125   264  2.1804  0.5366
   340   122   263  2.1777  0.5347
   342   123   264  2.1641  0.5314
   346   128   264  2.1519  0.5275
   346   127   264  2.1512  0.5273
   341   123   264  2.1512  0.5273
   343   123   264  2.1494  0.5267
   346   126   264  2.1303  0.5207
   345   124   264  2.1224  0.5182
   344   123   264  2.1103  0.5144
   340   123   264  2.1084  0.5138
   346   125   264  2.0927  0.5089
   342   122   264  2.0547  0.4970
   345   123   264  2.0506  0.4958
   343   122   264  2.0479  0.4949
   346   124   264  2.0406  0.4927
   341   122   264  2.0352  0.4910
   344   122   264  2.0166  0.4852
   339   125   261  3.6722  1.0865
   339   126   261  3.6475  1.0759
   347   125   261  3.6357  1.0708
   347   124   261  3.6338  1.0701
   339   124   261  3.6006  1.0559
   343   129   261  3.5752  1.0452
   347   126   261  3.5748  1.0450
   342   129   261  3.5614  1.0393
   347   123   261  3.5559  1.0370
   339   127   261  3.5412  1.0308
   344   129   261  3.5346  1.0281
   339   125   259  3.5022  1.0104
   341   129   261  3.4872  1.0084
   339   126   259  3.4861  1.0038
   347   127   261  3.4662  0.9997
   345   129   261  3.4473  0.9919
   339   124   259  3.4354  0.9830
   339   123   261  3.4265  0.9833
   339   125   260  3.4252  0.9808
   339   125   262  3.4165  0.9813
   339   124   260  3.4148  0.9766
   339   124   262  3.4062  0.9771
   347   122   261  3.3940  0.9701
   339   127   259  3.3937  0.9661
   343   129   259  3.3756  0.9587
   339   128   261  3.3721  0.9612
   342   129   259  3.3681  0.9557
   339   126   260  3.3577  0.9534
   344   121   261  3.3544  0.9541
   340   129   261  3.3515  0.9529
   339   126   262  3.3472  0.9531
   345   121   261  3.3454  0.9505
   347   125   262  3.3402  0.9503
   344   129   259  3.3385  0.9438
   347   124   262  3.3342  0.9479
   347   128   261  3.3230  0.9414
   339   123   260  3.3216  0.9390
   346   129   261  3.3194  0.9400
   339   123   262  3.3168  0.9409
   343   121   261  3.3157  0.9385
   341   129   259  3.3092  0.9322
   347   126   262  3.2970  0.9330
   339   123   259  3.2857  0.9229
   346   121   261  3.2799  0.9243
   347   123   262  3.2722  0.9231
   347   125   259  3.2705  0.9168
   347   126   259  3.2686  0.9161
   345   129   259  3.2647  0.9146
   347   125   260  3.2567  0.9132
   339   128   259  3.2370  0.9037
   342   121   261  3.2369  0.9073
   347   124   260  3.2311  0.9031
   343   129   262  3.2295  0.9062
   347   126   260  3.2293  0.9024
   347   127   259  3.2240  0.8986
   339   127   260  3.2228  0.8999
   347   124   259  3.2226  0.8980
   344   129   262  3.2191  0.9021
   343   121   262  3.2150  0.9005
   347   127   262  3.2134  0.8998
   344   121   262  3.2107  0.8988
   339   127   262  3.2052  0.8966
   343   129   260  3.2006  0.8912
   340   129   259  3.1959  0.8876
   342   129   262  3.1907  0.8910
   342   121   262  3.1892  0.8904
   344   129   260  3.1795  0.8830
   342   129   260  3.1769  0.8820
   345   121   262  3.1726  0.8839
   345   129   262  3.1663  0.8815
   346   129   259  3.1611  0.8742
   339   129   261  3.1594  0.8770
   339   122   262  3.1577  0.8781
   347   127   260  3.1572  0.8744
   339   122   261  3.1562  0.8757
   347   129   261  3.1551  0.8753
   347   122   262  3.1523  0.8760
   347   121   261  3.1500  0.8734
   339   122   260  3.1483  0.8709
   347   123   260  3.1448  0.8696
   347   128   259  3.1435  0.8674
   341   121   262  3.1356  0.8696
   341   121   261  3.1237  0.8632
   345   129   260  3.1205  0.8603
   347   123   259  3.1196  0.8582
   341   129   260  3.1031  0.8536
   347   128   262  3.0984  0.8552
   341   129   262  3.0979  0.8550
   346   121   262  3.0966  0.8545
   343   121   260  3.0870  0.8475
   346   129   262  3.0779  0.8474
   342   121   260  3.0756  0.8431
   344   121   260  3.0688  0.8406
   339   122   259  3.0624  0.8365
   340   121   262  3.0550  0.8387
   347   128   260  3.0485  0.8329
   341   121   260  3.0396  0.8295
   339   128   260  3.0350  0.8278
   347   129   259  3.0324  0.8252
   339   129   259  3.0304  0.8245
   346   129   260  3.0296  0.8257
   345   121   260  3.0152  0.8203
   339   128   262  3.0023  0.8187
   343   121   259  2.9933  0.8106
   347   122   260  2.9932  0.8121
   344   121   259  2.9841  0.8072
   340   121   260  2.9825  0.8081
   340   121   261  2.9803  0.8089
   347   121   262  2.9796  0.8102
   340   129   260  2.9790  0.8068
   342   121   259  2.9786  0.8051
   347   122   259  2.9598  0.7981
   347   129   262  2.9593  0.8026
   340   129   262  2.9503  0.7993
   339   121   262  2.9470  0.7981
   345   121   259  2.9455  0.7929
   341   121   259  2.9408  0.7911
   346   121   260  2.9196  0.7849
   347   129   260  2.9103  0.7814
   339   121   260  2.9065  0.7800
   340   121   259  2.8773  0.7679
   346   121   259  2.8692  0.7650
   339   129   260  2.8114  0.7455
   339   121   261  2.8113  0.7469
   339   121   259  2.7834  0.7341
   347   121   260  2.7776  0.7334
   339   129   262  2.7530  0.7274
   347   121   259  2.7474  0.7213
   347   125   263  2.4587  0.6267
   347   126   263  2.4461  0.6224
   347   124   263  2.4355  0.6189
   343   129   263  2.4304  0.6171
   344   129   263  2.4279  0.6163
   342   129   264  2.4270  0.6172
   343   129   264  2.4016  0.6087
   341   129   264  2.4006  0.6084
   342   129   263  2.4001  0.6070
   347   127   263  2.4001  0.6070
   345   129   263  2.3918  0.6043
   347   123   263  2.3741  0.5984
   341   128   265  2.3613  0.5965
   339   126   263  2.3510  0.5908
   341   129   265  2.3501  0.5927
   342   128   265  2.3424  0.5902
   339   125   263  2.3418  0.5877
   342   129   265  2.3413  0.5898
   340   128   265  2.3411  0.5898
   341   129   263  2.3396  0.5870
   344   129   264  2.3341  0.5863
   341   127   265  2.3336  0.5873
   347   128   263  2.3241  0.5820
   340   127   265  2.3239  0.5841
   346   129   263  2.3224  0.5814
   340   129   264  2.3198  0.5816
   339   127   263  2.3185  0.5801
   340   129   265  2.3172  0.5819
   342   127   265  2.3082  0.5789
   339   124   263  2.2921  0.5715
   343   129   265  2.2920  0.5736
   343   128   265  2.2872  0.5721
   339   128   265  2.2827  0.5706
   339   127   265  2.2780  0.5690
   339   127   264  2.2746  0.5669
   347   122   263  2.2728  0.5652
   341   126   265  2.2716  0.5670
   340   126   265  2.2680  0.5658
   344   121   263  2.2631  0.5621
   339   126   264  2.2606  0.5623
   345   121   263  2.2584  0.5606
   340   129   263  2.2520  0.5585
   343   127   265  2.2516  0.5605
   339   128   264  2.2512  0.5593
   339   128   263  2.2469  0.5569
   339   129   265  2.2458  0.5586
   342   126   265  2.2448  0.5583
   345   129   264  2.2380  0.5550
   343   121   263  2.2372  0.5537
   339   126   265  2.2317  0.5540
   347   129   263  2.2221  0.5489
   346   121   263  2.2159  0.5469
   339   125   264  2.2126  0.5469
   344   129   265  2.2079  0.5464
   339   123   263  2.2062  0.5438
   344   128   265  2.2023  0.5446
   343   126   265  2.1919  0.5413
   339   129   264  2.1898  0.5396
   342   121   263  2.1879  0.5380
   341   125   265  2.1814  0.5379
   340   125   265  2.1784  0.5370
   344   127   265  2.1703  0.5344
   342   125   265  2.1588  0.5307
   339   125   265  2.1472  0.5270
   339   129   263  2.1416  0.5233
   339   124   264  2.1358  0.5224
   347   121   263  2.1305  0.5198
   346   129   264  2.1274  0.5198
   341   121   263  2.1213  0.5169
   344   126   265  2.1187  0.5180
   343   125   265  2.1144  0.5166
   345   129   265  2.0977  0.5114
   345   128   265  2.0958  0.5108
   339   122   263  2.0906  0.5073
   345   127   265  2.0716  0.5032
   341   124   265  2.0692  0.5025
   340   124   265  2.0616  0.5001
   342   124   265  2.0554  0.4982
   344   125   265  2.0523  0.4972
   347   127   264  2.0456  0.4942
   340   121   263  2.0415  0.4921
   347   128   264  2.0415  0.4929
   339   123   264  2.0358  0.4912
   345   126   265  2.0305  0.4905
   339   124   265  2.0303  0.4904
   347   126   264  2.0294  0.4892
   343   124   265  2.0229  0.4881
   347   129   264  2.0131  0.4842
   338   125   261  3.4401  0.9889
   348   125   261  3.4112  0.9771
   338   126   261  3.4108  0.9769
   348   124   261  3.4076  0.9756
   338   124   261  3.3745  0.9622
   343   130   261  3.3582  0.9556
   348   126   261  3.3551  0.9544
   342   130   261  3.3345  0.9461
   338   125   259  3.3328  0.9416
   348   123   261  3.3326  0.9453
   344   130   261  3.3269  0.9430
   338   126   259  3.3050  0.9305
   338   127   261  3.3016  0.9329
   338   124   259  3.2768  0.9193
   338   124   260  3.2656  0.9167
   338   125   260  3.2603  0.9146
   348   127   261  3.2528  0.9135
   341   130   261  3.2519  0.9132
   345   130   261  3.2474  0.9114
   338   124   262  3.2211  0.9029
   338   125   262  3.2172  0.9014
   338   123   261  3.2084  0.8961
   343   130   259  3.2012  0.8897
   338   127   259  3.2012  0.8897
   338   123   260  3.1894  0.8869
   348   122   261  3.1802  0.8851
   344   130   259  3.1794  0.8812
   338   126   260  3.1787  0.8827
   342   130   259  3.1748  0.8795
   348   125   262  3.1605  0.8792
   348   124   262  3.1538  0.8766
   338   123   262  3.1467  0.8739
   338   123   259  3.1372  0.8650
   338   126   262  3.1347  0.8692
   338   128   261  3.1323  0.8665
   346   130   261  3.1262  0.8642
   348   126   262  3.1216  0.8641
   348   128   261  3.1168  0.8606
   345   130   259  3.1159  0.8568
   340   130   261  3.1112  0.8584
   348   126   259  3.1040  0.8523
   348   125   259  3.1003  0.8509
   341   130   259  3.0960  0.8492
   348   123   262  3.0952  0.8540
   348   127   259  3.0643  0.8372
   348   125   260  3.0642  0.8388
   348   124   259  3.0474  0.8308
   348   126   260  3.0467  0.8322
   348   127   262  3.0454  0.8350
   338   128   259  3.0346  0.8260
   338   122   260  3.0345  0.8276
   338   127   260  3.0326  0.8269
   348   124   260  3.0315  0.8265
   346   130   259  3.0185  0.8200
   344   130   262  3.0084  0.8210
   338   122   262  3.0040  0.8194
   343   130   262  2.9998  0.8178
   345   120   261  2.9937  0.8139
   343   130   260  2.9885  0.8103
   348   128   259  2.9879  0.8086
   348   127   260  2.9860  0.8094
   344   120   261  2.9852  0.8107
   348   122   262  2.9831  0.8115
   338   127   262  2.9811  0.8108
   344   130   260  2.9806  0.8074
   345   130   262  2.9741  0.8082
   347   130   261  2.9687  0.8046
   340   130   259  2.9654  0.8002
   344   120   262  2.9642  0.8045
   343   120   262  2.9611  0.8033
   348   129   261  2.9568  0.8001
   348   121   261  2.9532  0.7988
   342   130   260  2.9521  0.7968
   338   122   261  2.9497  0.7975
   346   120   261  2.9473  0.7966
   342   130   262  2.9427  0.7965
   348   123   260  2.9425  0.7933
   348   123   259  2.9415  0.7914
   348   128   262  2.9408  0.7958
   345   120   262  2.9357  0.7939
   345   130   260  2.9345  0.7903
   343   120   261  2.9315  0.7908
   342   120   262  2.9313  0.7923
   338   122   259  2.9239  0.7849
   338   129   261  2.9235  0.7878
   339   130   261  2.9202  0.7866
   346   130   262  2.9030  0.7818
   347   130   259  2.8935  0.7738
   348   128   260  2.8895  0.7738
   348   129   259  2.8806  0.7691
   341   120   262  2.8784  0.7728
   346   120   262  2.8707  0.7699
   341   130   260  2.8679  0.7659
   346   130   260  2.8558  0.7615
   342   120   261  2.8418  0.7579
   347   120   261  2.8386  0.7568
   338   128   260  2.8381  0.7551
   341   130   262  2.8340  0.7566
   348   121   262  2.8221  0.7523
   338   129   259  2.8215  0.7477
   348   129   262  2.8149  0.7496
   338   121   260  2.8128  0.7460
   338   121   262  2.8111  0.7483
   340   120   262  2.8043  0.7458
   347   130   262  2.8005  0.7445
   348   122   260  2.7941  0.7393
   339   130   259  2.7892  0.7361
   348   122   259  2.7827  0.7338
   348   130   261  2.7791  0.7353
   343   120   260  2.7707  0.7309
   338   128   262  2.7696  0.7333
   347   120   262  2.7662  0.7321
   348   129   260  2.7638  0.7285
   344   120   260  2.7602  0.7272
   342   120   260  2.7566  0.7259
   347   130   260  2.7484  0.7230
   348   130   259  2.7460  0.7208
   340   130   260  2.7375  0.7191
   341   120   260  2.7241  0.7144
   341   120   261  2.7238  0.7156
   345   120   260  2.7176  0.7121
   339   120   262  2.7091  0.7118
   344   120   259  2.6993  0.7043
   343   120   259  2.6977  0.7038
   338   130   261  2.6929  0.7047
   340   120   260  2.6770  0.6978
   340   130   262  2.6749  0.6998
   342   120   259  2.6732  0.6952
   348   130   262  2.6719  0.6987
   345   120   259  2.6714  0.6946
   348   120   261  2.6660  0.6953
   338   121   259  2.6559  0.6892
   346   120   260  2.6352  0.6832
   341   120   259  2.6287  0.6798
   348   120   262  2.6234  0.6818
   338   121   261  2.6217  0.6799
   339   120   260  2.6172  0.6770
   348   130   260  2.6143  0.6760
   338   129   260  2.6135  0.6757
   346   120   259  2.6053  0.6717
   338   120   262  2.5919  0.6708
   348   121   260  2.5884  0.6671
   340   120   261  2.5839  0.6668
   338   130   259  2.5790  0.6626
   348   121   259  2.5763  0.6617
   339   130   260  2.5691  0.6605
   340   120   259  2.5634  0.6573
   338   120   260  2.5449  0.6522
   338   129   262  2.5162  0.6449
   347   120   260  2.5077  0.6396
   347   120   259  2.4936  0.6337
   339   120   259  2.4745  0.6273
   339   130   262  2.4723  0.6300
   339   120   261  2.4277  0.6139
   338   130   260  2.3771  0.5961
   338   120   259  2.3596  0.5893
   342   130   264  2.3593  0.5946
   348   125   263  2.3474  0.5896
   343   130   264  2.3419  0.5889
   348   120   260  2.3350  0.5823
   348   120   259  2.3339  0.5809
   348   126   263  2.3331  0.5849
   341   130   264  2.3228  0.5826
   348   124   263  2.3227  0.5815
   343   130   263  2.3132  0.5784
   344   130   263  2.3123  0.5781
   342   130   265  2.3006  0.5765
   341   130   265  2.2981  0.5756
   348   127   263  2.2831  0.5686
   342   130   263  2.2792  0.5673
   344   130   264  2.2791  0.5683
   345   130   263  2.2749  0.5659
   338   120   261  2.2609  0.5593
   343   130   265  2.2601  0.5633
   348   123   263  2.2572  0.5602
   340   130   265  2.2530  0.5610
   338   126   263  2.2389  0.5543
   338   130   262  2.2378  0.5529
   338   125   263  2.2364  0.5535
   340   130   264  2.2316  0.5530
   341   130   263  2.2139  0.5463
   346   130   263  2.2023  0.5426
   348   128   263  2.2018  0.5424
   338   127   263  2.1992  0.5416
   338   127   265  2.1979  0.5432
   338   124   263  2.1912  0.5390
   338   128   265  2.1904  0.5408
   345   130   264  2.1844  0.5379
   344   130   265  2.1809  0.5378
   339   130   265  2.1709  0.5345
   338   126   265  2.1626  0.5319
   348   122   263  2.1498  0.5259
   338   129   265  2.1425  0.5255
   338   126   264  2.1311  0.5210
   338   127   264  2.1311  0.5209
   340   130   263  2.1223  0.5172
   338   128   263  2.1214  0.5169
   338   123   263  2.1076  0.5126
   344   120   263  2.1023  0.5109
   347   130   263  2.0982  0.5097
   338   125   264  2.0959  0.5099
   348   129   263  2.0950  0.5087
   338   128   264  2.0944  0.5094
   339   130   264  2.0932  0.5090
   345   120   263  2.0910  0.5074
   338   125   265  2.0861  0.5078
   343   120   263  2.0808  0.5042
   346   130   264  2.0727  0.5026
   345   130   265  2.0714  0.5032
   338   130   265  2.0603  0.4997
   346   120   263  2.0409  0.4919
   342   120   263  2.0334  0.4896
   338   124   264  2.0293  0.4892
   338   129   264  2.0230  0.4872
   338   129   263  2.0134  0.4834
   339   130   263  2.0103  0.4824
   348   121   263  2.0015  0.4798
   337   125   261  3.1649  0.8791
   349   125   261  3.1336  0.8670
   337   126   261  3.1309  0.8660
   349   124   261  3.1233  0.8631
   343   131   261  3.1175  0.8608
   337   125   259  3.1091  0.8542
   337   124   261  3.1087  0.8575
   344   131   261  3.0967  0.8529
   337   124   260  3.0882  0.8479
   349   126   261  3.0880  0.8495
   342   131   261  3.0842  0.8481
   337   126   259  3.0714  0.8399
   337   125   260  3.0661  0.8395
   337   124   259  3.0656  0.8377
   349   123   261  3.0479  0.8343
   337   123   260  3.0319  0.8266
   345   131   261  3.0272  0.8265
   337   127   261  3.0219  0.8245
   349   127   261  2.9979  0.8155
   341   131   261  2.9949  0.8144
   337   124   262  2.9946  0.8158
   343   131   259  2.9924  0.8103
   344   131   259  2.9865  0.8081
   337   125   262  2.9753  0.8086
   337   126   260  2.9718  0.8041
   337   127   259  2.9611  0.7986
   337   123   261  2.9573  0.8003
   349   125   262  2.9489  0.7988
   342   131   259  2.9480  0.7938
   337   123   259  2.9409  0.7912
   349   124   262  2.9390  0.7951
   337   123   262  2.9387  0.7950
   345   131   259  2.9354  0.7891
   349   126   262  2.9172  0.7870
   346   131   261  2.9150  0.7847
   349   126   259  2.9039  0.7776
   349   122   261  2.9038  0.7806
   337   122   260  2.8995  0.7774
   349   125   259  2.8903  0.7726
   349   123   262  2.8824  0.7742
   337   126   262  2.8807  0.7736
   349   128   261  2.8747  0.7699
   349   127   259  2.8739  0.7666
   337   128   261  2.8583  0.7639
   340   131   261  2.8528  0.7619
   341   131   259  2.8522  0.7588
   349   127   262  2.8517  0.7630
   346   131   259  2.8463  0.7567
   349   125   260  2.8336  0.7535
   349   126   260  2.8289  0.7518
   349   124   259  2.8287  0.7503
   337   127   260  2.8181  0.7479
   337   122   262  2.8171  0.7505
   349   128   259  2.8062  0.7422
   337   128   259  2.7925  0.7373
   349   124   260  2.7913  0.7383
   349   127   260  2.7827  0.7352
   349   122   262  2.7781  0.7364
   344   131   262  2.7696  0.7333
   347   131   261  2.7663  0.7307
   344   131   260  2.7618  0.7277
   349   128   262  2.7601  0.7299
   345   131   262  2.7568  0.7288
   343   131   260  2.7568  0.7260
   337   122   259  2.7443  0.7202
   343   131   262  2.7400  0.7228
   345   131   260  2.7288  0.7160
   349   129   261  2.7273  0.7169
   347   131   259  2.7273  0.7142
   337   122   261  2.7191  0.7140
   337   127   262  2.7189  0.7153
   349   123   259  2.7175  0.7107
   342   131   260  2.7095  0.7092
   340   131   259  2.7090  0.7077
   349   129   259  2.7066  0.7069
   346   131   262  2.7065  0.7109
   337   121   260  2.7022  0.7066
   349   128   260  2.7013  0.7063
   344   119   262  2.7010  0.7090
   349   123   260  2.6981  0.7052
   349   121   261  2.6954  0.7056
   343   119   262  2.6946  0.7067
   345   119   262  2.6788  0.7011
   339   131   261  2.6675  0.6958
   342   119   262  2.6648  0.6962
   342   131   262  2.6646  0.6961
   346   131   260  2.6627  0.6928
   337   129   261  2.6607  0.6935
   349   129   262  2.6489  0.6906
   337   121   262  2.6474  0.6901
   349   121   262  2.6302  0.6841
   347   131   262  2.6235  0.6818
   346   119   262  2.6229  0.6816
   337   128   260  2.6222  0.6788
   341   131   260  2.6183  0.6774
   341   119   262  2.6160  0.6792
   345   119   261  2.6021  0.6731
   349   129   260  2.5906  0.6678
   348   131   261  2.5865  0.6677
   348   131   259  2.5854  0.6648
   337   129   259  2.5829  0.6640
   344   119   261  2.5811  0.6658
   349   130   259  2.5792  0.6627
   346   119   261  2.5731  0.6631
   347   131   260  2.5671  0.6598
   349   130   261  2.5619  0.6593
   349   122   259  2.5588  0.6558
   349   122   260  2.5525  0.6548
   340   119   262  2.5506  0.6566
   341   131   262  2.5422  0.6538
   347   119   262  2.5307  0.6498
   339   131   259  2.5280  0.6453
   349   130   262  2.5220  0.6469
   343   119   261  2.5198  0.6449
   348   131   262  2.5129  0.6438
   337   128   262  2.5044  0.6409
   337   121   259  2.4950  0.6342
   347   119   261  2.4874  0.6339
   340   131   260  2.4866  0.6325
   339   119   262  2.4691  0.6289
   337   120   260  2.4594  0.6234
   349   130   260  2.4553  0.6220
   338   131   261  2.4537  0.6226
   337   120   262  2.4517  0.6231
   349   120   262  2.4490  0.6222
   337   130   261  2.4468  0.6203
   348   131   260  2.4450  0.6186
   349   120   261  2.4368  0.6170
   342   119   261  2.4280  0.6140
   349   131   259  2.4262  0.6112
   343   119   260  2.4224  0.6110
   337   121   261  2.4178  0.6106
   344   119   260  2.4161  0.6090
   342   119   260  2.4096  0.6068
   348   119   262  2.4037  0.6071
   337   129   260  2.4034  0.6048
   344   119   259  2.3927  0.6001
   343   119   259  2.3845  0.5974
   341   119   260  2.3843  0.5984
   345   119   260  2.3825  0.5978
   349   131   261  2.3818  0.5987
   349   131   262  2.3800  0.5992
   340   131   262  2.3762  0.5980
   345   119   259  2.3727  0.5936
   338   119   262  2.3700  0.5959
   349   121   259  2.3596  0.5893
   349   121   260  2.3581  0.5898
   342   119   259  2.3553  0.5879
   340   119   260  2.3500  0.5872
   337   130   259  2.3496  0.5860
   348   119   261  2.3442  0.5864
   339   131   260  2.3238  0.5786
   338   131   259  2.3226  0.5772
   346   119   259  2.3162  0.5751
   341   119   261  2.3143  0.5766
   346   119   260  2.3132  0.5752
   341   119   259  2.3089  0.5728
   339   119   260  2.3079  0.5735
   349   131   260  2.2989  0.5706
   338   119   260  2.2571  0.5571
   337   129   262  2.2542  0.5582
   337   119   262  2.2516  0.5573
   342   131   264  2.2501  0.5590
   349   119   262  2.2489  0.5565
   340   119   259  2.2459  0.5525
   343   131   264  2.2409  0.5560
   337   131   261  2.2288  0.5490
   342   131   265  2.2198  0.5502
   337   120   259  2.2188  0.5439
   347   119   259  2.2165  0.5432
   341   131   265  2.2071  0.5461
   341   131   264  2.2055  0.5446
   347   119   260  2.2028  0.5398
   349   125   263  2.1984  0.5413
   337   119   260  2.1956  0.5375
   343   131   265  2.1889  0.5403
   349   126   263  2.1864  0.5375
   340   119   261  2.1859  0.5354
   344   131   264  2.1847  0.5379
   337   130   260  2.1797  0.5325
   339   131   262  2.1744  0.5327
   349   124   263  2.1696  0.5321
   344   131   263  2.1674  0.5314
   343   131   263  2.1653  0.5308
   339   119   259  2.1646  0.5268
   340   131   265  2.1531  0.5289
   349   119   261  2.1514  0.5245
   338   131   260  2.1444  0.5213
   349   127   263  2.1368  0.5218
   345   131   263  2.1321  0.5203
   349   120   259  2.1314  0.5164
   342   131   263  2.1281  0.5190
   349   120   260  2.1238  0.5149
   344   131   265  2.1174  0.5176
   337   125   263  2.1105  0.5135
   340   131   264  2.1082  0.5137
   337   131   259  2.1081  0.5091
   337   126   263  2.1060  0.5121
   349   123   263  2.0985  0.5098
   345   131   264  2.0942  0.5094
   337   120   261  2.0886  0.5049
   337   127   265  2.0878  0.5083
   348   119   259  2.0723  0.4981
   337   124   263  2.0722  0.5016
   337   128   265  2.0708  0.5030
   339   131   265  2.0648  0.5011
   338   119   259  2.0636  0.4954
   337   126   265  2.0627  0.5005
   341   131   263  2.0605  0.4979
   346   131   263  2.0604  0.4979
   337   127   263  2.0603  0.4979
   349   128   263  2.0549  0.4962
   348   119   260  2.0511  0.4924
   339   119   261  2.0493  0.4927
   337   129   265  2.0160  0.4860
   345   131   265  2.0126  0.4849
   336   124   260  2.8910  0.7743
   336   125   261  2.8613  0.7650
   343   132   261  2.8574  0.7636
   336   123   260  2.8546  0.7611
   336   125   260  2.8541  0.7609
   344   132   261  2.8469  0.7598
   336   125   259  2.8428  0.7554
   336   126   261  2.8242  0.7516
   342   132   261  2.8163  0.7487
   336   124   261  2.8162  0.7487
   336   124   259  2.8117  0.7442
   350   125   261  2.8099  0.7464
   336   126   259  2.7987  0.7395
   350   124   261  2.7903  0.7393
   345   132   261  2.7883  0.7386
   350   126   261  2.7789  0.7352
   344   132   259  2.7611  0.7261
   343   132   259  2.7525  0.7231
   336   126   260  2.7511  0.7239
   336   122   260  2.7461  0.7222
   336   124   262  2.7347  0.7209
   341   132   261  2.7237  0.7156
   345   132   259  2.7226  0.7125
   336   127   261  2.7201  0.7143
   350   123   261  2.7138  0.7121
   350   125   262  2.7120  0.7128
   350   127   261  2.7062  0.7094
   336   123   259  2.7044  0.7061
   336   125   262  2.7006  0.7088
   336   123   262  2.6986  0.7081
   350   124   262  2.6979  0.7078
   342   132   259  2.6938  0.7024
   350   126   262  2.6897  0.7049
   336   127   259  2.6886  0.7006
   346   132   261  2.6870  0.7026
   336   123   261  2.6841  0.7016
   350   126   259  2.6685  0.6936
   350   127   259  2.6523  0.6879
   346   132   259  2.6437  0.6849
   350   123   262  2.6434  0.6887
   350   125   259  2.6421  0.6844
   350   127   262  2.6372  0.6866
   350   128   261  2.6012  0.6728
   336   122   262  2.6010  0.6740
   350   128   259  2.5982  0.6692
   336   126   262  2.5970  0.6726
   336   127   260  2.5958  0.6696
   341   132   259  2.5865  0.6652
   340   132   261  2.5846  0.6671
   350   122   261  2.5794  0.6653
   350   126   260  2.5784  0.6637
   336   121   260  2.5753  0.6626
   350   124   259  2.5705  0.6598
   350   125   260  2.5690  0.6605
   336   128   261  2.5686  0.6616
   350   128   262  2.5610  0.6602
   350   127   260  2.5490  0.6536
   347   132   261  2.5489  0.6548
   350   122   262  2.5480  0.6558
   347   132   259  2.5329  0.6469
   344   132   260  2.5297  0.6471
   336   122   259  2.5297  0.6459
   336   128   259  2.5271  0.6450
   350   124   260  2.5170  0.6428
   345   132   262  2.5164  0.6449
   343   132   260  2.5141  0.6418
   350   129   259  2.5112  0.6396
   345   132   260  2.5085  0.6399
   344   132   262  2.5063  0.6415
   346   132   262  2.4890  0.6357
   350   128   260  2.4854  0.6321
   336   122   261  2.4732  0.6292
   350   129   261  2.4717  0.6287
   350   129   262  2.4663  0.6280
   342   132   260  2.4593  0.6233
   336   121   262  2.4577  0.6251
   343   132   262  2.4561  0.6246
   350   123   259  2.4542  0.6205
   346   132   260  2.4541  0.6216
   344   118   262  2.4447  0.6208
   343   118   262  2.4390  0.6189
   340   132   259  2.4378  0.6151
   336   127   262  2.4324  0.6167
   347   132   262  2.4278  0.6151
   345   118   262  2.4249  0.6141
   350   123   260  2.4204  0.6104
   350   121   262  2.4156  0.6110
   342   118   262  2.4130  0.6102
   339   132   261  2.4099  0.6080
   336   128   260  2.4057  0.6055
   348   132   259  2.3985  0.6021
   350   130   259  2.3954  0.6010
   350   121   261  2.3929  0.6024
   350   129   260  2.3923  0.6011
   336   129   261  2.3898  0.6013
   348   132   261  2.3804  0.5983
   346   118   262  2.3751  0.5976
   341   118   262  2.3711  0.5963
   347   132   260  2.3696  0.5936
   341   132   260  2.3658  0.5924
   342   132   262  2.3646  0.5942
   336   120   260  2.3597  0.5904
   350   130   262  2.3559  0.5913
   348   132   262  2.3370  0.5851
   336   129   259  2.3310  0.5800
   350   130   261  2.3231  0.5795
   340   118   262  2.3155  0.5781
   336   121   259  2.3053  0.5716
   350   122   259  2.2976  0.5691
   347   118   262  2.2933  0.5708
   336   120   262  2.2887  0.5693
   350   122   260  2.2798  0.5644
   350   130   260  2.2734  0.5623
   339   132   259  2.2593  0.5568
   348   132   260  2.2583  0.5575
   350   120   262  2.2548  0.5584
   350   131   259  2.2533  0.5549
   349   132   259  2.2479  0.5532
   339   118   262  2.2467  0.5558
   340   132   260  2.2385  0.5512
   341   132   262  2.2329  0.5513
   350   131   262  2.2300  0.5504
   349   132   262  2.2216  0.5477
   336   128   262  2.2216  0.5477
   338   132   261  2.2143  0.5444
   345   118   261  2.2117  0.5436
   336   121   261  2.2060  0.5418
   336   129   260  2.1996  0.5388
   336   130   261  2.1994  0.5397
   346   118   261  2.1959  0.5386
   349   132   261  2.1887  0.5363
   344   118   261  2.1851  0.5351
   348   118   262  2.1813  0.5349
   350   120   261  2.1681  0.5297
   338   118   262  2.1631  0.5291
   350   131   261  2.1589  0.5268
   347   118   261  2.1321  0.5184
   350   131   260  2.1313  0.5172
   343   118   261  2.1248  0.5161
   349   132   260  2.1232  0.5147
   336   119   260  2.1215  0.5142
   336   130   259  2.1168  0.5118
   336   119   262  2.1127  0.5133
   350   121   259  2.1086  0.5093
   342   132   264  2.1030  0.5121
   342   132   265  2.1022  0.5128
   343   132   264  2.1002  0.5112
   350   121   260  2.0994  0.5073
   344   118   259  2.0902  0.5036
   339   132   260  2.0874  0.5036
   350   132   262  2.0871  0.5053
   350   132   259  2.0858  0.5022
   341   132   265  2.0826  0.5067
   343   118   259  2.0803  0.5005
   343   132   265  2.0799  0.5058
   350   119   262  2.0776  0.5023
   343   118   260  2.0746  0.4996
   345   118   259  2.0745  0.4987
   344   118   260  2.0682  0.4977
   342   118   260  2.0672  0.4974
   340   132   262  2.0657  0.4987
   338   132   259  2.0654  0.4959
   337   118   262  2.0625  0.4977
   336   120   259  2.0555  0.4929
   341   132   264  2.0542  0.4969
   341   118   260  2.0521  0.4927
   342   118   259  2.0517  0.4917
   344   132   264  2.0510  0.4959
   349   118   262  2.0459  0.4925
   342   118   261  2.0401  0.4899
   345   118   260  2.0400  0.4890
   340   118   260  2.0320  0.4865
   346   118   259  2.0256  0.4837
   340   132   265  2.0247  0.4887
   348   118   261  2.0200  0.4837
   344   132   265  2.0172  0.4863
   350   125   263  2.0171  0.4845
   337   132   261  2.0138  0.4818
   350   126   263  2.0110  0.4827
   341   118   259  2.0082  0.4784
   336   131   261  2.0081  0.4801
   339   118   260  2.0072  0.4790
   335   124   260  2.6826  0.6998
   335   123   260  2.6634  0.6931
   335   125   260  2.6356  0.6834
   343   133   261  2.5815  0.6660
   344   133   261  2.5800  0.6655
   335   122   260  2.5777  0.6634
   335   125   259  2.5510  0.6531
   335   125   261  2.5463  0.6539
   342   133   261  2.5354  0.6502
   345   133   261  2.5324  0.6492
   335   126   260  2.5304  0.6473
   335   124   259  2.5302  0.6461
   335   124   261  2.5120  0.6423
   335   126   261  2.5090  0.6412
   335   126   259  2.5052  0.6376
   344   133   259  2.5052  0.6376
   343   133   259  2.4856  0.6310
   345   133   259  2.4782  0.6285
   351   125   262  2.4612  0.6263
   351   125   261  2.4558  0.6233
   335   124   262  2.4520  0.6232
   351   126   262  2.4484  0.6220
   351   124   262  2.4437  0.6204
   341   133   261  2.4434  0.6192
   346   133   261  2.4430  0.6191
   335   123   259  2.4412  0.6162
   351   126   261  2.4408  0.6183
   335   123   262  2.4351  0.6176
   335   121   260  2.4333  0.6147
   351   124   261  2.4273  0.6138
   342   133   259  2.4184  0.6086
   335   127   261  2.4144  0.6095
   346   133   259  2.4103  0.6059
   351   127   262  2.4098  0.6091
   335   125   262  2.4058  0.6078
   351   126   259  2.4037  0.6038
   351   127   259  2.4034  0.6037
   335   127   259  2.4022  0.6033
   335   123   261  2.4013  0.6052
   351   123   262  2.3929  0.6035
   351   127   261  2.3885  0.6009
   335   127   260  2.3809  0.5973
   351   128   259  2.3663  0.5915
   351   125   259  2.3641  0.5908
   335   122   262  2.3622  0.5933
   351   123   261  2.3519  0.5889
   351   128   262  2.3500  0.5893
   347   133   261  2.3173  0.5776
   340   133   261  2.3121  0.5759
   347   133   259  2.3095  0.5730
   351   122   262  2.3086  0.5758
   341   133   259  2.3073  0.5723
   351   128   261  2.3055  0.5738
   351   126   260  2.3032  0.5720
   335   126   262  2.2975  0.5722
   351   129   259  2.2960  0.5686
   335   122   259  2.2910  0.5670
   351   127   260  2.2909  0.5680
   344   133   260  2.2895  0.5675
   351   124   259  2.2840  0.5648
   335   128   261  2.2809  0.5658
   351   125   260  2.2806  0.5647
   345   133   260  2.2775  0.5637
   351   129   262  2.2724  0.5641
   343   133   260  2.2668  0.5602
   335   128   259  2.2558  0.5557
   345   133   262  2.2553  0.5585
   346   133   262  2.2512  0.5572
   335   121   262  2.2467  0.5558
   351   128   260  2.2464  0.5537
   335   120   260  2.2455  0.5534
   346   133   260  2.2327  0.5493
   351   122   261  2.2307  0.5496
   344   133   262  2.2233  0.5483
   335   122   261  2.2216  0.5467
   351   124   260  2.2213  0.5456
   347   133   262  2.2125  0.5448
   344   117   262  2.2123  0.5447
   343   117   262  2.2106  0.5442
   342   133   260  2.2089  0.5417
   335   128   260  2.2041  0.5402
   351   129   261  2.1979  0.5392
   351   130   259  2.1960  0.5367
   351   121   262  2.1940  0.5389
   345   117   262  2.1915  0.5381
   342   117   262  2.1908  0.5379
   348   133   259  2.1848  0.5331
   351   130   262  2.1785  0.5340
   351   129   260  2.1727  0.5303
   351   123   259  2.1659  0.5272
   348   133   261  2.1618  0.5277
   340   133   259  2.1613  0.5258
   347   133   260  2.1578  0.5256
   341   117   262  2.1566  0.5271
   343   133   262  2.1550  0.5266
   339   133   261  2.1525  0.5248
   346   117   262  2.1447  0.5233
   348   133   262  2.1424  0.5226
   335   127   262  2.1361  0.5206
   335   129   261  2.1262  0.5166
   351   123   260  2.1248  0.5152
   341   133   260  2.1183  0.5132
   340   117   262  2.1101  0.5125
   335   120   262  2.1056  0.5111
   335   121   259  2.0956  0.5052
   335   129   259  2.0814  0.5009
   351   130   260  2.0720  0.4988
   347   117   262  2.0706  0.5002
   351   121   261  2.0704  0.4992
   351   130   261  2.0700  0.4991
   351   131   259  2.0684  0.4969
   351   131   262  2.0676  0.4992
   351   120   262  2.0558  0.4956
   348   133   260  2.0558  0.4938
   342   133   262  2.0516  0.4943
   339   117   262  2.0514  0.4942
   349   133   262  2.0449  0.4922
   349   133   259  2.0442  0.4894
   335   119   260  2.0334  0.4870
   335   129   260  2.0170  0.4819
   351   122   259  2.0156  0.4807
   340   133   260  2.0009  0.4770
   334   124   260  2.4712  0.6273
   334   123   260  2.4644  0.6251
   334   125   260  2.4204  0.6104
   334   122   260  2.3983  0.6031
   334   126   260  2.3203  0.5775
   344   134   261  2.2996  0.5718
   343   134   261  2.2940  0.5700
   334   121   260  2.2785  0.5640
   345   134   261  2.2626  0.5599
   334   125   259  2.2526  0.5547
   342   134   261  2.2457  0.5544
   334   124   259  2.2393  0.5504
   334   125   261  2.2363  0.5514
   344   134   259  2.2231  0.5453
   334   124   261  2.2112  0.5434
   352   125   262  2.2108  0.5443
   334   126   259  2.2098  0.5411
   352   126   262  2.2055  0.5426
   345   134   259  2.2053  0.5396
   334   126   261  2.2018  0.5404
   343   134   259  2.1974  0.5371
   352   124   262  2.1922  0.5384
   346   134   261  2.1857  0.5353
   334   127   260  2.1842  0.5339
   352   127   262  2.1791  0.5342
   334   123   259  2.1672  0.5276
   334   123   262  2.1592  0.5279
   334   124   262  2.1591  0.5279
   341   134   261  2.1581  0.5266
   346   134   259  2.1480  0.5216
   352   123   262  2.1475  0.5242
   352   127   259  2.1359  0.5178
   352   128   262  2.1343  0.5200
   342   134   259  2.1286  0.5155
   334   123   261  2.1217  0.5152
   352   126   259  2.1211  0.5132
   334   127   261  2.1204  0.5148
   334   127   259  2.1196  0.5127
   334   120   260  2.1174  0.5129
   352   128   259  2.1164  0.5117
   334   122   262  2.1098  0.5124
   334   125   262  2.1041  0.5106
   352   125   261  2.0937  0.5064
   352   126   261  2.0928  0.5062
   352   122   262  2.0764  0.5020
   347   134   261  2.0735  0.5002
   352   129   262  2.0725  0.5008
   352   125   259  2.0711  0.4977
   352   129   259  2.0647  0.4957
   352   127   261  2.0602  0.4961
   352   124   261  2.0597  0.4959
   347   134   259  2.0583  0.4938
   344   134   260  2.0445  0.4904
   334   122   259  2.0421  0.4888
   340   134   261  2.0386  0.4894
   345   134   260  2.0383  0.4885
   334   128   260  2.0271  0.4850
   341   134   259  2.0218  0.4826
   334   121   262  2.0216  0.4850
   343   134   260  2.0188  0.4825
   352   127   260  2.0186  0.4824
   352   126   260  2.0159  0.4816
   343   116   262  2.0138  0.4827
   344   116   262  2.0100  0.4815
   334   128   261  2.0083  0.4801
   342   116   262  2.0008  0.4787
   346   134   260  2.0007  0.4770
   352   128   261  2.0001  0.4776
   333   124   260  2.2635  0.5592
   333   123   260  2.2634  0.5591
   333   125   260  2.2154  0.5438
   333   122   260  2.2123  0.5428
   333   126   260  2.1271  0.5160
   333   121   260  2.1138  0.5118
   344   135   261  2.0107  0.4809
   333   127   260  2.0102  0.4799
   332   123   260  2.0651  0.4967
   332   124   260  2.0638  0.4963
   332   122   260  2.0244  0.4842
   332   125   260  2.0236  0.4840
