#   X     Y     Z      S       D
   425   139   311  2.3209  0.6490
   426   139   311  2.3190  0.6483
   425   138   311  2.3151  0.6469
   425   140   311  2.3140  0.6464
   426   138   311  2.3120  0.6457
   426   140   311  2.3117  0.6456
   424   139   311  2.3038  0.6426
   424   138   311  2.3000  0.6412
   424   140   311  2.2971  0.6402
   426   138   310  2.2029  0.6039
   426   139   310  2.1976  0.6020
   425   138   310  2.1840  0.5970
   426   140   310  2.1817  0.5962
   425   139   310  2.1773  0.5946
   425   140   310  2.1604  0.5885
   424   138   310  2.1522  0.5856
   424   139   310  2.1425  0.5821
   424   140   310  2.1235  0.5753
   425   137   311  2.2972  0.6402
   425   141   311  2.2943  0.6391
   427   139   311  2.2939  0.6389
   426   137   311  2.2916  0.6381
   426   141   311  2.2897  0.6374
   427   140   311  2.2863  0.6361
   427   138   311  2.2862  0.6361
   424   137   311  2.2858  0.6359
   424   141   311  2.2802  0.6338
   423   139   311  2.2741  0.6316
   423   138   311  2.2731  0.6312
   423   140   311  2.2673  0.6291
   427   137   311  2.2644  0.6280
   423   137   311  2.2634  0.6277
   427   141   311  2.2630  0.6275
   423   141   311  2.2529  0.6238
   427   138   310  2.2076  0.6056
   427   137   310  2.2028  0.6039
   427   139   310  2.2021  0.6036
   426   137   310  2.1981  0.6021
   427   140   310  2.1858  0.5977
   425   137   310  2.1810  0.5960
   427   141   310  2.1583  0.5877
   426   141   310  2.1548  0.5865
   424   137   310  2.1529  0.5858
   425   141   310  2.1333  0.5788
   423   137   310  2.1158  0.5725
   423   138   310  2.1101  0.5705
   423   139   310  2.0963  0.5656
   424   141   310  2.0955  0.5653
   423   140   310  2.0746  0.5579
   423   141   310  2.0459  0.5478
   425   136   311  2.2679  0.6293
   425   142   311  2.2618  0.6270
   424   136   311  2.2611  0.6268
   426   136   311  2.2591  0.6260
   426   142   311  2.2533  0.6239
   424   142   311  2.2528  0.6237
   423   136   311  2.2444  0.6206
   428   139   311  2.2437  0.6204
   422   138   311  2.2411  0.6194
   422   139   311  2.2388  0.6186
   422   137   311  2.2366  0.6177
   428   140   311  2.2364  0.6177
   428   138   311  2.2357  0.6174
   422   140   311  2.2311  0.6158
   423   142   311  2.2308  0.6156
   427   136   311  2.2302  0.6154
   427   142   311  2.2243  0.6133
   422   136   311  2.2236  0.6130
   422   141   311  2.2187  0.6112
   428   137   311  2.2136  0.6093
   428   141   311  2.2132  0.6092
   422   142   311  2.2010  0.6047
   428   138   310  2.1985  0.6023
   428   137   310  2.1950  0.6010
   428   139   310  2.1913  0.5997
   427   136   310  2.1876  0.5983
   426   136   310  2.1835  0.5969
   428   136   310  2.1806  0.5958
   428   136   311  2.1792  0.5968
   428   142   311  2.1744  0.5951
   428   140   310  2.1734  0.5932
   425   136   310  2.1688  0.5915
   424   136   310  2.1449  0.5829
   428   141   310  2.1444  0.5828
   427   142   310  2.1195  0.5739
   426   142   310  2.1171  0.5730
   423   136   310  2.1135  0.5717
   428   142   310  2.1043  0.5684
   425   142   310  2.0965  0.5657
   422   136   310  2.0767  0.5586
   422   137   310  2.0724  0.5571
   422   138   310  2.0611  0.5532
   424   142   310  2.0598  0.5527
   422   139   310  2.0431  0.5468
   422   140   310  2.0191  0.5384
   423   142   310  2.0116  0.5358
   425   135   311  2.2282  0.6147
   424   135   311  2.2263  0.6140
   425   143   311  2.2169  0.6105
   426   135   311  2.2159  0.6102
   423   135   311  2.2154  0.6100
   424   143   311  2.2147  0.6097
   421   137   311  2.2103  0.6081
   421   138   311  2.2096  0.6079
   421   139   311  2.2037  0.6057
   421   136   311  2.2034  0.6056
   426   143   311  2.2031  0.6055
   422   135   311  2.2008  0.6047
   423   143   311  2.1999  0.6043
   421   140   311  2.1944  0.6023
   421   135   311  2.1866  0.5995
   427   135   311  2.1853  0.5990
   421   141   311  2.1827  0.5981
   422   143   311  2.1766  0.5959
   429   138   310  2.1764  0.5943
   429   137   310  2.1752  0.5939
   427   143   311  2.1714  0.5940
   429   139   311  2.1699  0.5934
   421   142   311  2.1680  0.5927
   429   139   310  2.1668  0.5908
   429   140   311  2.1635  0.5911
   429   136   310  2.1625  0.5893
   427   135   310  2.1619  0.5890
   429   138   311  2.1616  0.5904
   426   135   310  2.1593  0.5881
   428   135   310  2.1547  0.5865
   421   143   311  2.1484  0.5857
   425   135   310  2.1477  0.5840
   429   140   310  2.1465  0.5835
   429   141   311  2.1419  0.5833
   429   137   311  2.1400  0.5826
   429   135   310  2.1378  0.5804
   428   135   311  2.1347  0.5807
   424   135   310  2.1286  0.5771
   428   143   311  2.1214  0.5760
   429   141   310  2.1155  0.5724
   429   136   311  2.1069  0.5708
   429   142   311  2.1052  0.5702
   423   135   310  2.1035  0.5682
   422   135   310  2.0741  0.5577
   429   142   310  2.0737  0.5576
   427   143   310  2.0706  0.5565
   426   143   310  2.0700  0.5563
   429   135   311  2.0646  0.5558
   429   143   311  2.0551  0.5524
   428   143   310  2.0540  0.5507
   425   143   310  2.0518  0.5499
   421   135   310  2.0412  0.5462
   421   136   310  2.0356  0.5442
   421   137   310  2.0246  0.5404
   429   143   310  2.0222  0.5395
   424   143   310  2.0182  0.5381
   421   138   310  2.0082  0.5347
   420   137   311  2.1877  0.5999
   420   136   311  2.1862  0.5994
   420   138   311  2.1820  0.5978
   424   134   311  2.1815  0.5976
   425   134   311  2.1788  0.5967
   423   134   311  2.1760  0.5956
   420   135   311  2.1750  0.5953
   420   139   311  2.1722  0.5943
   422   134   311  2.1671  0.5924
   424   144   311  2.1657  0.5919
   426   134   311  2.1634  0.5911
   420   140   311  2.1607  0.5901
   425   144   311  2.1603  0.5900
   423   144   311  2.1592  0.5896
   421   134   311  2.1584  0.5893
   420   134   311  2.1519  0.5869
   420   141   311  2.1484  0.5856
   430   137   310  2.1442  0.5827
   422   144   311  2.1436  0.5839
   430   138   310  2.1429  0.5822
   426   144   311  2.1409  0.5830
   420   142   311  2.1346  0.5807
   430   136   310  2.1338  0.5790
   427   134   311  2.1316  0.5796
   430   139   310  2.1305  0.5778
   427   134   310  2.1256  0.5760
   426   134   310  2.1256  0.5760
   421   144   311  2.1213  0.5759
   425   134   310  2.1181  0.5734
   428   134   310  2.1175  0.5731
   420   143   311  2.1173  0.5745
   430   135   310  2.1109  0.5708
   430   140   310  2.1075  0.5696
   427   144   311  2.1063  0.5706
   424   134   310  2.1045  0.5685
   429   134   310  2.1009  0.5672
   420   144   311  2.0937  0.5661
   423   134   310  2.0863  0.5620
   428   134   311  2.0819  0.5619
   430   139   311  2.0769  0.5601
   430   134   310  2.0758  0.5583
   430   141   310  2.0742  0.5578
   430   140   311  2.0722  0.5585
   430   138   311  2.0681  0.5570
   422   134   310  2.0650  0.5545
   428   144   311  2.0568  0.5530
   430   141   311  2.0534  0.5518
   430   137   311  2.0474  0.5497
   421   134   310  2.0413  0.5462
   430   142   310  2.0306  0.5425
   430   142   311  2.0208  0.5404
   430   136   311  2.0167  0.5389
   426   144   310  2.0162  0.5374
   429   134   311  2.0153  0.5384
   420   134   310  2.0150  0.5370
   427   144   310  2.0141  0.5367
   420   135   310  2.0047  0.5334
   425   144   310  2.0019  0.5324
   419   136   311  2.1720  0.5942
   419   137   311  2.1686  0.5930
   419   135   311  2.1655  0.5918
   419   138   311  2.1585  0.5893
   419   134   311  2.1469  0.5851
   419   139   311  2.1449  0.5844
   419   140   311  2.1304  0.5792
   424   133   311  2.1270  0.5780
   423   133   311  2.1261  0.5777
   422   133   311  2.1221  0.5762
   425   133   311  2.1205  0.5757
   421   133   311  2.1183  0.5749
   420   133   311  2.1164  0.5742
   419   141   311  2.1160  0.5740
   419   133   311  2.1158  0.5740
   423   145   311  2.1078  0.5711
   424   145   311  2.1060  0.5705
   426   133   311  2.1027  0.5693
   431   137   310  2.1024  0.5678
   419   142   311  2.1011  0.5687
   422   145   311  2.1001  0.5684
   431   138   310  2.0987  0.5664
   431   136   310  2.0944  0.5649
   425   145   311  2.0933  0.5659
   421   145   311  2.0843  0.5627
   431   139   310  2.0837  0.5611
   419   143   311  2.0836  0.5625
   426   133   310  2.0833  0.5610
   425   133   310  2.0808  0.5601
   427   133   310  2.0799  0.5598
   431   135   310  2.0739  0.5577
   424   133   310  2.0733  0.5575
   427   133   311  2.0705  0.5579
   428   133   310  2.0700  0.5563
   426   145   311  2.0688  0.5572
   423   133   310  2.0625  0.5537
   420   145   311  2.0610  0.5545
   419   144   311  2.0607  0.5544
   431   140   310  2.0582  0.5521
   429   133   310  2.0535  0.5505
   422   133   310  2.0499  0.5492
   431   134   310  2.0415  0.5463
   421   133   310  2.0361  0.5444
   427   145   311  2.0321  0.5443
   430   133   310  2.0302  0.5423
   419   145   311  2.0298  0.5435
   428   133   311  2.0230  0.5411
   431   141   310  2.0225  0.5396
   420   133   310  2.0212  0.5392
   419   133   310  2.0036  0.5330
   418   136   311  2.1580  0.5891
   418   135   311  2.1555  0.5882
   418   137   311  2.1506  0.5864
   418   134   311  2.1409  0.5830
   418   138   311  2.1364  0.5814
   418   139   311  2.1190  0.5751
   418   133   311  2.1138  0.5732
   418   140   311  2.1009  0.5686
   418   141   311  2.0831  0.5623
   418   132   311  2.0758  0.5597
   419   132   311  2.0735  0.5589
   420   132   311  2.0698  0.5576
   421   132   311  2.0672  0.5567
   422   132   311  2.0665  0.5564
   423   132   311  2.0662  0.5563
   418   142   311  2.0652  0.5560
   424   132   311  2.0633  0.5553
   425   132   311  2.0540  0.5520
   432   137   310  2.0498  0.5492
   423   146   311  2.0459  0.5492
   422   146   311  2.0457  0.5491
   418   143   311  2.0451  0.5489
   432   138   310  2.0440  0.5472
   432   136   310  2.0439  0.5471
   425   132   310  2.0372  0.5448
   424   146   311  2.0368  0.5460
   421   146   311  2.0365  0.5459
   424   132   310  2.0364  0.5445
   426   132   311  2.0350  0.5453
   426   132   310  2.0343  0.5438
   423   132   310  2.0334  0.5434
   422   132   310  2.0296  0.5421
   427   132   310  2.0271  0.5412
   432   139   310  2.0270  0.5412
   421   132   310  2.0262  0.5409
   432   135   310  2.0261  0.5409
   420   132   310  2.0229  0.5398
   418   144   311  2.0204  0.5402
   419   132   310  2.0184  0.5382
   425   146   311  2.0182  0.5395
   420   146   311  2.0180  0.5394
   428   132   310  2.0152  0.5371
   418   132   310  2.0099  0.5352
   427   132   311  2.0038  0.5344
   417   135   311  2.1408  0.5829
   417   136   311  2.1399  0.5826
   417   134   311  2.1296  0.5789
   417   137   311  2.1289  0.5787
   417   138   311  2.1111  0.5723
   417   133   311  2.1061  0.5705
   417   139   311  2.0897  0.5647
   417   132   311  2.0722  0.5585
   417   140   311  2.0674  0.5567
   417   141   311  2.0452  0.5489
   418   131   310  2.0327  0.5432
   417   131   311  2.0317  0.5442
   418   131   311  2.0304  0.5437
   417   131   310  2.0301  0.5423
   419   131   310  2.0280  0.5415
   419   131   311  2.0234  0.5413
   417   142   311  2.0227  0.5410
   420   131   310  2.0201  0.5388
   420   131   311  2.0148  0.5383
   421   131   310  2.0120  0.5360
   421   131   311  2.0075  0.5357
   422   131   310  2.0055  0.5337
   422   131   311  2.0022  0.5339
   423   131   310  2.0004  0.5319
   416   135   311  2.1163  0.5741
   416   136   311  2.1125  0.5728
   416   134   311  2.1080  0.5712
   416   137   311  2.0983  0.5677
   416   133   311  2.0879  0.5640
   416   138   311  2.0769  0.5601
   416   132   311  2.0581  0.5535
   417   130   310  2.0552  0.5511
   416   130   310  2.0517  0.5498
   416   139   311  2.0513  0.5511
   418   130   310  2.0469  0.5482
   419   130   310  2.0311  0.5426
   416   140   311  2.0241  0.5415
   416   131   311  2.0224  0.5409
   416   131   310  2.0164  0.5375
   420   130   310  2.0125  0.5361
   415   135   311  2.0775  0.5603
   415   134   311  2.0720  0.5584
   416   129   310  2.0712  0.5567
   415   136   311  2.0710  0.5580
   417   129   310  2.0673  0.5553
   415   129   310  2.0591  0.5525
   415   133   311  2.0550  0.5524
   415   137   311  2.0537  0.5519
   418   129   310  2.0510  0.5496
   415   130   310  2.0328  0.5432
   415   132   311  2.0291  0.5433
   415   138   311  2.0284  0.5430
   419   129   310  2.0271  0.5412
   420   129   310  2.0001  0.5318
   416   128   310  2.0749  0.5580
   415   128   310  2.0678  0.5555
   417   128   310  2.0661  0.5549
   418   128   310  2.0448  0.5474
   414   128   310  2.0429  0.5468
   414   129   310  2.0291  0.5419
   414   135   311  2.0213  0.5405
   414   134   311  2.0184  0.5395
   419   128   310  2.0156  0.5372
   414   136   311  2.0120  0.5373
   414   133   311  2.0045  0.5347
   416   127   310  2.0651  0.5546
   415   127   310  2.0618  0.5534
   417   127   310  2.0532  0.5504
   414   127   310  2.0416  0.5463
   418   127   310  2.0293  0.5420
   413   127   310  2.0039  0.5331
   415   126   310  2.0458  0.5478
   416   126   310  2.0458  0.5478
   417   126   310  2.0319  0.5429
   414   126   310  2.0302  0.5423
   418   126   310  2.0069  0.5342
   415   125   310  2.0253  0.5406
   416   125   310  2.0219  0.5394
   414   125   310  2.0146  0.5369
   417   125   310  2.0063  0.5340
   415   124   310  2.0054  0.5337
