#   X     Y     Z      S       D
   302    52   252  2.5310  0.6385
   302    53   252  2.5305  0.6384
   303    52   252  2.5293  0.6380
   303    53   252  2.5285  0.6377
   301    53   252  2.5156  0.6334
   301    52   252  2.5146  0.6331
   302    51   252  2.5092  0.6313
   303    51   252  2.5079  0.6308
   301    51   252  2.4909  0.6252
   303    53   253  2.0243  0.4786
   304    53   252  2.5116  0.6321
   304    52   252  2.5114  0.6320
   302    54   252  2.5081  0.6309
   303    54   252  2.5058  0.6302
   301    54   252  2.4947  0.6265
   304    54   252  2.4894  0.6247
   304    51   252  2.4889  0.6245
   300    53   252  2.4820  0.6223
   300    52   252  2.4780  0.6209
   302    50   252  2.4647  0.6166
   303    50   252  2.4645  0.6165
   300    54   252  2.4639  0.6163
   300    51   252  2.4510  0.6121
   304    50   252  2.4448  0.6100
   301    50   252  2.4438  0.6097
   300    50   252  2.4001  0.5954
   304    54   253  2.1190  0.5075
   304    53   253  2.0788  0.4951
   303    54   253  2.0672  0.4916
   304    52   253  2.0252  0.4789
   302    54   253  2.0037  0.4724
   305    53   252  2.4807  0.6218
   305    52   252  2.4786  0.6211
   302    55   252  2.4653  0.6168
   303    55   252  2.4626  0.6159
   305    54   252  2.4596  0.6149
   305    51   252  2.4536  0.6129
   301    55   252  2.4534  0.6129
   304    55   252  2.4463  0.6105
   299    53   252  2.4281  0.6046
   300    55   252  2.4256  0.6037
   299    52   252  2.4198  0.6019
   305    55   252  2.4169  0.6009
   299    54   252  2.4145  0.6001
   305    50   252  2.4072  0.5977
   303    49   252  2.3990  0.5951
   302    49   252  2.3970  0.5944
   299    51   252  2.3886  0.5917
   299    55   252  2.3808  0.5892
   304    49   252  2.3800  0.5889
   301    49   252  2.3723  0.5864
   305    49   252  2.3410  0.5764
   299    50   252  2.3334  0.5739
   300    49   252  2.3241  0.5709
   299    49   252  2.2529  0.5483
   305    55   253  2.1639  0.5213
   305    54   253  2.1501  0.5171
   304    55   253  2.1407  0.5142
   305    53   253  2.1149  0.5062
   303    55   253  2.0950  0.5001
   305    52   253  2.0625  0.4902
   302    55   253  2.0350  0.4819
   306    53   252  2.4355  0.6070
   306    52   252  2.4308  0.6054
   306    54   252  2.4159  0.6006
   302    56   252  2.4051  0.5971
   306    51   252  2.4023  0.5961
   303    56   252  2.4018  0.5960
   301    56   252  2.3948  0.5937
   304    56   252  2.3855  0.5907
   306    55   252  2.3739  0.5869
   300    56   252  2.3700  0.5857
   305    56   252  2.3561  0.5812
   298    53   252  2.3540  0.5805
   306    50   252  2.3521  0.5799
   298    54   252  2.3463  0.5780
   298    52   252  2.3406  0.5762
   299    56   252  2.3302  0.5729
   298    55   252  2.3191  0.5694
   306    56   252  2.3134  0.5675
   303    48   252  2.3108  0.5667
   302    48   252  2.3047  0.5648
   298    51   252  2.3046  0.5647
   304    48   252  2.2942  0.5614
   306    49   252  2.2831  0.5579
   298    56   252  2.2756  0.5555
   301    48   252  2.2751  0.5553
   305    48   252  2.2559  0.5493
   298    50   252  2.2451  0.5459
   300    48   252  2.2218  0.5386
   306    48   252  2.1970  0.5308
   298    49   252  2.1608  0.5196
   306    55   253  2.1580  0.5195
   306    54   253  2.1533  0.5180
   305    56   253  2.1523  0.5177
   299    48   252  2.1461  0.5150
   304    56   253  2.1391  0.5137
   306    56   253  2.1365  0.5129
   306    53   253  2.1248  0.5092
   303    56   253  2.1022  0.5023
   306    52   253  2.0756  0.4942
   298    48   252  2.0508  0.4859
   302    56   253  2.0489  0.4861
   306    51   253  2.0089  0.4740
   307    53   252  2.3748  0.5872
   307    52   252  2.3669  0.5847
   307    54   252  2.3571  0.5815
   307    51   252  2.3343  0.5742
   302    57   252  2.3323  0.5736
   303    57   252  2.3284  0.5723
   301    57   252  2.3235  0.5707
   307    55   252  2.3162  0.5684
   304    57   252  2.3119  0.5671
   300    57   252  2.3018  0.5638
   305    57   252  2.2826  0.5577
   307    50   252  2.2796  0.5568
   299    57   252  2.2672  0.5528
   297    53   252  2.2619  0.5512
   297    54   252  2.2611  0.5509
   307    56   252  2.2564  0.5494
   297    52   252  2.2426  0.5451
   297    55   252  2.2419  0.5449
   306    57   252  2.2401  0.5443
   298    57   252  2.2199  0.5380
   297    56   252  2.2072  0.5340
   307    49   252  2.2066  0.5338
   297    51   252  2.2020  0.5323
   303    47   252  2.1979  0.5311
   302    47   252  2.1861  0.5274
   304    47   252  2.1860  0.5274
   307    57   252  2.1839  0.5267
   297    57   252  2.1609  0.5196
   305    47   252  2.1510  0.5165
   301    47   252  2.1505  0.5164
   297    50   252  2.1387  0.5127
   307    54   253  2.1245  0.5092
   307    55   253  2.1201  0.5078
   307    48   252  2.1184  0.5065
   305    57   253  2.1134  0.5057
   304    57   253  2.1109  0.5050
   307    53   253  2.1038  0.5028
   306    47   252  2.0940  0.4990
   300    47   252  2.0916  0.4983
   307    56   253  2.0899  0.4986
   306    57   253  2.0883  0.4981
   303    57   253  2.0847  0.4970
   307    52   253  2.0595  0.4893
   297    49   252  2.0519  0.4862
   302    57   253  2.0408  0.4836
   307    57   253  2.0350  0.4818
   307    47   252  2.0159  0.4754
   299    47   252  2.0117  0.4741
   308    53   252  2.2964  0.5621
   308    52   252  2.2851  0.5585
   308    54   252  2.2813  0.5573
   302    58   252  2.2528  0.5483
   303    58   252  2.2483  0.5469
   308    51   252  2.2481  0.5468
   301    58   252  2.2456  0.5460
   308    55   252  2.2423  0.5450
   304    58   252  2.2316  0.5416
   300    58   252  2.2271  0.5402
   305    58   252  2.2024  0.5325
   299    58   252  2.1976  0.5310
   308    50   252  2.1888  0.5282
   308    56   252  2.1842  0.5268
   296    54   252  2.1621  0.5199
   306    58   252  2.1601  0.5193
   298    58   252  2.1575  0.5185
   296    53   252  2.1554  0.5179
   296    55   252  2.1519  0.5168
   296    52   252  2.1302  0.5101
   296    56   252  2.1272  0.5092
   308    57   252  2.1134  0.5050
   308    49   252  2.1117  0.5044
   297    58   252  2.1075  0.5031
   307    58   252  2.1046  0.5023
   296    57   252  2.0914  0.4982
   296    51   252  2.0852  0.4963
   308    54   253  2.0635  0.4905
   303    46   252  2.0576  0.4879
   304    58   253  2.0556  0.4881
   304    46   252  2.0526  0.4864
   308    53   253  2.0508  0.4866
   308    55   253  2.0507  0.4866
   296    58   252  2.0483  0.4851
   305    58   253  2.0478  0.4857
   303    58   253  2.0411  0.4837
   302    46   252  2.0387  0.4822
   308    58   252  2.0357  0.4813
   305    46   252  2.0237  0.4777
   308    48   252  2.0209  0.4769
   296    50   252  2.0193  0.4764
   306    58   253  2.0152  0.4759
   308    56   253  2.0137  0.4754
   308    52   253  2.0125  0.4751
   302    58   253  2.0085  0.4739
   309    53   252  2.1981  0.5311
   309    54   252  2.1863  0.5275
   309    52   252  2.1831  0.5265
   302    59   252  2.1724  0.5232
   301    59   252  2.1670  0.5215
   303    59   252  2.1670  0.5215
   300    59   252  2.1516  0.5167
   309    55   252  2.1504  0.5163
   304    59   252  2.1499  0.5162
   309    51   252  2.1420  0.5138
   299    59   252  2.1269  0.5091
   305    59   252  2.1204  0.5071
   309    56   252  2.0956  0.4995
   298    59   252  2.0935  0.4989
   309    50   252  2.0786  0.4943
   306    59   252  2.0781  0.4942
   295    54   252  2.0535  0.4867
   295    55   252  2.0523  0.4864
   297    59   252  2.0516  0.4861
   295    53   252  2.0393  0.4824
   295    56   252  2.0380  0.4820
   309    57   252  2.0280  0.4790
   307    59   252  2.0229  0.4775
   295    57   252  2.0131  0.4745
   295    52   252  2.0085  0.4732
   296    59   252  2.0015  0.4711
   302    60   252  2.0952  0.4994
   301    60   252  2.0919  0.4984
   303    60   252  2.0883  0.4973
   300    60   252  2.0797  0.4947
   310    53   252  2.0774  0.4940
   304    60   252  2.0700  0.4917
   310    54   252  2.0699  0.4917
   299    60   252  2.0593  0.4885
   310    52   252  2.0586  0.4883
   305    60   252  2.0396  0.4825
   310    55   252  2.0388  0.4823
   298    60   252  2.0314  0.4800
   310    51   252  2.0143  0.4749
   302    61   252  2.0223  0.4773
   301    61   252  2.0216  0.4771
   303    61   252  2.0131  0.4745
   300    61   252  2.0124  0.4743
