#   X     Y     Z      S       D
   124   152   249  2.8113  0.7312
   124   151   249  2.8099  0.7307
   125   152   249  2.8035  0.7284
   123   151   249  2.8030  0.7283
   123   152   249  2.8012  0.7276
   125   151   249  2.8002  0.7273
   124   153   249  2.7924  0.7245
   125   153   249  2.7882  0.7231
   123   153   249  2.7778  0.7194
   124   153   248  2.5540  0.6421
   125   153   248  2.5483  0.6402
   123   153   248  2.5445  0.6390
   124   152   248  2.4658  0.6131
   123   152   248  2.4606  0.6114
   125   152   248  2.4585  0.6107
   124   151   248  2.3817  0.5858
   123   151   248  2.3790  0.5850
   125   151   248  2.3744  0.5835
   123   151   250  2.1707  0.5210
   123   152   250  2.1655  0.5194
   124   152   250  2.1629  0.5186
   124   151   250  2.1622  0.5184
   125   152   250  2.1512  0.5150
   124   153   250  2.1501  0.5146
   125   151   250  2.1466  0.5136
   123   153   250  2.1455  0.5132
   125   153   250  2.1438  0.5127
   124   150   249  2.7872  0.7227
   123   150   249  2.7820  0.7209
   122   151   249  2.7788  0.7198
   125   150   249  2.7777  0.7194
   126   152   249  2.7767  0.7191
   126   151   249  2.7732  0.7178
   122   152   249  2.7726  0.7177
   126   153   249  2.7636  0.7145
   122   150   249  2.7610  0.7136
   125   154   249  2.7550  0.7115
   124   154   249  2.7547  0.7114
   126   150   249  2.7526  0.7107
   122   153   249  2.7445  0.7079
   123   154   249  2.7353  0.7047
   126   154   249  2.7340  0.7042
   122   154   249  2.6978  0.6918
   122   153   247  2.6753  0.6819
   122   152   247  2.6663  0.6789
   122   154   247  2.6634  0.6779
   123   153   247  2.6499  0.6733
   123   152   247  2.6447  0.6716
   122   151   247  2.6399  0.6699
   124   154   248  2.6373  0.6701
   123   154   247  2.6371  0.6690
   125   154   248  2.6349  0.6693
   123   151   247  2.6247  0.6648
   123   154   248  2.6221  0.6650
   124   153   247  2.6158  0.6618
   124   152   247  2.6148  0.6615
   126   154   248  2.6139  0.6622
   124   154   247  2.6015  0.6570
   124   151   247  2.6013  0.6570
   122   150   247  2.5997  0.6564
   123   150   247  2.5924  0.6540
   122   154   248  2.5896  0.6540
   125   152   247  2.5795  0.6497
   124   150   247  2.5768  0.6488
   125   153   247  2.5759  0.6485
   125   151   247  2.5723  0.6473
   125   154   247  2.5595  0.6430
   125   150   247  2.5552  0.6416
   126   152   247  2.5397  0.6364
   126   151   247  2.5388  0.6362
   126   153   247  2.5311  0.6336
   126   150   247  2.5287  0.6328
   126   153   248  2.5269  0.6332
   122   153   248  2.5196  0.6308
   126   154   247  2.5116  0.6272
   122   152   248  2.4425  0.6055
   126   152   248  2.4384  0.6041
   122   151   248  2.3658  0.5807
   126   151   248  2.3568  0.5779
   122   151   251  2.3178  0.5680
   122   152   251  2.3172  0.5678
   123   152   251  2.3159  0.5674
   123   151   251  2.3147  0.5670
   124   150   248  2.3061  0.5617
   123   150   248  2.3042  0.5611
   124   152   251  2.3023  0.5631
   123   153   251  2.3016  0.5629
   122   153   251  2.3005  0.5625
   122   150   251  2.2999  0.5623
   125   150   248  2.2999  0.5598
   124   151   251  2.2998  0.5623
   123   150   251  2.2956  0.5610
   122   150   248  2.2939  0.5579
   124   153   251  2.2904  0.5593
   126   150   248  2.2852  0.5551
   124   150   251  2.2804  0.5561
   125   152   251  2.2799  0.5560
   125   151   251  2.2765  0.5549
   123   154   251  2.2745  0.5543
   122   154   251  2.2706  0.5530
   125   153   251  2.2701  0.5529
   124   154   251  2.2665  0.5517
   125   150   251  2.2574  0.5489
   126   152   251  2.2499  0.5465
   125   154   251  2.2492  0.5463
   126   151   251  2.2460  0.5453
   126   153   251  2.2419  0.5440
   126   150   251  2.2277  0.5395
   126   154   251  2.2237  0.5383
   122   151   250  2.1692  0.5206
   122   150   250  2.1619  0.5183
   123   150   250  2.1578  0.5170
   122   152   250  2.1565  0.5166
   124   150   250  2.1456  0.5133
   126   152   250  2.1317  0.5090
   125   150   250  2.1285  0.5080
   122   153   250  2.1282  0.5079
   126   153   250  2.1279  0.5079
   124   154   250  2.1260  0.5073
   125   154   250  2.1259  0.5072
   126   151   250  2.1252  0.5070
   126   154   250  2.1146  0.5038
   123   154   250  2.1141  0.5036
   126   150   250  2.1074  0.5016
   122   154   250  2.0890  0.4960
   122   155   246  2.7511  0.7069
   122   154   246  2.7500  0.7065
   121   154   246  2.7465  0.7053
   123   155   246  2.7454  0.7049
   121   153   246  2.7454  0.7049
   122   153   246  2.7424  0.7039
   124   149   249  2.7421  0.7071
   121   155   246  2.7421  0.7038
   121   152   246  2.7393  0.7028
   123   154   246  2.7390  0.7027
   123   149   249  2.7369  0.7053
   121   151   249  2.7352  0.7047
   125   149   249  2.7347  0.7045
   122   152   246  2.7296  0.6995
   125   151   252  2.7287  0.7059
   121   151   246  2.7283  0.6990
   127   152   249  2.7283  0.7023
   124   151   252  2.7275  0.7054
   125   152   252  2.7274  0.7054
   124   155   246  2.7266  0.6984
   127   151   249  2.7261  0.7015
   123   153   246  2.7258  0.6982
   121   152   249  2.7243  0.7009
   121   150   249  2.7219  0.7001
   124   152   252  2.7217  0.7034
   122   149   249  2.7180  0.6987
   124   154   246  2.7161  0.6948
   127   153   249  2.7158  0.6980
   126   149   249  2.7133  0.6971
   126   152   252  2.7133  0.7005
   122   151   246  2.7125  0.6936
   124   150   252  2.7118  0.7000
   126   151   252  2.7112  0.6998
   121   150   246  2.7111  0.6931
   125   150   252  2.7100  0.6994
   123   151   252  2.7100  0.6994
   125   153   252  2.7094  0.6992
   127   150   249  2.7088  0.6956
   123   152   246  2.7074  0.6919
   125   155   248  2.7069  0.6938
   125   155   249  2.7056  0.6945
   124   155   248  2.7049  0.6931
   124   155   249  2.7011  0.6929
   126   153   252  2.6999  0.6959
   123   152   252  2.6991  0.6956
   124   153   246  2.6988  0.6889
   124   153   252  2.6984  0.6954
   123   150   252  2.6984  0.6954
   125   155   246  2.6944  0.6874
   121   153   249  2.6921  0.6898
   126   150   252  2.6911  0.6928
   122   150   246  2.6907  0.6862
   126   155   249  2.6886  0.6886
   127   154   249  2.6884  0.6886
   126   155   248  2.6879  0.6873
   121   153   247  2.6876  0.6861
   123   151   246  2.6857  0.6845
   121   149   246  2.6841  0.6839
   123   155   248  2.6833  0.6857
   121   149   249  2.6830  0.6867
   125   154   246  2.6816  0.6831
   123   155   249  2.6778  0.6849
   122   151   252  2.6777  0.6882
   124   152   246  2.6770  0.6815
   125   154   252  2.6770  0.6880
   121   154   247  2.6762  0.6823
   127   152   252  2.6757  0.6875
   121   152   247  2.6753  0.6820
   127   149   249  2.6742  0.6837
   126   154   252  2.6726  0.6865
   127   151   252  2.6719  0.6862
   122   150   252  2.6709  0.6859
   123   153   252  2.6706  0.6858
   124   149   252  2.6701  0.6856
   125   149   252  2.6668  0.6845
   127   153   252  2.6659  0.6842
   125   153   246  2.6625  0.6766
   122   152   252  2.6617  0.6827
   124   154   252  2.6612  0.6826
   122   149   246  2.6610  0.6761
   123   150   246  2.6606  0.6759
   123   149   252  2.6597  0.6820
   124   151   246  2.6527  0.6733
   127   150   252  2.6520  0.6794
   126   149   252  2.6482  0.6781
   126   155   246  2.6470  0.6713
   127   155   249  2.6462  0.6741
   127   155   248  2.6454  0.6729
   127   154   252  2.6433  0.6764
   122   155   248  2.6433  0.6721
   121   151   247  2.6432  0.6711
   121   154   249  2.6425  0.6729
   121   155   247  2.6398  0.6699
   125   152   246  2.6397  0.6689
   122   155   249  2.6375  0.6712
   122   149   252  2.6361  0.6740
   126   154   246  2.6339  0.6669
   125   155   252  2.6323  0.6727
   126   155   252  2.6323  0.6727
   121   151   252  2.6316  0.6725
   123   149   246  2.6295  0.6654
   121   150   252  2.6293  0.6717
   123   154   252  2.6291  0.6716
   122   155   247  2.6289  0.6663
   122   153   252  2.6286  0.6714
   124   150   246  2.6262  0.6643
   126   153   246  2.6155  0.6607
   125   151   246  2.6153  0.6607
   124   155   252  2.6131  0.6662
   127   149   252  2.6112  0.6655
   121   152   252  2.6111  0.6655
   127   155   252  2.6080  0.6644
   123   155   247  2.6045  0.6580
   121   149   252  2.5988  0.6613
   121   150   247  2.5955  0.6550
   124   149   246  2.5950  0.6539
   126   152   246  2.5944  0.6537
   125   150   246  2.5895  0.6520
   121   155   248  2.5863  0.6529
   122   154   252  2.5839  0.6563
   121   155   249  2.5811  0.6522
   127   155   246  2.5811  0.6492
   123   155   252  2.5788  0.6546
   121   153   252  2.5744  0.6531
   127   154   248  2.5726  0.6483
   126   151   246  2.5722  0.6463
   124   155   247  2.5703  0.6466
   127   154   246  2.5701  0.6456
   125   149   246  2.5597  0.6421
   127   153   246  2.5548  0.6405
   123   149   247  2.5490  0.6395
   126   150   246  2.5490  0.6386
   122   149   247  2.5479  0.6391
   124   149   247  2.5414  0.6370
   121   154   248  2.5406  0.6377
   127   152   246  2.5375  0.6348
   121   149   247  2.5353  0.6350
   122   155   252  2.5325  0.6390
   125   155   247  2.5287  0.6328
   121   154   252  2.5276  0.6374
   125   149   247  2.5272  0.6323
   126   149   246  2.5219  0.6296
   127   151   246  2.5195  0.6288
   126   149   247  2.5075  0.6258
   127   150   246  2.5004  0.6226
   127   151   247  2.4998  0.6233
   127   150   247  2.4962  0.6221
   127   152   247  2.4942  0.6215
   127   153   248  2.4884  0.6205
   127   149   247  2.4813  0.6172
   127   153   247  2.4800  0.6168
   121   153   248  2.4796  0.6176
   126   155   247  2.4796  0.6167
   127   149   246  2.4773  0.6150
   121   155   252  2.4759  0.6203
   127   154   247  2.4560  0.6090
   127   155   247  2.4209  0.5976
   121   152   248  2.4110  0.5953
   127   152   248  2.4042  0.5931
   121   151   248  2.3412  0.5729
   127   151   248  2.3274  0.5685
   121   151   251  2.3049  0.5639
   121   152   251  2.3023  0.5631
   121   150   251  2.2891  0.5589
   121   153   251  2.2837  0.5572
   121   150   248  2.2740  0.5516
   122   149   251  2.2615  0.5502
   127   150   248  2.2603  0.5473
   123   149   251  2.2563  0.5485
   121   149   251  2.2528  0.5474
   121   154   251  2.2517  0.5471
   124   149   251  2.2415  0.5439
   124   149   248  2.2377  0.5402
   123   155   251  2.2370  0.5425
   123   149   248  2.2357  0.5396
   125   149   248  2.2331  0.5388
   124   155   251  2.2326  0.5411
   122   155   251  2.2300  0.5403
   122   149   248  2.2264  0.5367
   126   149   248  2.2210  0.5350
   125   149   251  2.2198  0.5371
   125   155   251  2.2189  0.5368
   127   152   251  2.2116  0.5345
   121   149   248  2.2089  0.5313
   121   155   251  2.2088  0.5337
   127   151   251  2.2074  0.5332
   127   153   251  2.2050  0.5325
   127   149   248  2.1995  0.5284
   126   155   251  2.1966  0.5299
   126   149   251  2.1917  0.5283
   127   150   251  2.1898  0.5277
   127   154   251  2.1891  0.5275
   127   155   251  2.1645  0.5199
   127   149   251  2.1553  0.5171
   121   151   250  2.1542  0.5159
   121   150   250  2.1540  0.5159
   121   152   250  2.1332  0.5095
   122   149   250  2.1315  0.5090
   121   149   250  2.1284  0.5080
   123   149   250  2.1243  0.5068
   124   149   250  2.1112  0.5027
   127   152   250  2.1040  0.5005
   127   153   250  2.1020  0.4999
   125   155   250  2.0992  0.4991
   127   151   250  2.0972  0.4985
   121   153   250  2.0963  0.4982
   125   149   250  2.0951  0.4978
   124   155   250  2.0935  0.4973
   126   155   250  2.0926  0.4971
   127   154   250  2.0916  0.4968
   127   150   250  2.0810  0.4936
   126   149   250  2.0764  0.4922
   123   155   250  2.0753  0.4918
   127   155   250  2.0726  0.4910
   127   149   250  2.0534  0.4852
   121   154   250  2.0497  0.4841
   122   155   250  2.0439  0.4823
   125   156   248  2.7534  0.7098
   124   156   248  2.7465  0.7075
   122   156   246  2.7450  0.7048
   123   156   246  2.7437  0.7043
   126   156   248  2.7373  0.7043
   121   156   246  2.7317  0.7002
   120   152   246  2.7307  0.6998
   120   153   246  2.7301  0.6996
   124   156   246  2.7287  0.6992
   120   151   246  2.7261  0.6983
   120   154   246  2.7252  0.6979
   123   156   248  2.7191  0.6980
   120   155   246  2.7159  0.6948
   120   150   246  2.7141  0.6942
   120   156   246  2.7021  0.6900
   125   156   246  2.6991  0.6890
   127   156   248  2.6952  0.6898
   120   149   246  2.6904  0.6861
   120   153   247  2.6821  0.6843
   124   148   249  2.6736  0.6835
   122   156   248  2.6729  0.6822
   120   154   247  2.6706  0.6804
   120   151   249  2.6703  0.6824
   125   148   249  2.6695  0.6821
   120   152   247  2.6676  0.6793
   123   148   249  2.6672  0.6813
   120   150   249  2.6621  0.6796
   128   151   249  2.6556  0.6773
   120   152   249  2.6551  0.6772
   128   152   249  2.6551  0.6772
   126   148   249  2.6528  0.6764
   126   156   246  2.6524  0.6732
   122   148   249  2.6495  0.6753
   120   148   246  2.6495  0.6722
   125   156   249  2.6435  0.6732
   128   150   249  2.6423  0.6728
   121   148   246  2.6421  0.6697
   128   153   249  2.6418  0.6727
   124   156   249  2.6359  0.6707
   120   155   247  2.6323  0.6674
   120   151   247  2.6310  0.6669
   126   156   249  2.6296  0.6685
   120   149   249  2.6285  0.6682
   128   156   248  2.6235  0.6654
   120   153   249  2.6199  0.6653
   127   148   249  2.6195  0.6651
   122   148   246  2.6185  0.6618
   121   148   249  2.6178  0.6645
   128   154   249  2.6152  0.6637
   128   149   249  2.6128  0.6629
   128   152   252  2.6110  0.6655
   123   156   249  2.6104  0.6621
   121   156   248  2.6102  0.6610
   128   151   252  2.6072  0.6642
   128   153   252  2.6034  0.6629
   124   148   252  2.5981  0.6611
   125   148   252  2.5945  0.6599
   127   156   249  2.5902  0.6553
   123   148   252  2.5898  0.6583
   128   150   252  2.5892  0.6581
   123   148   246  2.5873  0.6513
   127   156   246  2.5854  0.6507
   128   154   252  2.5847  0.6566
   126   156   252  2.5806  0.6552
   121   156   247  2.5800  0.6499
   125   156   252  2.5778  0.6542
   126   148   252  2.5773  0.6541
   120   150   247  2.5768  0.6488
   128   155   248  2.5763  0.6496
   128   155   249  2.5751  0.6502
   120   150   252  2.5733  0.6527
   122   156   247  2.5731  0.6475
   120   151   252  2.5718  0.6522
   122   148   252  2.5696  0.6515
   120   156   247  2.5694  0.6463
   120   154   249  2.5694  0.6483
   122   156   249  2.5693  0.6483
   120   148   249  2.5685  0.6480
   128   148   249  2.5640  0.6465
   127   156   252  2.5605  0.6484
   124   156   252  2.5572  0.6473
   128   155   252  2.5544  0.6464
   124   148   246  2.5541  0.6403
   123   156   247  2.5526  0.6407
   128   149   252  2.5518  0.6455
   120   152   252  2.5481  0.6443
   120   149   252  2.5468  0.6438
   127   148   252  2.5435  0.6427
   121   148   252  2.5365  0.6404
   120   156   248  2.5334  0.6353
   123   156   252  2.5229  0.6358
   124   156   247  2.5220  0.6306
   128   156   249  2.5217  0.6324
   125   148   246  2.5209  0.6293
   120   155   248  2.5145  0.6291
   121   156   249  2.5139  0.6298
   128   156   252  2.5120  0.6322
   120   155   249  2.5092  0.6283
   120   153   252  2.5091  0.6312
   120   149   247  2.5088  0.6262
   128   154   248  2.5080  0.6269
   128   156   246  2.4947  0.6207
   128   155   246  2.4934  0.6203
   123   148   247  2.4934  0.6212
   124   148   247  2.4933  0.6212
   120   148   252  2.4890  0.6246
   128   148   252  2.4885  0.6244
   128   154   246  2.4864  0.6180
   126   148   246  2.4860  0.6179
   125   148   247  2.4860  0.6188
   122   148   247  2.4843  0.6182
   125   156   247  2.4826  0.6176
   122   156   252  2.4776  0.6208
   120   154   248  2.4766  0.6166
   128   153   246  2.4762  0.6146
   126   148   247  2.4726  0.6144
   128   152   246  2.4645  0.6108
   121   148   247  2.4634  0.6114
   120   154   252  2.4613  0.6155
   128   150   247  2.4547  0.6086
   127   148   247  2.4523  0.6077
   128   151   246  2.4522  0.6068
   128   151   247  2.4520  0.6077
   128   149   247  2.4458  0.6056
   127   148   246  2.4453  0.6046
   120   156   249  2.4450  0.6072
   128   152   247  2.4400  0.6038
   128   150   246  2.4384  0.6024
   126   156   247  2.4338  0.6018
   128   153   248  2.4301  0.6015
   120   148   247  2.4288  0.6001
   120   153   248  2.4251  0.5998
   121   156   252  2.4226  0.6028
   128   148   247  2.4222  0.5980
   128   149   246  2.4202  0.5965
   128   153   247  2.4193  0.5971
   120   155   252  2.4101  0.5987
   128   148   246  2.3928  0.5877
   128   154   247  2.3895  0.5875
   127   156   247  2.3733  0.5823
   120   152   248  2.3660  0.5808
   120   156   252  2.3584  0.5819
   128   152   248  2.3530  0.5766
   128   155   247  2.3494  0.5746
   120   151   248  2.3045  0.5612
   128   156   247  2.2977  0.5582
   128   151   248  2.2832  0.5545
   120   151   251  2.2724  0.5536
   120   152   251  2.2679  0.5522
   120   150   251  2.2591  0.5494
   120   153   251  2.2481  0.5459
   120   150   248  2.2431  0.5419
   120   149   251  2.2261  0.5391
   128   150   248  2.2218  0.5353
   120   154   251  2.2152  0.5356
   122   148   251  2.2014  0.5313
   123   148   251  2.1954  0.5295
   121   148   251  2.1953  0.5294
   123   156   251  2.1911  0.5281
   124   156   251  2.1905  0.5279
   120   149   248  2.1813  0.5227
   124   148   251  2.1811  0.5250
   122   156   251  2.1807  0.5249
   125   156   251  2.1803  0.5248
   120   148   251  2.1727  0.5224
   124   148   248  2.1715  0.5197
   120   155   251  2.1714  0.5220
   123   148   248  2.1688  0.5189
   125   148   248  2.1680  0.5186
   128   149   248  2.1651  0.5177
   128   152   251  2.1621  0.5192
   126   156   251  2.1610  0.5188
   125   148   251  2.1609  0.5188
   122   148   248  2.1596  0.5161
   126   148   248  2.1576  0.5154
   128   151   251  2.1575  0.5177
   121   156   251  2.1571  0.5176
   128   153   251  2.1567  0.5175
   121   148   248  2.1427  0.5109
   128   154   251  2.1425  0.5131
   128   150   251  2.1404  0.5125
   127   148   248  2.1380  0.5094
   126   148   251  2.1347  0.5107
   127   156   251  2.1310  0.5096
   120   150   250  2.1300  0.5085
   120   151   250  2.1227  0.5063
   128   155   251  2.1195  0.5061
   120   156   251  2.1183  0.5057
   120   148   248  2.1162  0.5028
   120   149   250  2.1103  0.5025
   128   149   251  2.1071  0.5022
   128   148   248  2.1058  0.4996
   127   148   251  2.1003  0.5002
   120   152   250  2.0936  0.4974
   128   156   251  2.0872  0.4962
   122   148   250  2.0765  0.4922
   121   148   250  2.0755  0.4919
   123   148   250  2.0690  0.4899
   128   152   250  2.0659  0.4890
   125   156   250  2.0653  0.4888
   128   153   250  2.0642  0.4885
   126   156   250  2.0625  0.4880
   120   148   250  2.0613  0.4876
   128   151   250  2.0602  0.4872
   124   148   250  2.0574  0.4864
   124   156   250  2.0551  0.4857
   128   154   250  2.0549  0.4856
   128   148   251  2.0538  0.4861
   120   153   250  2.0491  0.4839
   128   150   250  2.0462  0.4830
   127   156   250  2.0452  0.4827
   125   148   250  2.0445  0.4825
   128   155   250  2.0372  0.4803
   123   156   250  2.0322  0.4788
   126   148   250  2.0300  0.4782
   128   149   250  2.0221  0.4758
   127   148   250  2.0115  0.4726
   128   156   250  2.0109  0.4724
   125   157   248  2.7663  0.7143
   124   157   248  2.7553  0.7105
   126   157   248  2.7533  0.7098
   123   157   246  2.7336  0.7008
   122   157   246  2.7315  0.7001
   123   157   248  2.7234  0.6995
   124   157   246  2.7216  0.6967
   121   157   246  2.7150  0.6945
   127   157   248  2.7124  0.6957
   119   151   246  2.6982  0.6887
   119   152   246  2.6973  0.6884
   125   157   246  2.6940  0.6873
   119   153   246  2.6913  0.6864
   119   150   246  2.6908  0.6862
   120   157   246  2.6830  0.6835
   119   154   246  2.6819  0.6832
   122   157   248  2.6733  0.6823
   119   149   246  2.6703  0.6792
   119   155   246  2.6695  0.6789
   119   153   247  2.6543  0.6748
   119   156   246  2.6536  0.6736
   126   157   246  2.6481  0.6717
   119   154   247  2.6421  0.6707
   128   157   248  2.6398  0.6709
   119   152   247  2.6390  0.6697
   119   157   246  2.6333  0.6667
   119   148   246  2.6310  0.6659
   121   157   248  2.6077  0.6601
   119   155   247  2.6021  0.6572
   119   151   247  2.5996  0.6564
   120   147   246  2.5862  0.6509
   119   151   249  2.5831  0.6529
   124   147   249  2.5812  0.6522
   125   147   249  2.5808  0.6521
   127   157   246  2.5802  0.6489
   119   150   249  2.5797  0.6517
   121   147   246  2.5796  0.6487
   123   147   249  2.5730  0.6495
   125   157   249  2.5726  0.6494
   126   147   249  2.5695  0.6483
   119   147   246  2.5680  0.6449
   119   152   249  2.5647  0.6467
   124   157   249  2.5641  0.6465
   126   157   249  2.5604  0.6453
   129   151   249  2.5585  0.6447
   122   147   246  2.5576  0.6414
   122   147   249  2.5560  0.6438
   129   152   249  2.5549  0.6434
   119   149   249  2.5518  0.6424
   129   150   249  2.5494  0.6416
   127   147   249  2.5423  0.6392
   119   150   247  2.5406  0.6367
   129   153   249  2.5397  0.6384
   123   157   249  2.5385  0.6380
   119   156   247  2.5370  0.6355
   129   157   248  2.5328  0.6351
   120   157   248  2.5293  0.6340
   119   153   249  2.5285  0.6347
   123   147   246  2.5284  0.6318
   121   147   249  2.5272  0.6343
   129   149   249  2.5249  0.6335
   127   157   249  2.5231  0.6329
   126   157   252  2.5196  0.6348
   129   156   248  2.5194  0.6307
   129   152   252  2.5165  0.6337
   125   157   252  2.5157  0.6335
   129   151   252  2.5139  0.6328
   129   154   249  2.5128  0.6295
   129   153   252  2.5096  0.6314
   127   157   252  2.5024  0.6290
   119   150   252  2.5020  0.6289
   121   157   247  2.5012  0.6237
   122   157   247  2.4991  0.6231
   129   150   252  2.4988  0.6278
   122   157   249  2.4986  0.6248
   119   151   252  2.4980  0.6276
   119   148   249  2.4980  0.6246
   124   147   246  2.4976  0.6217
   124   157   252  2.4958  0.6268
   129   154   252  2.4937  0.6262
   124   147   252  2.4936  0.6261
   128   147   249  2.4932  0.6230
   125   147   252  2.4897  0.6248
   123   147   252  2.4873  0.6240
   128   157   246  2.4870  0.6182
   120   157   247  2.4866  0.6190
   123   157   247  2.4839  0.6181
   120   147   249  2.4829  0.6196
   129   148   249  2.4815  0.6192
   119   154   249  2.4793  0.6184
   119   149   252  2.4787  0.6212
   129   155   248  2.4777  0.6170
   126   147   252  2.4742  0.6197
   129   155   249  2.4739  0.6167
   119   152   252  2.4727  0.6192
   122   147   252  2.4706  0.6185
   129   155   252  2.4680  0.6177
   125   147   246  2.4672  0.6117
   119   149   247  2.4662  0.6123
   129   149   252  2.4656  0.6169
   123   157   252  2.4634  0.6161
   128   157   252  2.4585  0.6145
   124   157   247  2.4579  0.6096
   128   157   249  2.4570  0.6111
   119   157   247  2.4520  0.6076
   121   157   249  2.4458  0.6075
   119   156   248  2.4451  0.6063
   127   147   252  2.4438  0.6097
   121   147   252  2.4423  0.6092
   119   157   248  2.4410  0.6050
   126   147   246  2.4356  0.6014
   119   153   252  2.4330  0.6062
   129   156   252  2.4313  0.6056
   124   147   247  2.4305  0.6007
   119   155   248  2.4300  0.6014
   125   147   247  2.4293  0.6003
   119   148   252  2.4253  0.6037
   123   147   247  2.4241  0.5986
   129   156   249  2.4229  0.6000
   119   155   249  2.4227  0.6000
   125   157   247  2.4217  0.5978
   126   147   247  2.4215  0.5978
   122   157   252  2.4207  0.6022
   119   147   249  2.4185  0.5986
   129   154   248  2.4173  0.5973
   129   147   249  2.4170  0.5981
   122   147   247  2.4077  0.5933
   129   148   252  2.4076  0.5979
   127   147   247  2.4064  0.5929
   120   147   252  2.4003  0.5955
   129   150   247  2.4002  0.5909
   119   154   248  2.3992  0.5915
   127   147   246  2.3988  0.5896
   129   149   247  2.3967  0.5898
   128   147   252  2.3938  0.5934
   129   151   247  2.3915  0.5881
   119   154   252  2.3854  0.5907
   129   157   252  2.3836  0.5901
   129   155   246  2.3820  0.5842
   128   147   247  2.3815  0.5849
   120   157   249  2.3810  0.5865
   129   154   246  2.3805  0.5837
   121   147   247  2.3794  0.5842
   119   148   247  2.3790  0.5841
   129   156   246  2.3788  0.5832
   129   148   247  2.3783  0.5839
   129   153   246  2.3766  0.5825
   126   157   247  2.3741  0.5825
   129   152   247  2.3727  0.5821
   129   152   246  2.3716  0.5809
   121   157   252  2.3684  0.5852
   129   157   246  2.3674  0.5795
   129   151   246  2.3658  0.5790
   119   156   249  2.3636  0.5809
   129   157   249  2.3608  0.5800
   129   150   246  2.3579  0.5765
   119   153   248  2.3569  0.5779
   128   147   246  2.3512  0.5744
   129   153   248  2.3489  0.5753
   129   149   246  2.3451  0.5724
   129   153   247  2.3449  0.5732
   129   147   247  2.3426  0.5725
   119   147   252  2.3424  0.5768
   120   147   247  2.3372  0.5708
   119   155   252  2.3351  0.5745
   129   148   246  2.3231  0.5655
   129   147   252  2.3189  0.5693
   127   157   247  2.3123  0.5629
   129   154   247  2.3081  0.5615
   119   152   248  2.3075  0.5622
   120   157   252  2.3066  0.5653
   119   157   249  2.3052  0.5623
   129   147   246  2.2872  0.5541
   119   156   252  2.2848  0.5584
   129   152   248  2.2815  0.5540
   119   147   247  2.2804  0.5528
   129   155   247  2.2616  0.5469
   119   151   248  2.2547  0.5455
   119   157   252  2.2347  0.5426
   128   157   247  2.2336  0.5382
   129   151   248  2.2204  0.5349
   119   151   251  2.2179  0.5365
   119   152   251  2.2123  0.5347
   119   150   251  2.2071  0.5331
   129   156   247  2.2044  0.5291
   119   150   248  2.1998  0.5284
   119   153   251  2.1923  0.5285
   119   149   251  2.1780  0.5241
   129   150   248  2.1660  0.5180
   119   154   251  2.1599  0.5185
   119   149   248  2.1417  0.5106
   124   157   251  2.1408  0.5126
   123   157   251  2.1379  0.5117
   129   157   247  2.1362  0.5082
   125   157   251  2.1338  0.5104
   119   148   251  2.1299  0.5092
   122   157   251  2.1240  0.5074
   122   147   251  2.1200  0.5062
   121   147   251  2.1170  0.5053
   126   157   251  2.1168  0.5052
   119   155   251  2.1167  0.5052
   129   149   248  2.1138  0.5021
   123   147   251  2.1126  0.5039
   124   147   248  2.1007  0.4981
   120   147   251  2.0995  0.4999
   124   147   251  2.0985  0.4996
   123   147   248  2.0977  0.4972
   129   152   251  2.0975  0.4993
   125   147   248  2.0975  0.4971
   121   157   251  2.0974  0.4993
   129   153   251  2.0930  0.4980
   129   151   251  2.0924  0.4978
   122   147   248  2.0883  0.4943
   127   157   251  2.0880  0.4964
   126   147   248  2.0874  0.4940
   119   150   250  2.0873  0.4955
   129   154   251  2.0798  0.4939
   125   147   251  2.0794  0.4938
   119   148   248  2.0779  0.4912
   129   150   251  2.0753  0.4926
   119   149   250  2.0738  0.4914
   119   151   250  2.0732  0.4912
   121   147   248  2.0711  0.4891
   127   147   248  2.0681  0.4882
   119   156   251  2.0639  0.4891
   119   147   251  2.0633  0.4889
   129   155   251  2.0577  0.4872
   129   148   248  2.0571  0.4849
   120   157   251  2.0569  0.4870
   126   147   251  2.0549  0.4864
   128   157   251  2.0444  0.4832
   120   147   248  2.0442  0.4810
   129   149   251  2.0426  0.4827
   119   152   250  2.0374  0.4804
   128   147   248  2.0365  0.4787
   119   148   250  2.0296  0.4781
   129   156   251  2.0257  0.4776
   125   157   250  2.0255  0.4768
   126   157   250  2.0251  0.4767
   127   147   251  2.0225  0.4766
   129   152   250  2.0143  0.4735
   124   157   250  2.0123  0.4729
   129   153   250  2.0116  0.4727
   129   151   250  2.0103  0.4723
   127   157   250  2.0093  0.4720
   119   147   248  2.0055  0.4695
   119   157   251  2.0021  0.4705
   129   154   250  2.0018  0.4697
   125   158   248  2.7418  0.7058
   126   158   248  2.7310  0.7021
   124   158   248  2.7280  0.7011
   123   158   246  2.7143  0.6942
   122   158   246  2.7099  0.6927
   124   158   246  2.7043  0.6908
   123   158   248  2.6937  0.6893
   127   158   248  2.6915  0.6885
   121   158   246  2.6912  0.6863
   125   158   246  2.6779  0.6818
   120   158   246  2.6573  0.6748
   122   158   248  2.6422  0.6717
   118   151   246  2.6382  0.6684
   118   152   246  2.6340  0.6669
   118   150   246  2.6338  0.6669
   126   158   246  2.6319  0.6663
   118   153   246  2.6251  0.6639
   128   158   248  2.6191  0.6640
   118   149   246  2.6157  0.6608
   118   154   246  2.6136  0.6601
   119   158   246  2.6068  0.6578
   118   153   247  2.6007  0.6568
   118   155   246  2.6002  0.6556
   118   154   247  2.5871  0.6522
   118   152   247  2.5861  0.6519
   118   156   246  2.5843  0.6503
   118   148   246  2.5782  0.6483
   121   158   248  2.5767  0.6497
   118   157   246  2.5644  0.6437
   127   158   246  2.5625  0.6431
   118   151   247  2.5459  0.6385
   118   155   247  2.5458  0.6385
   118   158   246  2.5382  0.6350
   118   147   246  2.5167  0.6279
   129   158   248  2.5115  0.6281
   120   158   248  2.5004  0.6244
   120   146   246  2.4978  0.6217
   125   158   249  2.4972  0.6243
   121   146   246  2.4934  0.6203
   124   158   249  2.4897  0.6219
   126   158   249  2.4846  0.6202
   118   150   247  2.4842  0.6182
   118   156   247  2.4798  0.6167
   119   146   246  2.4790  0.6156
   122   146   246  2.4745  0.6141
   118   150   249  2.4738  0.6166
   118   151   249  2.4736  0.6166
   125   146   249  2.4702  0.6155
   124   146   249  2.4670  0.6144
   128   158   246  2.4667  0.6115
   123   158   249  2.4662  0.6141
   126   146   249  2.4640  0.6134
   123   146   249  2.4571  0.6112
   118   152   249  2.4540  0.6102
   126   158   252  2.4520  0.6124
   118   149   249  2.4510  0.6092
   123   146   246  2.4488  0.6057
   125   158   252  2.4486  0.6113
   127   158   249  2.4477  0.6081
   127   146   249  2.4430  0.6066
   122   146   249  2.4404  0.6057
   127   158   252  2.4362  0.6072
   130   151   249  2.4345  0.6038
   124   158   252  2.4307  0.6054
   118   146   246  2.4291  0.5994
   130   150   249  2.4291  0.6020
   122   158   249  2.4290  0.6020
   130   152   249  2.4277  0.6016
   124   146   246  2.4213  0.5968
   118   153   249  2.4192  0.5988
   119   158   248  2.4160  0.5969
   118   150   252  2.4144  0.6001
   121   146   249  2.4143  0.5972
   122   158   247  2.4114  0.5945
   130   153   249  2.4103  0.5960
   118   151   252  2.4096  0.5985
   130   149   249  2.4086  0.5954
   121   158   247  2.4083  0.5935
   118   149   247  2.4054  0.5926
   118   148   249  2.4035  0.5937
   123   158   247  2.4016  0.5914
   123   158   252  2.4012  0.5958
   128   146   249  2.4008  0.5929
   128   158   252  2.3957  0.5940
   118   157   247  2.3945  0.5891
   125   146   246  2.3942  0.5881
   118   149   252  2.3934  0.5933
   130   157   248  2.3918  0.5891
   130   152   252  2.3911  0.5925
   130   151   252  2.3904  0.5923
   120   158   247  2.3897  0.5875
   118   152   252  2.3844  0.5904
   130   153   252  2.3840  0.5902
   128   158   249  2.3829  0.5871
   130   156   248  2.3828  0.5862
   130   154   249  2.3827  0.5870
   124   158   247  2.3803  0.5845
   121   158   249  2.3798  0.5861
   130   150   252  2.3784  0.5884
   120   146   249  2.3742  0.5843
   118   154   249  2.3741  0.5843
   130   154   252  2.3701  0.5857
   130   148   249  2.3699  0.5829
   130   158   248  2.3697  0.5820
   126   146   246  2.3662  0.5791
   122   158   252  2.3618  0.5831
   124   146   252  2.3580  0.5818
   125   146   247  2.3565  0.5769
   123   146   252  2.3547  0.5808
   126   146   247  2.3536  0.5760
   125   146   252  2.3531  0.5802
   119   158   247  2.3527  0.5757
   124   146   247  2.3525  0.5756
   130   149   252  2.3494  0.5791
   130   155   248  2.3489  0.5753
   130   155   252  2.3483  0.5787
   118   156   248  2.3475  0.5749
   125   158   247  2.3472  0.5739
   118   153   252  2.3456  0.5778
   118   157   248  2.3450  0.5741
   130   155   249  2.3446  0.5748
   118   148   252  2.3439  0.5773
   129   158   246  2.3437  0.5720
   127   146   247  2.3433  0.5727
   122   146   252  2.3426  0.5769
   123   146   247  2.3404  0.5718
   126   146   252  2.3384  0.5755
   118   155   248  2.3348  0.5708
   127   146   246  2.3337  0.5688
   129   146   249  2.3318  0.5707
   118   147   249  2.3305  0.5703
   130   149   247  2.3296  0.5683
   130   150   247  2.3281  0.5679
   129   158   252  2.3262  0.5716
   118   158   248  2.3256  0.5679
   118   155   249  2.3235  0.5681
   128   146   247  2.3233  0.5663
   121   146   252  2.3202  0.5697
   120   158   249  2.3193  0.5668
   122   146   247  2.3180  0.5647
   130   156   252  2.3174  0.5688
   130   148   247  2.3158  0.5640
   119   146   249  2.3155  0.5656
   130   151   247  2.3136  0.5633
   118   148   247  2.3127  0.5630
   121   158   252  2.3127  0.5673
   130   147   249  2.3112  0.5642
   127   146   252  2.3109  0.5667
   118   154   248  2.3097  0.5629
   126   158   247  2.3006  0.5592
   118   154   252  2.2994  0.5631
   130   154   248  2.2990  0.5595
   130   148   252  2.2967  0.5622
   130   156   249  2.2958  0.5593
   118   158   247  2.2955  0.5576
   128   146   246  2.2914  0.5555
   129   146   247  2.2893  0.5556
   129   158   249  2.2890  0.5572
   130   152   247  2.2883  0.5553
   120   146   252  2.2851  0.5585
   130   147   247  2.2849  0.5542
   121   146   247  2.2831  0.5537
   130   157   252  2.2764  0.5557
   118   153   248  2.2755  0.5521
   118   156   249  2.2713  0.5516
   118   147   252  2.2667  0.5527
   128   146   252  2.2657  0.5524
   130   151   246  2.2578  0.5449
   130   152   246  2.2570  0.5447
   130   150   246  2.2559  0.5443
   130   153   246  2.2551  0.5441
   120   158   252  2.2534  0.5485
   130   153   247  2.2532  0.5443
   130   154   246  2.2522  0.5432
   118   155   252  2.2505  0.5476
   119   158   249  2.2487  0.5445
   130   149   246  2.2486  0.5421
   130   155   246  2.2476  0.5418
   130   153   248  2.2426  0.5418
   130   156   246  2.2393  0.5392
   127   158   247  2.2379  0.5395
   130   157   249  2.2368  0.5408
   130   146   247  2.2367  0.5391
   118   152   248  2.2351  0.5394
   119   146   252  2.2346  0.5426
   120   146   247  2.2345  0.5385
   118   146   249  2.2339  0.5399
   129   146   246  2.2338  0.5375
   130   146   249  2.2332  0.5396
   130   148   246  2.2322  0.5370
   130   158   252  2.2255  0.5397
   130   157   246  2.2238  0.5344
   118   157   249  2.2198  0.5355
   130   147   252  2.2145  0.5363
   130   154   247  2.2089  0.5305
   118   147   247  2.2084  0.5303
   130   147   246  2.2026  0.5278
   118   156   252  2.2013  0.5321
   129   146   252  2.1975  0.5309
   130   158   246  2.1965  0.5259
   118   151   248  2.1905  0.5256
   130   152   248  2.1870  0.5245
   119   158   252  2.1836  0.5266
   119   146   247  2.1716  0.5190
   118   158   249  2.1692  0.5198
   130   158   249  2.1683  0.5195
   118   146   252  2.1667  0.5214
   128   158   247  2.1568  0.5145
   130   146   246  2.1565  0.5136
   130   155   247  2.1554  0.5140
   118   157   252  2.1525  0.5170
   118   150   248  2.1419  0.5106
   118   151   251  2.1410  0.5126
   130   151   248  2.1360  0.5088
   118   152   251  2.1354  0.5109
   118   150   251  2.1319  0.5099
   118   153   251  2.1168  0.5052
   118   149   251  2.1067  0.5021
   118   158   252  2.1029  0.5018
   130   146   252  2.1010  0.5011
   118   146   247  2.0946  0.4955
   130   156   247  2.0926  0.4949
   130   150   248  2.0892  0.4946
   118   149   248  2.0877  0.4941
   118   154   251  2.0865  0.4960
   124   158   251  2.0836  0.4951
   125   158   251  2.0791  0.4937
   123   158   251  2.0774  0.4932
   118   148   251  2.0643  0.4892
   126   158   251  2.0634  0.4890
   122   158   251  2.0600  0.4879
   129   158   247  2.0564  0.4840
   118   155   251  2.0457  0.4836
   130   149   248  2.0423  0.4804
   127   158   251  2.0347  0.4803
   121   158   251  2.0304  0.4790
   118   150   250  2.0254  0.4768
   118   148   248  2.0253  0.4754
   121   146   251  2.0213  0.4763
   122   146   251  2.0203  0.4760
   130   157   247  2.0202  0.4732
   124   146   248  2.0202  0.4738
   123   146   248  2.0179  0.4732
   118   149   250  2.0174  0.4744
   125   146   248  2.0160  0.4726
   130   152   251  2.0138  0.4740
   123   146   251  2.0108  0.4731
   130   153   251  2.0099  0.4729
   120   146   251  2.0097  0.4728
   122   146   248  2.0086  0.4704
   130   151   251  2.0081  0.4723
   118   151   250  2.0061  0.4710
   118   147   251  2.0053  0.4715
   126   146   248  2.0047  0.4692
   123   159   246  2.6844  0.6840
   125   159   248  2.6795  0.6844
   122   159   246  2.6785  0.6820
   124   159   246  2.6750  0.6808
   126   159   248  2.6700  0.6812
   124   159   248  2.6646  0.6794
   121   159   246  2.6582  0.6751
   125   159   246  2.6484  0.6718
   127   159   248  2.6315  0.6681
   123   159   248  2.6300  0.6676
   120   159   246  2.6228  0.6632
   126   159   246  2.6010  0.6559
   122   159   248  2.5796  0.6507
   119   159   246  2.5713  0.6460
   128   159   248  2.5600  0.6441
   117   151   246  2.5427  0.6365
   117   150   246  2.5391  0.6353
   117   152   246  2.5381  0.6350
   117   153   246  2.5293  0.6321
   127   159   246  2.5290  0.6320
   117   149   246  2.5221  0.6297
   117   153   247  2.5190  0.6296
   117   154   246  2.5187  0.6286
   121   159   248  2.5173  0.6300
   117   155   246  2.5070  0.6247
   117   152   247  2.5063  0.6254
   117   154   247  2.5038  0.6246
   118   159   246  2.5028  0.6234
   117   156   246  2.4933  0.6202
   117   148   246  2.4862  0.6179
   117   157   246  2.4756  0.6144
   117   151   247  2.4673  0.6126
   117   155   247  2.4618  0.6109
   129   159   248  2.4536  0.6091
   117   158   246  2.4514  0.6066
   120   159   248  2.4464  0.6067
   128   159   246  2.4295  0.5995
   117   147   246  2.4272  0.5987
   125   159   249  2.4197  0.5990
   117   159   246  2.4179  0.5957
   124   159   249  2.4153  0.5976
   117   150   247  2.4053  0.5925
   126   159   249  2.4048  0.5942
   117   156   247  2.3966  0.5898
   123   159   249  2.3952  0.5911
   120   145   246  2.3853  0.5852
   121   145   246  2.3841  0.5849
   126   159   252  2.3801  0.5890
   125   159   252  2.3781  0.5883
   119   159   248  2.3694  0.5819
   122   145   246  2.3694  0.5802
   127   159   249  2.3665  0.5818
   119   145   246  2.3652  0.5788
   127   159   252  2.3645  0.5839
   124   159   252  2.3626  0.5833
   122   159   249  2.3618  0.5803
   123   145   246  2.3480  0.5734
   117   150   249  2.3448  0.5749
   117   151   249  2.3433  0.5744
   117   146   246  2.3433  0.5719
   125   145   249  2.3430  0.5743
   126   145   249  2.3413  0.5738
   124   145   249  2.3367  0.5723
   123   159   252  2.3362  0.5748
   127   145   249  2.3262  0.5690
   128   159   252  2.3262  0.5716
   117   149   249  2.3258  0.5688
   123   145   249  2.3253  0.5687
   117   152   249  2.3251  0.5686
   124   145   246  2.3246  0.5659
   117   149   247  2.3245  0.5667
   118   145   246  2.3170  0.5635
   121   159   249  2.3163  0.5658
   130   159   248  2.3138  0.5642
   117   157   247  2.3135  0.5632
   122   159   247  2.3134  0.5632
   117   150   252  2.3099  0.5664
   122   145   249  2.3089  0.5634
   123   159   247  2.3083  0.5616
   117   151   252  2.3058  0.5651
   121   159   247  2.3055  0.5607
   129   159   246  2.3026  0.5590
   128   159   249  2.3014  0.5611
   125   145   246  2.3013  0.5586
   122   159   252  2.3000  0.5632
   117   153   249  2.2945  0.5589
   128   145   249  2.2911  0.5578
   124   159   247  2.2907  0.5560
   117   149   252  2.2902  0.5601
   118   159   248  2.2881  0.5561
   131   151   249  2.2863  0.5563
   121   145   249  2.2846  0.5558
   117   148   249  2.2835  0.5554
   131   150   249  2.2834  0.5554
   120   159   247  2.2830  0.5536
   117   152   252  2.2825  0.5577
   126   145   246  2.2772  0.5510
   131   152   249  2.2771  0.5534
   126   145   247  2.2717  0.5501
   125   145   247  2.2703  0.5496
   131   149   249  2.2659  0.5499
   127   145   247  2.2656  0.5482
   124   145   247  2.2619  0.5470
   129   159   252  2.2606  0.5508
   120   159   249  2.2599  0.5480
   125   159   247  2.2598  0.5464
   131   153   249  2.2579  0.5474
   117   154   249  2.2561  0.5468
   121   159   252  2.2537  0.5486
   128   145   247  2.2500  0.5433
   127   145   246  2.2492  0.5423
   120   145   249  2.2479  0.5442
   117   153   252  2.2462  0.5462
   123   145   247  2.2449  0.5417
   119   159   247  2.2440  0.5414
   117   148   252  2.2440  0.5455
   117   157   248  2.2425  0.5417
   117   156   248  2.2418  0.5415
   131   149   247  2.2407  0.5404
   131   151   252  2.2373  0.5434
   131   152   252  2.2365  0.5432
   117   145   246  2.2359  0.5381
   131   150   247  2.2348  0.5386
   131   148   247  2.2311  0.5374
   131   148   249  2.2308  0.5389
   129   145   249  2.2301  0.5387
   117   158   248  2.2301  0.5379
   117   155   248  2.2298  0.5378
   131   154   249  2.2297  0.5385
   131   153   252  2.2292  0.5409
   117   148   247  2.2286  0.5366
   131   150   252  2.2276  0.5404
   131   157   248  2.2214  0.5352
   129   145   247  2.2210  0.5342
   117   158   247  2.2177  0.5332
   131   156   248  2.2172  0.5339
   122   145   247  2.2172  0.5331
   117   147   249  2.2170  0.5346
   131   154   252  2.2167  0.5370
   131   151   247  2.2152  0.5325
   117   155   249  2.2137  0.5336
   126   159   247  2.2137  0.5320
   128   145   246  2.2126  0.5309
   117   154   248  2.2088  0.5312
   129   159   249  2.2086  0.5320
   131   147   247  2.2046  0.5292
   117   159   248  2.2031  0.5295
   117   154   252  2.2024  0.5325
   131   149   252  2.2019  0.5323
   123   145   252  2.1994  0.5316
   131   158   248  2.1988  0.5282
   131   155   252  2.1986  0.5313
   124   145   252  2.1983  0.5312
   120   159   252  2.1970  0.5308
   119   145   249  2.1938  0.5274
   122   145   252  2.1935  0.5297
   119   159   249  2.1933  0.5272
   131   155   249  2.1924  0.5269
   131   155   248  2.1924  0.5262
   125   145   252  2.1906  0.5288
   118   159   247  2.1874  0.5239
   131   152   247  2.1838  0.5227
   117   153   248  2.1809  0.5226
   121   145   252  2.1785  0.5250
   131   147   249  2.1771  0.5222
   121   145   247  2.1770  0.5207
   126   145   252  2.1753  0.5241
   130   145   247  2.1736  0.5196
   131   156   252  2.1732  0.5234
   117   147   252  2.1724  0.5232
   117   156   249  2.1702  0.5201
   130   159   252  2.1655  0.5210
   129   145   246  2.1621  0.5154
   131   146   247  2.1613  0.5158
   117   155   252  2.1554  0.5179
   131   154   248  2.1546  0.5145
   131   148   252  2.1537  0.5174
   130   159   246  2.1519  0.5122
   120   145   252  2.1518  0.5168
   127   159   247  2.1500  0.5124
   127   145   252  2.1495  0.5161
   117   152   248  2.1479  0.5125
   131   159   248  2.1466  0.5121
   131   156   249  2.1462  0.5127
   131   153   247  2.1419  0.5099
   130   145   249  2.1403  0.5109
   131   157   252  2.1391  0.5129
   131   150   246  2.1322  0.5062
   131   149   246  2.1300  0.5056
   119   159   252  2.1295  0.5099
   131   151   246  2.1288  0.5052
   117   146   249  2.1270  0.5068
   117   157   249  2.1266  0.5067
   120   145   247  2.1231  0.5042
   131   152   246  2.1222  0.5032
   117   147   247  2.1206  0.5034
   131   148   246  2.1191  0.5022
   118   159   249  2.1182  0.5041
   118   145   249  2.1177  0.5040
   131   153   246  2.1141  0.5007
   117   159   247  2.1134  0.5012
   131   153   248  2.1116  0.5014
   119   145   252  2.1104  0.5040
   117   151   248  2.1104  0.5010
   128   145   252  2.1086  0.5035
   117   156   252  2.1075  0.5031
   131   146   249  2.1060  0.5004
   131   154   246  2.1050  0.4980
   131   145   247  2.1038  0.4983
   131   147   246  2.0958  0.4952
   131   158   252  2.0954  0.4995
   131   155   246  2.0948  0.4949
   130   145   246  2.0932  0.4944
   131   157   249  2.0909  0.4958
   131   154   247  2.0907  0.4943
   130   159   249  2.0904  0.4957
   117   158   249  2.0824  0.4932
   131   156   246  2.0816  0.4909
   117   146   252  2.0800  0.4947
   131   147   252  2.0779  0.4941
   131   152   248  2.0689  0.4885
   117   150   248  2.0673  0.4880
   128   159   247  2.0670  0.4872
   131   157   246  2.0623  0.4851
   117   157   252  2.0597  0.4886
   131   146   246  2.0575  0.4837
   119   145   247  2.0553  0.4837
   118   145   252  2.0517  0.4862
   118   159   252  2.0511  0.4860
   129   145   252  2.0470  0.4847
   117   151   251  2.0428  0.4827
   131   159   252  2.0419  0.4832
   117   152   251  2.0388  0.4815
   117   159   249  2.0361  0.4793
   117   150   251  2.0343  0.4802
   131   158   246  2.0321  0.4761
   131   155   247  2.0309  0.4764
   131   151   248  2.0288  0.4764
   131   158   249  2.0266  0.4764
   117   153   251  2.0233  0.4769
   131   145   249  2.0221  0.4751
   124   159   251  2.0182  0.4753
   117   145   249  2.0170  0.4736
   117   149   248  2.0166  0.4728
   125   159   251  2.0154  0.4745
   117   149   251  2.0120  0.4735
   117   158   252  2.0117  0.4741
   123   159   251  2.0094  0.4727
   117   146   247  2.0036  0.4682
   131   145   246  2.0033  0.4675
   123   160   246  2.6405  0.6692
   122   160   246  2.6342  0.6670
   124   160   246  2.6308  0.6659
   121   160   246  2.6127  0.6598
   125   160   246  2.6024  0.6563
   125   160   248  2.5820  0.6515
   120   160   246  2.5759  0.6475
   126   160   248  2.5727  0.6484
   124   160   248  2.5677  0.6467
   126   160   246  2.5519  0.6395
   127   160   248  2.5348  0.6358
   123   160   248  2.5347  0.6357
   119   160   246  2.5235  0.6302
   122   160   248  2.4878  0.6203
   127   160   246  2.4755  0.6144
   128   160   248  2.4646  0.6127
   118   160   246  2.4553  0.6078
   121   160   248  2.4312  0.6018
   116   151   246  2.4127  0.5941
   116   152   246  2.4106  0.5934
   116   153   247  2.4088  0.5937
   116   150   246  2.4074  0.5924
   116   153   246  2.4051  0.5916
   116   152   247  2.3986  0.5904
   116   154   246  2.3983  0.5894
   116   154   247  2.3922  0.5883
   116   155   246  2.3908  0.5870
   116   149   246  2.3897  0.5867
   116   156   246  2.3814  0.5840
   117   160   246  2.3725  0.5811
   128   160   246  2.3711  0.5807
   120   160   248  2.3684  0.5816
   116   157   246  2.3679  0.5797
   116   151   247  2.3622  0.5787
   129   160   248  2.3607  0.5791
   116   148   246  2.3549  0.5755
   116   155   247  2.3508  0.5751
   116   158   246  2.3477  0.5733
   124   160   249  2.3410  0.5737
   125   160   249  2.3409  0.5736
   123   160   249  2.3253  0.5687
   126   160   249  2.3218  0.5676
   116   159   246  2.3183  0.5639
   126   160   252  2.3052  0.5649
   125   160   252  2.3049  0.5648
   116   150   247  2.3021  0.5596
   119   160   248  2.3018  0.5604
   116   147   246  2.2991  0.5579
   122   160   249  2.2959  0.5593
   124   160   252  2.2917  0.5606
   127   160   252  2.2889  0.5597
   116   156   247  2.2884  0.5553
   127   160   249  2.2802  0.5544
   116   160   246  2.2776  0.5511
   123   160   252  2.2677  0.5530
   121   144   246  2.2564  0.5445
   121   160   249  2.2540  0.5462
   120   144   246  2.2538  0.5437
   128   160   252  2.2514  0.5478
   122   144   246  2.2467  0.5415
   129   160   246  2.2393  0.5392
   122   160   252  2.2339  0.5423
   118   160   248  2.2326  0.5386
   119   144   246  2.2321  0.5370
   123   144   246  2.2303  0.5364
   130   160   248  2.2254  0.5364
   116   149   247  2.2220  0.5346
   116   146   246  2.2208  0.5334
   128   160   249  2.2130  0.5333
   124   144   246  2.2115  0.5306
   116   157   247  2.2101  0.5309
   126   144   249  2.2099  0.5324
   125   144   249  2.2078  0.5317
   122   160   247  2.2064  0.5297
   123   160   247  2.2048  0.5292
   120   160   249  2.2006  0.5295
   127   144   249  2.2000  0.5293
   124   144   249  2.1990  0.5290
   116   150   249  2.1948  0.5277
   121   160   247  2.1947  0.5261
   116   151   249  2.1947  0.5277
   125   144   246  2.1923  0.5246
   121   160   252  2.1899  0.5286
   124   160   247  2.1896  0.5245
   116   150   252  2.1890  0.5283
   129   160   252  2.1883  0.5281
   116   151   252  2.1867  0.5276
   123   144   249  2.1863  0.5251
   118   144   246  2.1856  0.5226
   126   144   247  2.1816  0.5221
   116   152   249  2.1809  0.5234
   127   144   247  2.1792  0.5213
   116   149   249  2.1772  0.5222
   125   144   247  2.1766  0.5205
   126   144   246  2.1723  0.5185
   128   144   249  2.1719  0.5206
   122   144   249  2.1696  0.5199
   116   149   252  2.1694  0.5222
   120   160   247  2.1690  0.5182
   128   144   247  2.1675  0.5177
   116   152   252  2.1668  0.5214
   124   144   247  2.1642  0.5167
   117   160   248  2.1609  0.5165
   125   160   247  2.1598  0.5154
   116   153   249  2.1575  0.5162
   127   144   246  2.1490  0.5113
   121   144   249  2.1462  0.5127
   129   144   247  2.1429  0.5102
   123   144   247  2.1429  0.5102
   116   148   249  2.1388  0.5104
   119   160   249  2.1369  0.5099
   120   160   252  2.1355  0.5117
   116   153   252  2.1344  0.5114
   116   157   248  2.1341  0.5082
   116   158   248  2.1297  0.5069
   116   156   248  2.1287  0.5066
   119   160   247  2.1285  0.5058
   116   154   249  2.1283  0.5072
   132   149   247  2.1281  0.5057
   116   148   252  2.1259  0.5088
   116   148   247  2.1255  0.5049
   132   148   247  2.1220  0.5038
   116   145   246  2.1212  0.5029
   116   158   247  2.1207  0.5034
   132   151   249  2.1199  0.5046
   129   160   249  2.1196  0.5046
   129   144   249  2.1196  0.5046
   132   150   247  2.1186  0.5028
   128   144   246  2.1183  0.5020
   132   150   249  2.1183  0.5042
   116   155   248  2.1155  0.5026
   116   159   248  2.1141  0.5022
   126   160   247  2.1134  0.5012
   120   144   249  2.1114  0.5021
   122   144   247  2.1107  0.5004
   117   144   246  2.1101  0.4995
   132   152   249  2.1096  0.5015
   132   149   249  2.1022  0.4993
   130   144   247  2.1008  0.4974
   132   147   247  2.0994  0.4970
   130   160   252  2.0970  0.4999
   116   154   248  2.0964  0.4968
   116   155   249  2.0960  0.4974
   132   151   247  2.0947  0.4956
   116   154   252  2.0941  0.4991
   132   153   249  2.0897  0.4955
   116   160   248  2.0860  0.4936
   130   160   246  2.0848  0.4919
   116   147   249  2.0778  0.4919
   129   144   246  2.0752  0.4890
   118   160   247  2.0729  0.4890
   116   153   248  2.0727  0.4896
   119   160   252  2.0705  0.4919
   132   148   249  2.0696  0.4894
   121   144   247  2.0660  0.4869
   131   160   248  2.0651  0.4873
   118   160   249  2.0647  0.4879
   116   156   249  2.0623  0.4872
   132   154   249  2.0615  0.4869
   132   146   247  2.0609  0.4854
   119   144   249  2.0602  0.4865
   116   147   252  2.0595  0.4885
   132   151   252  2.0582  0.4881
   132   152   247  2.0582  0.4846
   132   152   252  2.0574  0.4879
   132   153   252  2.0507  0.4859
   116   155   252  2.0496  0.4855
   132   150   252  2.0493  0.4854
   127   160   247  2.0485  0.4816
   116   152   248  2.0449  0.4813
   132   154   252  2.0402  0.4827
   130   144   249  2.0398  0.4804
   131   144   247  2.0368  0.4781
   122   144   252  2.0344  0.4809
   123   144   252  2.0329  0.4805
   132   156   248  2.0307  0.4770
   132   157   248  2.0304  0.4769
   121   144   252  2.0280  0.4790
   116   157   249  2.0271  0.4766
   124   144   252  2.0258  0.4783
   132   155   249  2.0258  0.4762
   132   155   252  2.0256  0.4783
   132   149   252  2.0251  0.4781
   116   159   247  2.0237  0.4742
   132   147   249  2.0200  0.4745
   116   147   247  2.0166  0.4721
   130   144   246  2.0153  0.4711
   132   155   248  2.0149  0.4722
   125   144   252  2.0138  0.4747
   116   151   248  2.0126  0.4716
   120   144   252  2.0109  0.4739
   132   153   247  2.0108  0.4704
   132   145   247  2.0091  0.4699
   132   158   248  2.0085  0.4704
   120   144   247  2.0078  0.4695
   132   156   252  2.0056  0.4723
   116   144   246  2.0045  0.4679
   116   156   252  2.0035  0.4716
   117   160   247  2.0031  0.4681
   130   160   249  2.0025  0.4693
   123   161   246  2.5784  0.6483
   122   161   246  2.5724  0.6463
   124   161   246  2.5670  0.6446
   121   161   246  2.5503  0.6390
   125   161   246  2.5355  0.6341
   120   161   246  2.5128  0.6266
   126   161   246  2.4802  0.6160
   119   161   246  2.4600  0.6094
   125   161   248  2.4540  0.6092
   126   161   248  2.4441  0.6060
   124   161   248  2.4414  0.6051
   123   161   248  2.4116  0.5955
   127   161   248  2.4066  0.5938
   127   161   246  2.3981  0.5894
   118   161   246  2.3928  0.5877
   122   161   248  2.3700  0.5821
   128   161   248  2.3380  0.5719
   121   161   248  2.3211  0.5665
   117   161   246  2.3131  0.5623
   128   161   246  2.2875  0.5542
   115   153   247  2.2716  0.5501
   120   161   248  2.2685  0.5499
   124   161   249  2.2650  0.5496
   115   152   247  2.2639  0.5476
   125   161   249  2.2593  0.5478
   115   153   246  2.2568  0.5446
   115   152   246  2.2565  0.5445
   115   154   246  2.2562  0.5444
   115   155   246  2.2549  0.5440
   115   154   247  2.2547  0.5448
   123   161   249  2.2542  0.5462
   115   151   246  2.2535  0.5436
   115   156   246  2.2517  0.5430
   115   157   246  2.2444  0.5408
   115   150   246  2.2441  0.5407
   129   161   248  2.2377  0.5402
   126   161   249  2.2347  0.5401
   115   151   247  2.2310  0.5374
   115   158   246  2.2304  0.5364
   122   161   249  2.2288  0.5383
   125   161   252  2.2284  0.5406
   126   161   252  2.2270  0.5402
   116   161   246  2.2244  0.5346
   115   149   246  2.2242  0.5345
   124   161   252  2.2170  0.5371
   115   155   247  2.2156  0.5326
   119   161   248  2.2144  0.5330
   127   161   252  2.2094  0.5347
   115   159   246  2.2077  0.5294
   123   161   252  2.1948  0.5301
   121   161   249  2.1900  0.5262
   115   148   246  2.1897  0.5238
   127   161   249  2.1879  0.5255
   115   160   246  2.1748  0.5192
   115   150   247  2.1746  0.5199
   128   161   252  2.1715  0.5229
   122   161   252  2.1624  0.5200
   118   161   248  2.1594  0.5160
   115   156   247  2.1584  0.5150
   129   161   246  2.1500  0.5116
   120   161   249  2.1388  0.5104
   115   147   246  2.1374  0.5078
   115   161   246  2.1310  0.5059
   121   161   252  2.1199  0.5070
   121   143   246  2.1187  0.5021
   128   161   249  2.1166  0.5037
   122   143   246  2.1143  0.5008
   120   143   246  2.1117  0.5000
   129   161   252  2.1091  0.5036
   130   161   248  2.1087  0.5005
   123   143   246  2.1033  0.4975
   117   161   248  2.1032  0.4988
   115   149   247  2.0975  0.4964
   127   143   247  2.0916  0.4946
   126   143   247  2.0911  0.4944
   123   161   247  2.0904  0.4942
   122   161   247  2.0900  0.4941
   124   143   246  2.0894  0.4933
   119   143   246  2.0882  0.4929
   115   157   247  2.0878  0.4934
   128   143   247  2.0831  0.4921
   125   143   247  2.0829  0.4920
   126   143   249  2.0796  0.4924
   119   161   249  2.0769  0.4916
   124   161   247  2.0763  0.4900
   121   161   247  2.0758  0.4899
   125   143   249  2.0745  0.4909
   125   143   246  2.0745  0.4888
   127   143   249  2.0743  0.4908
   120   161   252  2.0674  0.4909
   124   143   247  2.0669  0.4872
   115   146   246  2.0660  0.4862
   124   143   249  2.0637  0.4876
   129   143   247  2.0624  0.4858
   126   143   246  2.0586  0.4840
   115   151   252  2.0537  0.4868
   115   150   252  2.0530  0.4866
   128   143   249  2.0528  0.4843
   123   143   249  2.0497  0.4834
   120   161   247  2.0480  0.4815
   125   161   247  2.0464  0.4810
   116   161   248  2.0443  0.4810
   118   143   246  2.0433  0.4794
   123   143   247  2.0417  0.4796
   127   143   246  2.0399  0.4784
   115   152   252  2.0384  0.4822
   115   149   252  2.0328  0.4804
   122   143   249  2.0320  0.4781
   115   151   249  2.0316  0.4779
   115   150   249  2.0273  0.4766
   115   152   249  2.0253  0.4760
   130   143   247  2.0250  0.4746
   115   158   248  2.0243  0.4751
   129   161   249  2.0207  0.4747
   115   159   248  2.0206  0.4740
   130   161   252  2.0198  0.4766
   115   157   248  2.0196  0.4737
   128   143   246  2.0150  0.4710
   115   153   249  2.0118  0.4720
   115   153   252  2.0110  0.4739
   129   143   249  2.0094  0.4713
   115   149   249  2.0086  0.4711
   115   156   248  2.0082  0.4703
   121   143   249  2.0080  0.4709
   115   158   247  2.0079  0.4695
   115   160   248  2.0067  0.4698
   119   161   247  2.0067  0.4692
   118   161   249  2.0065  0.4704
   122   143   247  2.0055  0.4688
   119   161   252  2.0052  0.4722
   115   148   247  2.0034  0.4682
   123   162   246  2.4933  0.6202
   122   162   246  2.4886  0.6187
   124   162   246  2.4792  0.6156
   121   162   246  2.4670  0.6116
   125   162   246  2.4433  0.6039
   120   162   246  2.4298  0.5996
   126   162   246  2.3823  0.5843
   119   162   246  2.3780  0.5829
   118   162   246  2.3134  0.5624
   125   162   248  2.3012  0.5602
   127   162   246  2.2933  0.5561
   124   162   248  2.2910  0.5570
   126   162   248  2.2903  0.5567
   123   162   248  2.2656  0.5490
   127   162   248  2.2532  0.5451
   117   162   246  2.2389  0.5390
   122   162   248  2.2305  0.5380
   121   162   248  2.1907  0.5256
   128   162   248  2.1868  0.5244
   124   162   249  2.1840  0.5244
   123   162   249  2.1784  0.5226
   128   162   246  2.1758  0.5196
   125   162   249  2.1722  0.5207
   116   162   246  2.1584  0.5142
   122   162   249  2.1569  0.5160
   120   162   248  2.1497  0.5130
   125   162   252  2.1470  0.5153
   126   162   252  2.1437  0.5143
   126   162   249  2.1407  0.5110
   124   162   252  2.1371  0.5122
   127   162   252  2.1243  0.5083
   121   162   249  2.1206  0.5049
   123   162   252  2.1160  0.5057
   114   153   247  2.1118  0.5007
   114   157   246  2.1098  0.4994
   119   162   248  2.1093  0.5007
   114   156   246  2.1092  0.4992
   114   152   247  2.1058  0.4989
   114   155   246  2.1047  0.4979
   114   158   246  2.1042  0.4977
   114   154   246  2.0982  0.4959
   114   154   247  2.0959  0.4959
   114   153   246  2.0912  0.4938
   129   162   248  2.0911  0.4952
   114   159   246  2.0908  0.4937
   127   162   249  2.0873  0.4947
   128   162   252  2.0848  0.4962
   122   162   252  2.0844  0.4961
   114   152   246  2.0835  0.4915
   114   151   247  2.0767  0.4901
   115   162   246  2.0766  0.4894
   114   151   246  2.0736  0.4885
   120   162   249  2.0711  0.4898
   118   162   248  2.0698  0.4887
   114   160   246  2.0686  0.4870
   114   155   247  2.0612  0.4854
   114   150   246  2.0586  0.4840
   121   162   252  2.0428  0.4835
   114   161   246  2.0374  0.4776
   114   149   246  2.0352  0.4770
   129   162   246  2.0324  0.4761
   117   162   248  2.0301  0.4768
   114   150   247  2.0250  0.4746
   129   162   252  2.0218  0.4771
   114   156   247  2.0115  0.4706
   119   162   249  2.0105  0.4716
   128   162   249  2.0102  0.4715
   127   142   247  2.0099  0.4701
   126   142   247  2.0069  0.4692
   128   142   247  2.0039  0.4683
   114   148   246  2.0002  0.4666
   123   163   246  2.3813  0.5840
   122   163   246  2.3792  0.5833
   124   163   246  2.3635  0.5783
   121   163   246  2.3597  0.5771
   120   163   246  2.3247  0.5660
   125   163   246  2.3225  0.5653
   119   163   246  2.2762  0.5507
   126   163   246  2.2553  0.5442
   118   163   246  2.2168  0.5322
   127   163   246  2.1595  0.5146
   117   163   246  2.1500  0.5117
   125   163   248  2.1301  0.5070
   124   163   248  2.1229  0.5048
   126   163   248  2.1180  0.5033
   123   163   248  2.1025  0.4986
   124   163   249  2.0940  0.4968
   123   163   249  2.0937  0.4967
   127   163   248  2.0816  0.4923
   116   163   246  2.0804  0.4905
   122   163   249  2.0760  0.4913
   125   163   249  2.0755  0.4912
   122   163   248  2.0748  0.4902
   125   163   252  2.0579  0.4881
   126   163   252  2.0525  0.4864
   124   163   252  2.0497  0.4856
   121   163   248  2.0448  0.4812
   121   163   249  2.0423  0.4812
   126   163   249  2.0366  0.4794
   128   163   246  2.0355  0.4771
   127   163   252  2.0305  0.4798
   123   163   252  2.0295  0.4795
   128   163   248  2.0181  0.4732
   120   163   248  2.0158  0.4725
   115   163   246  2.0123  0.4702
   122   164   246  2.2433  0.5404
   123   164   246  2.2410  0.5397
   121   164   246  2.2281  0.5357
   124   164   246  2.2183  0.5327
   120   164   246  2.1980  0.5264
   125   164   246  2.1720  0.5184
   119   164   246  2.1557  0.5134
   118   164   246  2.1045  0.4978
   126   164   246  2.0988  0.4961
   117   164   246  2.0485  0.4810
   122   165   246  2.0829  0.4913
   121   165   246  2.0748  0.4889
   123   165   246  2.0742  0.4887
   120   165   246  2.0529  0.4823
   124   165   246  2.0456  0.4801
   119   165   246  2.0203  0.4725
