#   X     Y     Z      S       D
    24   142   154  2.9653  0.7681
    24   143   154  2.9609  0.7665
    24   141   154  2.9551  0.7645
    25   143   154  2.9457  0.7612
    25   142   154  2.9447  0.7608
    23   142   154  2.9432  0.7603
    23   141   154  2.9385  0.7587
    23   143   154  2.9318  0.7563
    25   141   154  2.9311  0.7561
    23   143   153  2.6923  0.6752
    24   143   153  2.6886  0.6739
    25   143   153  2.6578  0.6637
    23   142   153  2.6410  0.6581
    24   142   153  2.6351  0.6562
    25   142   153  2.6031  0.6457
    23   141   153  2.5850  0.6397
    24   141   153  2.5775  0.6373
    25   141   153  2.5452  0.6268
    24   144   154  2.9429  0.7602
    25   144   154  2.9348  0.7574
    24   140   154  2.9279  0.7549
    23   140   154  2.9148  0.7504
    23   144   154  2.9059  0.7473
    25   140   154  2.9027  0.7462
    26   143   154  2.8900  0.7418
    26   142   154  2.8860  0.7404
    26   144   154  2.8843  0.7398
    22   141   154  2.8810  0.7386
    22   142   154  2.8795  0.7381
    26   141   154  2.8717  0.7354
    22   140   154  2.8620  0.7321
    22   143   154  2.8611  0.7318
    26   140   154  2.8448  0.7262
    22   144   154  2.8279  0.7204
    24   144   152  2.7451  0.6935
    23   144   152  2.7433  0.6929
    23   144   153  2.7389  0.6908
    24   144   153  2.7385  0.6907
    23   143   152  2.7276  0.6876
    24   143   152  2.7158  0.6836
    25   144   152  2.7144  0.6832
    25   144   153  2.7102  0.6811
    22   144   153  2.7093  0.6808
    22   144   152  2.7064  0.6805
    22   143   152  2.7043  0.6798
    23   142   152  2.6964  0.6771
    22   142   152  2.6839  0.6730
    24   142   152  2.6744  0.6698
    25   143   152  2.6734  0.6695
    22   143   153  2.6662  0.6665
    26   144   152  2.6593  0.6648
    26   144   153  2.6587  0.6640
    23   141   152  2.6460  0.6604
    22   141   152  2.6413  0.6588
    25   142   152  2.6244  0.6532
    24   141   152  2.6178  0.6511
    22   142   153  2.6178  0.6505
    26   143   152  2.6100  0.6485
    26   143   153  2.6053  0.6464
    23   140   152  2.5738  0.6366
    22   140   152  2.5733  0.6365
    25   141   152  2.5646  0.6337
    22   141   153  2.5641  0.6329
    26   142   152  2.5569  0.6312
    26   142   153  2.5508  0.6286
    24   140   152  2.5437  0.6269
    23   140   153  2.5220  0.6193
    24   140   153  2.5133  0.6165
    22   140   153  2.5033  0.6133
    26   141   152  2.4971  0.6118
    26   141   153  2.4937  0.6102
    25   140   152  2.4916  0.6101
    25   140   153  2.4809  0.6061
    26   140   153  2.4304  0.5900
    26   140   152  2.4281  0.5898
    25   145   154  2.9112  0.7491
    24   145   154  2.9108  0.7490
    24   139   154  2.8806  0.7385
    23   139   154  2.8688  0.7344
    26   145   154  2.8679  0.7341
    23   145   154  2.8654  0.7333
    25   139   154  2.8567  0.7303
    22   139   154  2.8187  0.7172
    27   143   154  2.8031  0.7119
    26   139   154  2.8024  0.7117
    27   144   154  2.8001  0.7109
    27   142   154  2.7986  0.7104
    27   145   154  2.7889  0.7071
    21   141   154  2.7872  0.7065
    27   141   154  2.7859  0.7060
    24   145   153  2.7832  0.7058
    21   142   154  2.7810  0.7044
    22   145   154  2.7804  0.7042
    23   145   153  2.7790  0.7044
    21   140   154  2.7721  0.7014
    24   145   152  2.7653  0.7003
    27   140   154  2.7625  0.6981
    25   145   153  2.7589  0.6975
    21   143   154  2.7573  0.6964
    25   145   152  2.7499  0.6951
    23   145   152  2.7469  0.6941
    22   145   153  2.7450  0.6928
    21   139   154  2.7313  0.6876
    27   139   154  2.7251  0.6855
    21   144   154  2.7189  0.6835
    26   145   153  2.7099  0.6811
    26   145   152  2.7069  0.6807
    22   145   152  2.6945  0.6765
    21   145   153  2.6821  0.6718
    21   145   154  2.6665  0.6660
    21   144   153  2.6504  0.6612
    21   143   152  2.6472  0.6608
    27   145   152  2.6466  0.6606
    27   145   153  2.6421  0.6585
    21   144   152  2.6380  0.6577
    21   142   152  2.6364  0.6572
    21   145   152  2.6133  0.6496
    21   143   153  2.6108  0.6482
    21   141   152  2.6011  0.6456
    27   144   152  2.5910  0.6423
    27   144   153  2.5906  0.6416
    21   142   153  2.5652  0.6333
    27   143   153  2.5379  0.6244
    21   140   152  2.5379  0.6250
    27   143   152  2.5373  0.6248
    21   141   153  2.5140  0.6167
    27   142   153  2.4849  0.6074
    27   142   152  2.4832  0.6074
    22   139   152  2.4789  0.6060
    23   139   152  2.4787  0.6059
    21   140   153  2.4553  0.5979
    24   139   152  2.4507  0.5970
    23   139   153  2.4479  0.5956
    21   139   152  2.4455  0.5953
    24   139   153  2.4379  0.5924
    22   139   153  2.4313  0.5903
    27   141   153  2.4295  0.5898
    27   141   152  2.4258  0.5891
    25   139   153  2.4055  0.5822
    25   139   152  2.4039  0.5822
    21   139   153  2.3850  0.5757
    27   140   153  2.3679  0.5703
    27   140   152  2.3621  0.5690
    26   139   153  2.3561  0.5667
    26   139   152  2.3477  0.5646
    27   139   153  2.2949  0.5477
    27   139   152  2.2895  0.5465
    25   146   154  2.8727  0.7358
    24   146   154  2.8628  0.7324
    26   146   154  2.8387  0.7241
    24   146   153  2.8191  0.7180
    24   138   154  2.8104  0.7144
    23   146   153  2.8092  0.7146
    23   146   154  2.8088  0.7138
    25   146   153  2.8002  0.7115
    23   138   154  2.7976  0.7100
    25   138   154  2.7899  0.7074
    25   146   152  2.7806  0.7055
    24   146   152  2.7779  0.7046
    22   146   153  2.7700  0.7013
    27   146   154  2.7673  0.6997
    26   146   153  2.7552  0.6963
    26   146   152  2.7530  0.6962
    22   138   154  2.7482  0.6933
    26   138   154  2.7411  0.6909
    23   146   152  2.7410  0.6921
    22   146   154  2.7172  0.6829
    27   146   152  2.7038  0.6796
    21   146   153  2.7029  0.6787
    28   143   154  2.6973  0.6763
    28   144   154  2.6948  0.6754
    28   142   154  2.6944  0.6753
    27   146   153  2.6890  0.6741
    28   145   154  2.6862  0.6725
    28   141   154  2.6845  0.6720
    22   146   152  2.6716  0.6689
    27   138   154  2.6703  0.6672
    28   146   154  2.6698  0.6671
    20   141   154  2.6655  0.6656
    28   140   154  2.6653  0.6656
    21   138   154  2.6618  0.6644
    20   142   154  2.6577  0.6631
    20   140   154  2.6510  0.6609
    28   146   152  2.6437  0.6596
    28   139   154  2.6331  0.6550
    20   143   154  2.6321  0.6546
    20   146   153  2.6102  0.6480
    20   139   154  2.6100  0.6474
    28   146   153  2.6078  0.6472
    21   146   154  2.5990  0.6438
    20   145   153  2.5932  0.6424
    20   144   154  2.5915  0.6413
    28   138   154  2.5845  0.6390
    28   145   152  2.5801  0.6387
    21   146   152  2.5767  0.6376
    20   144   153  2.5651  0.6333
    20   143   152  2.5631  0.6332
    28   145   153  2.5619  0.6322
    20   142   152  2.5587  0.6317
    20   144   152  2.5460  0.6276
    20   138   154  2.5397  0.6245
    20   145   154  2.5366  0.6235
    20   143   153  2.5287  0.6215
    20   141   152  2.5282  0.6218
    28   144   152  2.5206  0.6194
    28   144   153  2.5126  0.6163
    20   145   152  2.5122  0.6167
    20   142   153  2.4857  0.6076
    20   140   152  2.4680  0.6025
    20   146   154  2.4664  0.6009
    28   143   152  2.4655  0.6017
    20   146   152  2.4654  0.6017
    28   143   153  2.4626  0.6003
    20   141   153  2.4360  0.5918
    28   142   152  2.4124  0.5848
    28   142   153  2.4121  0.5843
    20   140   153  2.3778  0.5734
    20   139   152  2.3768  0.5737
    23   138   152  2.3609  0.5687
    28   141   153  2.3588  0.5675
    22   138   152  2.3587  0.5680
    28   141   152  2.3579  0.5677
    23   138   153  2.3577  0.5672
    24   138   153  2.3465  0.5637
    22   138   153  2.3430  0.5626
    24   138   152  2.3385  0.5617
    21   138   152  2.3248  0.5574
    25   138   153  2.3141  0.5536
    20   139   153  2.3068  0.5514
    25   138   152  2.3001  0.5498
    28   140   152  2.2989  0.5494
    28   140   153  2.2986  0.5488
    21   138   153  2.2979  0.5486
    26   138   153  2.2657  0.5387
    20   138   152  2.2557  0.5361
    26   138   152  2.2541  0.5356
    28   139   152  2.2325  0.5290
    28   139   153  2.2266  0.5268
    20   138   153  2.2177  0.5241
    27   138   153  2.2059  0.5205
    27   138   152  2.2056  0.5208
    28   138   152  2.1563  0.5060
    28   138   153  2.1386  0.5003
    24   147   153  2.8413  0.7256
    25   147   153  2.8288  0.7213
    23   147   153  2.8251  0.7201
    25   147   154  2.8170  0.7167
    25   147   152  2.8044  0.7136
    24   147   154  2.7968  0.7098
    26   147   152  2.7945  0.7103
    26   147   154  2.7938  0.7087
    26   147   153  2.7892  0.7078
    24   147   152  2.7819  0.7060
    22   147   153  2.7806  0.7049
    27   147   152  2.7589  0.6982
    23   147   154  2.7343  0.6886
    27   147   154  2.7323  0.6879
    27   147   153  2.7261  0.6865
    23   147   152  2.7255  0.6869
    24   137   154  2.7152  0.6822
    21   147   153  2.7091  0.6808
    28   147   152  2.7073  0.6808
    25   137   154  2.6999  0.6771
    23   137   154  2.6995  0.6770
    26   137   154  2.6580  0.6632
    29   147   152  2.6494  0.6615
    22   137   154  2.6492  0.6603
    28   147   153  2.6450  0.6595
    28   147   154  2.6426  0.6581
    22   147   152  2.6389  0.6580
    22   147   154  2.6366  0.6561
    20   147   153  2.6130  0.6489
    27   137   154  2.5950  0.6424
    29   143   154  2.5857  0.6394
    29   142   154  2.5852  0.6392
    29   146   152  2.5824  0.6395
    29   144   154  2.5816  0.6381
    29   141   154  2.5785  0.6371
    29   145   154  2.5731  0.6353
    29   140   154  2.5628  0.6320
    21   137   154  2.5627  0.6319
    29   146   154  2.5590  0.6307
    29   147   153  2.5523  0.6291
    29   147   154  2.5369  0.6236
    29   139   154  2.5347  0.6229
    21   147   152  2.5299  0.6224
    19   141   154  2.5239  0.6194
    19   142   154  2.5197  0.6180
    29   146   153  2.5177  0.6179
    29   145   152  2.5166  0.6181
    28   137   154  2.5165  0.6170
    21   147   154  2.5144  0.6163
    19   140   154  2.5049  0.6132
    19   143   154  2.4963  0.6105
    19   146   153  2.4951  0.6106
    19   147   153  2.4944  0.6104
    29   138   154  2.4909  0.6088
    19   145   153  2.4818  0.6064
    29   145   153  2.4758  0.6045
    19   143   152  2.4606  0.6001
    19   139   154  2.4588  0.5985
    19   142   152  2.4584  0.5995
    19   144   153  2.4573  0.5986
    19   144   154  2.4566  0.5978
    29   144   152  2.4562  0.5987
    19   144   152  2.4396  0.5935
    20   137   154  2.4394  0.5924
    29   144   153  2.4308  0.5901
    29   137   154  2.4287  0.5890
    19   141   152  2.4286  0.5900
    19   143   153  2.4237  0.5879
    20   147   152  2.4078  0.5834
    29   143   152  2.4012  0.5813
    19   145   154  2.4011  0.5803
    19   145   152  2.4002  0.5810
    29   143   153  2.3847  0.5756
    19   138   154  2.3834  0.5747
    19   142   153  2.3821  0.5748
    20   147   154  2.3788  0.5733
    19   140   152  2.3675  0.5707
    29   142   152  2.3491  0.5650
    19   146   152  2.3461  0.5640
    29   142   153  2.3373  0.5608
    19   141   153  2.3317  0.5591
    19   146   154  2.3288  0.5577
    29   141   152  2.2965  0.5486
    29   141   153  2.2859  0.5449
    19   147   152  2.2800  0.5436
    19   137   154  2.2785  0.5422
    19   139   152  2.2742  0.5418
    19   140   153  2.2703  0.5401
    23   137   153  2.2468  0.5329
    29   140   152  2.2399  0.5313
    19   147   154  2.2378  0.5298
    24   137   153  2.2348  0.5293
    22   137   153  2.2334  0.5289
    29   140   153  2.2264  0.5267
    23   137   152  2.2214  0.5256
    22   137   152  2.2144  0.5235
    24   137   152  2.2069  0.5213
    25   137   153  2.2029  0.5196
    19   139   153  2.1935  0.5168
    21   137   153  2.1887  0.5153
    25   137   152  2.1792  0.5129
    21   137   152  2.1783  0.5126
    29   139   152  2.1768  0.5122
    26   137   153  2.1558  0.5054
    29   139   153  2.1546  0.5050
    19   138   152  2.1498  0.5040
    26   137   152  2.1451  0.5026
    27   137   152  2.1078  0.4915
    20   137   152  2.1076  0.4914
    20   137   153  2.1054  0.4904
    29   138   152  2.1048  0.4906
    27   137   153  2.0978  0.4881
    19   138   153  2.0964  0.4877
    28   137   152  2.0675  0.4796
    29   138   153  2.0667  0.4789
    28   137   153  2.0321  0.4688
    29   137   152  2.0217  0.4661
    24   148   153  2.8447  0.7268
    25   148   153  2.8390  0.7248
    26   148   152  2.8248  0.7206
    23   148   153  2.8222  0.7191
    25   148   152  2.8162  0.7177
    26   148   153  2.8055  0.7134
    27   148   152  2.8041  0.7135
    24   148   152  2.7739  0.7033
    22   148   153  2.7724  0.7021
    28   148   152  2.7624  0.6994
    27   148   153  2.7468  0.6934
    25   148   154  2.7424  0.6913
    26   148   154  2.7309  0.6875
    24   148   154  2.7116  0.6810
    29   148   152  2.7091  0.6814
    23   148   152  2.6985  0.6778
    21   148   153  2.6971  0.6768
    27   148   154  2.6810  0.6708
    28   148   153  2.6676  0.6670
    30   148   152  2.6524  0.6625
    23   148   154  2.6408  0.6575
    28   148   154  2.6016  0.6446
    20   148   153  2.5979  0.6440
    22   148   152  2.5954  0.6437
    24   136   154  2.5947  0.6424
    30   147   152  2.5926  0.6428
    25   136   154  2.5857  0.6394
    23   136   154  2.5747  0.6358
    29   148   153  2.5741  0.6362
    26   136   154  2.5519  0.6284
    22   148   154  2.5373  0.6237
    30   146   152  2.5262  0.6212
    22   136   154  2.5224  0.6189
    29   148   154  2.5038  0.6129
    27   136   154  2.4975  0.6109
    30   142   154  2.4806  0.6055
    30   143   154  2.4781  0.6047
    30   141   154  2.4765  0.6042
    19   148   153  2.4764  0.6047
    21   148   152  2.4730  0.6041
    30   148   153  2.4726  0.6035
    30   144   154  2.4712  0.6025
    30   140   154  2.4631  0.5999
    30   145   152  2.4611  0.6003
    30   145   154  2.4606  0.5991
    30   147   153  2.4537  0.5974
    30   146   154  2.4461  0.5945
    30   139   154  2.4372  0.5917
    21   136   154  2.4352  0.5910
    28   136   154  2.4274  0.5886
    30   147   154  2.4260  0.5881
    30   146   153  2.4239  0.5880
    21   148   154  2.4112  0.5835
    30   144   152  2.4010  0.5813
    30   148   154  2.3978  0.5793
    30   138   154  2.3962  0.5787
    30   145   153  2.3878  0.5766
    18   142   154  2.3719  0.5711
    18   141   154  2.3665  0.5694
    18   146   153  2.3593  0.5677
    18   143   154  2.3555  0.5660
    18   147   153  2.3547  0.5662
    18   145   153  2.3502  0.5648
    30   144   153  2.3485  0.5643
    29   136   154  2.3467  0.5633
    18   143   152  2.3465  0.5642
    30   143   152  2.3462  0.5641
    18   142   152  2.3420  0.5628
    20   148   152  2.3402  0.5622
    30   137   154  2.3378  0.5605
    18   140   154  2.3362  0.5600
    18   148   153  2.3333  0.5596
    18   144   153  2.3293  0.5583
    18   144   152  2.3252  0.5575
    18   144   154  2.3195  0.5548
    20   136   154  2.3109  0.5522
    18   141   152  2.3075  0.5520
    30   143   153  2.3071  0.5515
    18   143   153  2.2977  0.5486
    30   142   152  2.2939  0.5478
    18   145   152  2.2829  0.5445
    18   139   154  2.2781  0.5421
    20   148   154  2.2723  0.5403
    18   145   154  2.2646  0.5379
    30   142   153  2.2627  0.5378
    30   136   154  2.2610  0.5368
    18   142   153  2.2552  0.5355
    30   141   152  2.2407  0.5315
    18   140   152  2.2398  0.5313
    18   146   152  2.2236  0.5263
    30   141   153  2.2125  0.5225
    19   148   152  2.2037  0.5203
    18   141   153  2.2002  0.5188
    18   138   154  2.1910  0.5156
    18   146   154  2.1898  0.5152
    30   140   152  2.1836  0.5142
    30   140   153  2.1529  0.5045
    18   147   152  2.1505  0.5042
    19   136   154  2.1467  0.5023
    18   139   152  2.1383  0.5006
    18   140   153  2.1296  0.4976
    19   148   154  2.1270  0.4964
    30   139   152  2.1202  0.4952
    23   136   153  2.1126  0.4925
    24   136   153  2.1009  0.4890
    22   136   153  2.0995  0.4886
    18   147   154  2.0941  0.4866
    30   139   153  2.0800  0.4829
    18   137   154  2.0761  0.4813
    25   136   153  2.0703  0.4800
    18   148   152  2.0665  0.4793
    23   136   152  2.0616  0.4778
    24   136   152  2.0564  0.4763
    21   136   153  2.0539  0.4752
    30   138   152  2.0488  0.4741
    22   136   152  2.0485  0.4740
    25   136   152  2.0405  0.4716
    18   139   153  2.0392  0.4708
    26   136   153  2.0257  0.4669
    26   136   152  2.0191  0.4654
    21   136   152  2.0092  0.4625
    18   138   152  2.0053  0.4613
    26   149   152  2.8351  0.7242
    27   149   152  2.8293  0.7222
    25   149   153  2.8254  0.7202
    24   149   153  2.8245  0.7198
    25   149   152  2.8091  0.7152
    26   149   153  2.7984  0.7109
    28   149   152  2.7982  0.7115
    23   149   153  2.7961  0.7101
    29   149   152  2.7508  0.6954
    24   149   152  2.7487  0.6947
    27   149   153  2.7451  0.6929
    22   149   153  2.7417  0.6917
    30   149   152  2.6953  0.6768
    28   149   153  2.6695  0.6676
    21   149   153  2.6630  0.6654
    23   149   152  2.6565  0.6639
    26   149   154  2.6488  0.6601
    25   149   154  2.6483  0.6600
    31   149   152  2.6377  0.6576
    27   149   154  2.6116  0.6479
    24   149   154  2.6073  0.6465
    31   148   152  2.5970  0.6443
    29   149   153  2.5775  0.6373
    20   149   153  2.5613  0.6320
    28   149   154  2.5442  0.6259
    31   147   152  2.5404  0.6258
    22   149   152  2.5390  0.6254
    23   149   154  2.5287  0.6209
    31   146   152  2.4770  0.6054
    30   149   153  2.4757  0.6044
    29   149   154  2.4567  0.5979
    24   135   154  2.4502  0.5958
    25   135   154  2.4483  0.5952
    19   149   153  2.4374  0.5923
    23   135   154  2.4254  0.5880
    26   135   154  2.4231  0.5872
    22   149   154  2.4197  0.5861
    31   145   152  2.4138  0.5853
    21   149   152  2.4050  0.5825
    31   142   154  2.3857  0.5754
    31   141   154  2.3836  0.5748
    31   143   154  2.3802  0.5737
    27   135   154  2.3782  0.5731
    31   140   154  2.3712  0.5709
    22   135   154  2.3706  0.5707
    31   149   153  2.3703  0.5711
    31   144   154  2.3694  0.5703
    31   148   153  2.3685  0.5705
    30   149   154  2.3587  0.5670
    31   145   154  2.3549  0.5658
    31   144   152  2.3543  0.5666
    31   147   153  2.3535  0.5659
    31   139   154  2.3459  0.5630
    31   146   154  2.3376  0.5604
    31   146   153  2.3295  0.5584
    28   135   154  2.3172  0.5541
    31   147   154  2.3168  0.5540
    31   138   154  2.3056  0.5505
    31   145   153  2.2998  0.5492
    31   143   152  2.2985  0.5493
    18   149   153  2.2918  0.5467
    31   148   154  2.2909  0.5460
    21   149   154  2.2897  0.5456
    21   135   154  2.2824  0.5434
    31   144   153  2.2664  0.5389
    20   149   152  2.2628  0.5383
    31   149   154  2.2572  0.5357
    31   137   154  2.2490  0.5332
    29   135   154  2.2448  0.5319
    31   142   152  2.2441  0.5326
    31   143   153  2.2295  0.5277
    17   143   152  2.2222  0.5259
    17   142   154  2.2114  0.5217
    17   142   152  2.2107  0.5224
    17   143   154  2.2069  0.5204
    17   144   152  2.2040  0.5204
    17   146   153  2.2028  0.5195
    17   145   153  2.1979  0.5181
    17   147   153  2.1936  0.5168
    17   141   154  2.1897  0.5152
    31   141   152  2.1878  0.5155
    31   142   153  2.1876  0.5150
    17   144   153  2.1800  0.5127
    17   144   154  2.1776  0.5115
    31   136   154  2.1756  0.5109
    17   148   153  2.1683  0.5092
    30   135   154  2.1659  0.5080
    17   141   152  2.1653  0.5087
    17   145   152  2.1609  0.5074
    20   135   154  2.1577  0.5056
    17   143   153  2.1484  0.5032
    20   149   154  2.1470  0.5023
    17   140   154  2.1401  0.5003
    31   141   153  2.1379  0.5000
    31   140   152  2.1271  0.4972
    17   145   154  2.1242  0.4955
    17   149   153  2.1238  0.4958
    19   149   152  2.1182  0.4946
    17   142   153  2.1012  0.4891
    17   146   152  2.0977  0.4885
    31   135   154  2.0853  0.4840
    17   140   152  2.0836  0.4843
    31   140   153  2.0771  0.4820
    17   139   154  2.0613  0.4770
    31   139   152  2.0602  0.4774
    17   146   154  2.0465  0.4726
    17   141   153  2.0355  0.4698
    17   147   152  2.0185  0.4652
    31   139   153  2.0025  0.4601
    27   150   152  2.8246  0.7206
    26   150   152  2.8170  0.7180
    28   150   152  2.8042  0.7136
    25   150   153  2.7840  0.7061
    24   150   153  2.7771  0.7037
    25   150   152  2.7762  0.7040
    26   150   153  2.7635  0.6991
    29   150   152  2.7635  0.6997
    23   150   153  2.7436  0.6924
    27   150   153  2.7164  0.6832
    30   150   152  2.7109  0.6820
    24   150   152  2.7012  0.6788
    22   150   153  2.6853  0.6728
    31   150   152  2.6529  0.6627
    28   150   153  2.6461  0.6598
    21   150   153  2.6038  0.6459
    23   150   152  2.5959  0.6439
    32   150   152  2.5932  0.6430
    32   149   152  2.5806  0.6389
    29   150   153  2.5580  0.6310
    26   150   154  2.5476  0.6270
    32   148   152  2.5444  0.6271
    25   150   154  2.5356  0.6232
    27   150   154  2.5231  0.6191
    20   150   153  2.5001  0.6123
    32   147   152  2.4925  0.6103
    24   150   154  2.4853  0.6070
    28   150   154  2.4687  0.6017
    22   150   152  2.4676  0.6024
    30   150   153  2.4589  0.5991
    32   146   152  2.4330  0.5914
    23   150   154  2.3996  0.5798
    29   150   154  2.3933  0.5778
    19   150   153  2.3745  0.5724
    32   145   152  2.3719  0.5721
    31   150   153  2.3553  0.5664
    21   150   152  2.3248  0.5574
    32   144   152  2.3122  0.5535
    30   150   154  2.3056  0.5505
    32   142   154  2.3008  0.5490
    32   141   154  2.3004  0.5489
    32   143   154  2.2919  0.5463
    25   134   154  2.2904  0.5458
    32   140   154  2.2883  0.5452
    22   150   154  2.2856  0.5444
    24   134   154  2.2851  0.5442
    32   144   154  2.2765  0.5416
    26   134   154  2.2740  0.5408
    32   149   153  2.2654  0.5386
    32   148   153  2.2650  0.5385
    32   139   154  2.2625  0.5373
    32   145   154  2.2571  0.5356
    23   134   154  2.2552  0.5351
    32   143   152  2.2541  0.5356
    32   147   153  2.2538  0.5351
    32   150   153  2.2519  0.5345
    27   134   154  2.2388  0.5300
    32   146   154  2.2354  0.5290
    32   146   153  2.2350  0.5293
    18   150   153  2.2270  0.5269
    32   138   154  2.2217  0.5248
    31   150   154  2.2125  0.5221
    32   147   154  2.2122  0.5220
    32   145   153  2.2110  0.5221
    22   134   154  2.1976  0.5175
    32   142   152  2.1956  0.5178
    28   134   154  2.1877  0.5146
    32   148   154  2.1865  0.5142
    32   144   153  2.1827  0.5135
    20   150   152  2.1754  0.5117
    32   137   154  2.1654  0.5079
    32   149   154  2.1562  0.5051
    21   150   154  2.1516  0.5037
    32   143   153  2.1493  0.5035
    32   141   152  2.1341  0.4993
    29   134   154  2.1244  0.4956
    32   150   154  2.1179  0.4937
    32   142   153  2.1089  0.4914
    21   134   154  2.1087  0.4909
    32   136   154  2.0936  0.4865
    16   143   152  2.0818  0.4838
    16   144   152  2.0702  0.4804
    32   140   152  2.0676  0.4796
    32   141   153  2.0589  0.4766
    16   142   152  2.0579  0.4767
    17   150   153  2.0569  0.4760
    30   134   154  2.0533  0.4746
    16   143   154  2.0386  0.4703
    16   145   152  2.0286  0.4681
    16   142   154  2.0257  0.4665
    19   150   152  2.0244  0.4669
    16   146   153  2.0216  0.4657
    16   145   153  2.0201  0.4653
    16   144   154  2.0197  0.4648
    16   147   153  2.0082  0.4618
    32   135   154  2.0064  0.4609
    20   150   154  2.0048  0.4604
    31   150   155  2.0036  0.4597
    16   144   153  2.0029  0.4603
    27   151   152  2.7834  0.7065
    28   151   152  2.7726  0.7028
    26   151   152  2.7648  0.7002
    29   151   152  2.7394  0.6916
    25   151   153  2.7132  0.6822
    25   151   152  2.7128  0.6826
    24   151   153  2.7008  0.6780
    26   151   153  2.6990  0.6774
    30   151   152  2.6915  0.6755
    23   151   153  2.6631  0.6654
    27   151   153  2.6587  0.6640
    31   151   152  2.6357  0.6570
    24   151   152  2.6278  0.6544
    22   151   153  2.6017  0.6452
    28   151   153  2.5951  0.6431
    32   151   152  2.5760  0.6374
    33   150   152  2.5326  0.6233
    33   149   152  2.5238  0.6204
    21   151   153  2.5179  0.6180
    23   151   152  2.5141  0.6173
    33   151   152  2.5140  0.6173
    29   151   153  2.5133  0.6165
    33   148   152  2.4926  0.6104
    33   147   152  2.4459  0.5955
    26   151   154  2.4283  0.5889
    30   151   153  2.4198  0.5867
    27   151   154  2.4158  0.5849
    20   151   153  2.4126  0.5844
    25   151   154  2.4062  0.5819
    33   146   152  2.3901  0.5778
    22   151   152  2.3793  0.5744
    28   151   154  2.3744  0.5719
    24   151   154  2.3479  0.5636
    33   145   152  2.3304  0.5592
    31   151   153  2.3211  0.5558
    29   151   154  2.3119  0.5525
    19   151   153  2.2856  0.5448
    33   144   152  2.2696  0.5404
    23   151   154  2.2563  0.5354
    30   151   154  2.2363  0.5293
    21   151   152  2.2314  0.5287
    33   141   154  2.2235  0.5254
    32   151   153  2.2221  0.5254
    33   142   154  2.2220  0.5249
    33   140   154  2.2117  0.5218
    33   143   154  2.2096  0.5212
    33   143   152  2.2080  0.5216
    33   144   154  2.1893  0.5151
    33   139   154  2.1851  0.5138
    32   151   156  2.1838  0.5126
    32   150   156  2.1771  0.5106
    33   145   154  2.1645  0.5076
    33   148   153  2.1634  0.5077
    33   149   153  2.1633  0.5076
    33   147   153  2.1546  0.5050
    31   151   154  2.1537  0.5044
    33   150   153  2.1515  0.5041
    33   142   152  2.1443  0.5024
    33   138   154  2.1433  0.5012
    32   149   156  2.1394  0.4993
    33   146   153  2.1394  0.5005
    33   146   154  2.1380  0.4997
    22   151   154  2.1378  0.4996
    18   151   153  2.1368  0.4997
    33   151   153  2.1256  0.4964
    33   145   153  2.1193  0.4945
    25   133   154  2.1162  0.4932
    33   147   154  2.1116  0.4918
    26   133   154  2.1085  0.4909
    24   133   154  2.1037  0.4894
    31   151   156  2.1008  0.4878
    33   144   153  2.0941  0.4870
    31   150   156  2.0891  0.4844
    33   137   154  2.0865  0.4844
    33   148   154  2.0852  0.4840
    27   133   154  2.0828  0.4833
    20   151   152  2.0776  0.4825
    33   141   152  2.0763  0.4822
    23   133   154  2.0686  0.4791
    32   151   154  2.0682  0.4790
    33   143   153  2.0626  0.4777
    33   149   154  2.0572  0.4757
    31   149   156  2.0469  0.4719
    28   133   154  2.0415  0.4711
    33   150   154  2.0240  0.4660
    33   142   153  2.0226  0.4660
    31   151   155  2.0187  0.4641
    33   136   154  2.0154  0.4635
    30   151   155  2.0085  0.4611
    22   133   154  2.0081  0.4614
    32   151   155  2.0076  0.4609
    33   140   152  2.0028  0.4606
    30   151   156  2.0022  0.4589
    21   151   154  2.0000  0.4590
    27   152   152  2.7036  0.6796
    28   152   152  2.7012  0.6788
    26   152   152  2.6768  0.6706
    29   152   152  2.6758  0.6703
    30   152   152  2.6343  0.6565
    25   152   152  2.6177  0.6511
    25   152   153  2.6138  0.6492
    26   152   153  2.6057  0.6465
    24   152   153  2.5966  0.6435
    31   152   152  2.5830  0.6397
    27   152   153  2.5727  0.6357
    23   152   153  2.5553  0.6301
    24   152   152  2.5273  0.6216
    32   152   152  2.5262  0.6212
    28   152   153  2.5172  0.6177
    22   152   153  2.4913  0.6094
    34   150   152  2.4696  0.6030
    33   152   152  2.4657  0.6018
    34   149   152  2.4646  0.6014
    34   151   152  2.4492  0.5965
    29   152   153  2.4437  0.5943
    31   150   157  2.4390  0.5908
    34   148   152  2.4384  0.5931
    30   150   157  2.4375  0.5903
    31   151   157  2.4299  0.5879
    30   151   157  2.4253  0.5864
    30   149   157  2.4243  0.5861
    31   149   157  2.4237  0.5859
    32   150   157  2.4192  0.5845
    29   150   157  2.4132  0.5826
    32   151   157  2.4102  0.5817
    23   152   152  2.4101  0.5841
    21   152   153  2.4057  0.5822
    32   149   157  2.4046  0.5799
    34   152   152  2.4015  0.5814
    34   147   152  2.3961  0.5797
    29   151   157  2.3949  0.5769
    30   148   157  2.3923  0.5761
    31   152   157  2.3907  0.5756
    31   148   157  2.3906  0.5756
    30   152   157  2.3823  0.5730
    33   150   157  2.3803  0.5723
    32   148   157  2.3728  0.5700
    32   152   157  2.3720  0.5697
    33   151   157  2.3689  0.5688
    33   149   157  2.3685  0.5686
    30   152   153  2.3584  0.5674
    29   152   157  2.3452  0.5614
    34   146   152  2.3434  0.5632
    33   148   157  2.3398  0.5597
    33   152   157  2.3289  0.5564
    20   152   153  2.2989  0.5489
    26   152   154  2.2927  0.5465
    27   152   154  2.2909  0.5460
    34   145   152  2.2844  0.5449
    22   152   152  2.2732  0.5415
    31   152   153  2.2673  0.5392
    25   152   154  2.2620  0.5371
    28   152   154  2.2617  0.5370
    33   150   156  2.2499  0.5325
    33   151   156  2.2473  0.5318
    33   149   156  2.2218  0.5240
    34   144   152  2.2217  0.5257
    29   152   154  2.2122  0.5220
    33   152   156  2.2113  0.5208
    24   152   154  2.1973  0.5175
    32   152   153  2.1750  0.5112
    19   152   153  2.1707  0.5099
    33   148   156  2.1684  0.5079
    34   143   152  2.1560  0.5059
    32   152   156  2.1551  0.5040
    30   152   154  2.1495  0.5031
    34   141   154  2.1470  0.5024
    34   142   154  2.1435  0.5013
    34   140   154  2.1358  0.4990
    34   143   154  2.1276  0.4966
    21   152   152  2.1240  0.4963
    34   139   154  2.1088  0.4910
    34   144   154  2.1028  0.4892
    23   152   154  2.1011  0.4887
    34   142   152  2.0864  0.4851
    33   152   153  2.0840  0.4840
    31   152   154  2.0789  0.4821
    32   148   156  2.0778  0.4810
    31   152   156  2.0767  0.4807
    34   145   154  2.0732  0.4804
    34   138   154  2.0662  0.4784
    34   149   153  2.0639  0.4781
    34   148   153  2.0633  0.4779
    34   147   153  2.0550  0.4755
    34   150   153  2.0541  0.4752
    34   146   154  2.0425  0.4714
    34   146   153  2.0409  0.4713
    34   151   153  2.0315  0.4686
    34   145   153  2.0219  0.4658
    18   152   153  2.0209  0.4655
    34   147   154  2.0134  0.4629
    34   141   152  2.0117  0.4632
    31   152   155  2.0099  0.4615
    34   137   154  2.0091  0.4617
    32   152   154  2.0041  0.4602
    28   153   152  2.5932  0.6430
    27   153   152  2.5885  0.6415
    29   153   152  2.5754  0.6372
    26   153   152  2.5561  0.6309
    30   153   152  2.5414  0.6261
    31   153   152  2.4967  0.6117
    25   153   152  2.4935  0.6107
    25   153   153  2.4893  0.6088
    26   153   153  2.4873  0.6082
    24   153   153  2.4677  0.6019
    27   153   153  2.4620  0.6001
    32   153   152  2.4451  0.5952
    23   153   153  2.4233  0.5878
    28   153   153  2.4156  0.5853
    29   149   157  2.4050  0.5801
    24   153   152  2.4017  0.5815
    35   150   152  2.4015  0.5814
    35   149   152  2.3997  0.5808
    33   153   152  2.3886  0.5773
    35   151   152  2.3795  0.5745
    35   148   152  2.3774  0.5738
    29   148   157  2.3770  0.5713
    28   150   157  2.3654  0.5677
    28   149   157  2.3653  0.5677
    22   153   153  2.3571  0.5670
    29   153   153  2.3520  0.5654
    30   147   157  2.3486  0.5625
    31   147   157  2.3467  0.5619
    35   147   152  2.3387  0.5617
    28   151   157  2.3383  0.5593
    29   147   157  2.3363  0.5586
    35   152   152  2.3324  0.5598
    32   147   157  2.3305  0.5569
    34   153   152  2.3275  0.5582
    34   150   157  2.3246  0.5550
    31   153   157  2.3184  0.5531
    34   149   157  2.3172  0.5527
    34   151   157  2.3089  0.5502
    30   153   157  2.3056  0.5492
    34   150   156  2.3026  0.5487
    32   153   157  2.3013  0.5479
    33   147   157  2.3005  0.5476
    34   148   157  2.2927  0.5452
    35   146   152  2.2880  0.5460
    34   151   156  2.2879  0.5442
    34   149   156  2.2878  0.5441
    23   153   152  2.2851  0.5451
    28   152   157  2.2796  0.5412
    30   153   153  2.2767  0.5421
    21   153   153  2.2698  0.5400
    34   152   157  2.2653  0.5368
    29   153   157  2.2618  0.5358
    35   153   152  2.2608  0.5377
    33   153   157  2.2576  0.5345
    34   147   157  2.2572  0.5344
    34   148   156  2.2471  0.5317
    34   152   156  2.2425  0.5303
    35   145   152  2.2290  0.5280
    31   153   153  2.1949  0.5172
    34   153   157  2.1918  0.5146
    28   153   157  2.1881  0.5134
    34   147   156  2.1853  0.5130
    34   153   156  2.1677  0.5077
    35   144   152  2.1641  0.5083
    20   153   153  2.1615  0.5071
    27   153   154  2.1502  0.5033
    22   153   152  2.1498  0.5040
    26   153   154  2.1427  0.5011
    33   153   156  2.1422  0.5001
    28   153   154  2.1322  0.4979
    32   153   153  2.1108  0.4920
    25   153   154  2.1050  0.4898
    33   147   156  2.0967  0.4866
    29   153   154  2.0953  0.4870
    35   143   152  2.0941  0.4874
    32   153   156  2.0907  0.4848
    35   141   154  2.0648  0.4780
    35   142   154  2.0595  0.4764
    35   140   154  2.0543  0.4749
    30   153   154  2.0453  0.4723
    35   143   154  2.0409  0.4710
    24   153   154  2.0356  0.4694
    19   153   153  2.0321  0.4688
    35   139   154  2.0274  0.4670
    33   153   153  2.0264  0.4671
    35   142   152  2.0190  0.4653
    31   153   156  2.0155  0.4628
    35   144   154  2.0128  0.4628
    21   153   152  2.0025  0.4605
    32   147   156  2.0007  0.4585
    28   154   152  2.4563  0.5988
    29   154   152  2.4458  0.5954
    27   154   152  2.4456  0.5954
    30   154   152  2.4197  0.5872
    26   154   152  2.4095  0.5839
    31   154   152  2.3826  0.5755
    26   154   153  2.3499  0.5647
    25   154   152  2.3458  0.5640
    25   154   153  2.3458  0.5635
    28   148   157  2.3444  0.5612
    32   154   152  2.3378  0.5615
    27   154   153  2.3326  0.5593
    35   149   156  2.3310  0.5575
    35   150   156  2.3303  0.5572
    36   149   152  2.3253  0.5576
    36   150   152  2.3250  0.5575
    24   154   153  2.3199  0.5554
    28   147   157  2.3098  0.5505
    36   148   152  2.3058  0.5515
    35   148   156  2.3055  0.5496
    27   149   157  2.3053  0.5491
    36   151   152  2.3023  0.5504
    35   151   156  2.3019  0.5485
    30   146   157  2.3001  0.5475
    31   146   157  2.2982  0.5469
    28   154   153  2.2957  0.5479
    27   150   157  2.2947  0.5458
    27   148   157  2.2946  0.5458
    29   146   157  2.2901  0.5444
    33   154   152  2.2869  0.5457
    32   146   157  2.2837  0.5425
    23   154   153  2.2724  0.5408
    36   147   152  2.2696  0.5404
    28   146   157  2.2688  0.5379
    35   147   156  2.2568  0.5347
    27   151   157  2.2568  0.5342
    33   146   157  2.2563  0.5341
    36   152   152  2.2562  0.5363
    24   154   152  2.2555  0.5360
    35   150   157  2.2541  0.5334
    35   149   157  2.2521  0.5328
    35   152   156  2.2462  0.5314
    29   154   153  2.2427  0.5317
    35   151   157  2.2331  0.5270
    35   148   157  2.2324  0.5268
    34   154   152  2.2303  0.5284
    36   146   152  2.2202  0.5253
    34   146   157  2.2157  0.5218
    31   154   157  2.2126  0.5208
    22   154   153  2.2040  0.5199
    35   147   157  2.2005  0.5172
    32   154   157  2.1981  0.5164
    30   154   157  2.1956  0.5157
    35   146   156  2.1891  0.5141
    27   152   157  2.1879  0.5134
    36   153   152  2.1871  0.5153
    35   152   157  2.1850  0.5125
    30   154   153  2.1781  0.5121
    35   154   152  2.1676  0.5094
    35   153   156  2.1654  0.5070
    35   146   157  2.1611  0.5053
    36   145   152  2.1608  0.5073
    33   154   157  2.1553  0.5036
    29   154   157  2.1460  0.5008
    23   154   152  2.1421  0.5017
    21   154   153  2.1149  0.4932
    35   153   157  2.1088  0.4898
    34   146   156  2.1084  0.4900
    31   154   153  2.1063  0.4906
    36   154   152  2.0975  0.4884
    36   144   152  2.0936  0.4873
    34   154   157  2.0896  0.4841
    27   153   157  2.0879  0.4836
    34   154   156  2.0673  0.4779
    28   154   157  2.0658  0.4771
    35   154   156  2.0634  0.4768
    33   154   156  2.0436  0.4710
    32   154   153  2.0308  0.4684
    36   143   152  2.0198  0.4656
    33   146   156  2.0141  0.4624
    22   154   152  2.0109  0.4630
    35   154   157  2.0067  0.4599
    20   154   153  2.0049  0.4608
    36   149   156  2.3452  0.5619
    36   148   156  2.3358  0.5590
    36   150   156  2.3287  0.5567
    36   147   156  2.3017  0.5484
    28   155   152  2.3006  0.5499
    29   155   152  2.2970  0.5488
    36   151   156  2.2867  0.5438
    27   155   152  2.2849  0.5451
    30   155   152  2.2786  0.5431
    27   147   157  2.2695  0.5381
    30   145   157  2.2523  0.5329
    31   145   157  2.2504  0.5323
    31   155   152  2.2493  0.5341
    26   155   152  2.2462  0.5332
    36   146   156  2.2453  0.5312
    29   145   157  2.2442  0.5304
    37   149   152  2.2385  0.5309
    37   150   152  2.2372  0.5305
    32   145   157  2.2371  0.5283
    27   146   157  2.2370  0.5282
    26   148   157  2.2275  0.5253
    28   145   157  2.2274  0.5253
    26   149   157  2.2255  0.5247
    36   152   156  2.2209  0.5238
    37   148   152  2.2207  0.5254
    26   147   157  2.2149  0.5215
    37   151   152  2.2148  0.5236
    32   155   152  2.2116  0.5227
    33   145   157  2.2114  0.5204
    27   145   157  2.2030  0.5179
    26   150   157  2.2023  0.5177
    26   155   153  2.2008  0.5189
    27   155   153  2.1913  0.5161
    25   155   153  2.1905  0.5158
    37   147   152  2.1860  0.5149
    25   155   152  2.1826  0.5139
    36   149   157  2.1736  0.5091
    34   145   157  2.1720  0.5086
    36   145   156  2.1706  0.5086
    37   152   152  2.1704  0.5102
    36   150   157  2.1702  0.5081
    33   155   152  2.1669  0.5092
    28   155   153  2.1639  0.5078
    24   155   153  2.1600  0.5067
    36   148   157  2.1584  0.5045
    26   151   157  2.1527  0.5029
    36   151   157  2.1437  0.5002
    37   146   152  2.1373  0.5003
    36   153   156  2.1346  0.4978
    36   147   157  2.1295  0.4959
    29   155   153  2.1212  0.4951
    35   145   157  2.1177  0.4924
    34   155   152  2.1155  0.4938
    23   155   153  2.1093  0.4915
    35   145   156  2.1073  0.4897
    37   153   152  2.1044  0.4905
    24   155   152  2.0948  0.4876
    36   146   157  2.0913  0.4846
    36   152   157  2.0912  0.4846
    37   145   152  2.0772  0.4824
    31   155   157  2.0769  0.4804
    26   152   157  2.0740  0.4795
    30   155   153  2.0668  0.4789
    32   155   157  2.0658  0.4771
    35   155   152  2.0571  0.4765
    30   155   157  2.0558  0.4742
    36   145   157  2.0471  0.4717
    22   155   153  2.0383  0.4706
    36   154   156  2.0313  0.4674
    33   155   157  2.0261  0.4655
    34   145   156  2.0223  0.4648
    37   154   152  2.0185  0.4652
    36   153   157  2.0128  0.4617
    37   144   152  2.0080  0.4621
    31   155   153  2.0042  0.4606
    29   155   157  2.0020  0.4585
    37   148   156  2.3313  0.5576
    37   149   156  2.3255  0.5557
    37   147   156  2.3115  0.5514
    37   150   156  2.2944  0.5462
    37   146   156  2.2671  0.5378
    37   151   156  2.2401  0.5296
    30   144   157  2.2091  0.5198
    31   144   157  2.2069  0.5191
    29   144   157  2.2027  0.5178
    37   145   156  2.2010  0.5177
    26   146   157  2.1942  0.5153
    32   144   157  2.1939  0.5152
    28   144   157  2.1897  0.5139
    27   144   157  2.1716  0.5085
    26   145   157  2.1708  0.5083
    33   144   157  2.1684  0.5075
    37   152   156  2.1658  0.5072
    26   144   157  2.1485  0.5016
    25   147   157  2.1455  0.5007
    25   148   157  2.1432  0.5000
    25   146   157  2.1393  0.4988
    29   156   152  2.1390  0.5008
    38   149   152  2.1375  0.5003
    28   156   152  2.1365  0.5000
    38   150   152  2.1362  0.5000
    34   144   157  2.1285  0.4956
    30   156   152  2.1276  0.4974
    25   149   157  2.1268  0.4951
    38   148   152  2.1203  0.4952
    37   144   156  2.1172  0.4927
    27   156   152  2.1163  0.4940
    38   151   152  2.1150  0.4936
    31   156   152  2.1054  0.4908
    25   150   157  2.0904  0.4844
    38   147   152  2.0864  0.4851
    36   144   156  2.0822  0.4823
    37   149   157  2.0812  0.4816
    26   156   152  2.0753  0.4819
    37   153   156  2.0751  0.4802
    32   156   152  2.0743  0.4816
    37   150   157  2.0732  0.4793
    38   152   152  2.0731  0.4812
    35   144   157  2.0727  0.4791
    37   148   157  2.0696  0.4782
    26   156   153  2.0469  0.4731
    27   156   153  2.0449  0.4725
    37   147   157  2.0427  0.4704
    37   151   157  2.0421  0.4702
    38   146   152  2.0379  0.4709
    33   156   152  2.0354  0.4701
    25   156   153  2.0305  0.4683
    25   151   157  2.0297  0.4666
    28   156   153  2.0259  0.4670
    35   144   156  2.0165  0.4631
    25   156   152  2.0119  0.4633
    38   153   152  2.0107  0.4629
    37   146   157  2.0045  0.4593
    38   148   156  2.2877  0.5441
    38   147   156  2.2805  0.5419
    38   149   156  2.2688  0.5383
    38   146   156  2.2472  0.5317
    38   150   156  2.2258  0.5252
    38   145   156  2.1897  0.5143
    30   143   157  2.1721  0.5087
    31   143   157  2.1690  0.5077
    29   143   157  2.1674  0.5072
    38   151   156  2.1619  0.5060
    28   143   157  2.1576  0.5043
    32   143   157  2.1553  0.5036
    27   143   157  2.1446  0.5004
    25   145   157  2.1293  0.4959
    26   143   157  2.1288  0.4957
    33   143   157  2.1286  0.4957
    25   144   157  2.1187  0.4927
    38   144   156  2.1119  0.4911
    25   143   157  2.1088  0.4898
    34   143   157  2.0865  0.4832
    38   152   156  2.0814  0.4821
    24   145   157  2.0753  0.4799
    24   146   157  2.0698  0.4783
    24   147   157  2.0598  0.4754
    24   148   157  2.0416  0.4700
    35   143   157  2.0274  0.4659
    39   149   152  2.0217  0.4661
    39   150   152  2.0213  0.4660
    37   143   156  2.0208  0.4643
    38   143   156  2.0188  0.4638
    24   149   157  2.0104  0.4610
    39   148   152  2.0044  0.4611
    39   151   152  2.0020  0.4604
    39   147   156  2.2065  0.5194
    39   148   156  2.2038  0.5186
    39   146   156  2.1823  0.5121
    39   149   156  2.1752  0.5100
    30   142   157  2.1408  0.4993
    29   142   157  2.1378  0.4984
    31   142   157  2.1362  0.4979
    39   145   156  2.1326  0.4972
    28   142   157  2.1306  0.4963
    39   150   156  2.1237  0.4946
    27   142   157  2.1214  0.4935
    32   142   157  2.1209  0.4934
    26   142   157  2.1113  0.4905
    25   142   157  2.0989  0.4869
    33   142   157  2.0917  0.4848
    24   143   157  2.0807  0.4815
    24   142   157  2.0801  0.4813
    24   144   157  2.0788  0.4809
    39   144   156  2.0610  0.4761
    39   151   156  2.0538  0.4740
    34   142   157  2.0462  0.4714
    23   144   157  2.0233  0.4647
    23   145   157  2.0047  0.4593
    30   141   157  2.1126  0.4909
    29   141   157  2.1113  0.4905
    31   141   157  2.1063  0.4891
    28   141   157  2.1061  0.4890
    27   141   157  2.0998  0.4871
    26   141   157  2.0936  0.4853
    40   147   156  2.0916  0.4851
    32   141   157  2.0888  0.4839
    25   141   157  2.0863  0.4831
    40   148   156  2.0823  0.4824
    24   141   157  2.0740  0.4795
    40   146   156  2.0739  0.4799
    33   141   157  2.0566  0.4744
    23   141   157  2.0502  0.4726
    23   142   157  2.0486  0.4721
    40   149   156  2.0478  0.4722
    23   143   157  2.0385  0.4691
    40   145   156  2.0305  0.4672
    34   141   157  2.0072  0.4600
    29   140   157  2.0840  0.4825
    30   140   157  2.0839  0.4824
    28   140   157  2.0803  0.4814
    31   140   157  2.0760  0.4801
    27   140   157  2.0757  0.4800
    26   140   157  2.0716  0.4788
    25   140   157  2.0671  0.4775
    24   140   157  2.0584  0.4750
    32   140   157  2.0562  0.4743
    23   140   157  2.0389  0.4693
    33   140   157  2.0212  0.4641
    22   141   157  2.0063  0.4598
    22   140   157  2.0000  0.4580
    29   139   157  2.0518  0.4730
    30   139   157  2.0507  0.4727
    28   139   157  2.0487  0.4721
    27   139   157  2.0446  0.4709
    31   139   157  2.0416  0.4700
    26   139   157  2.0410  0.4699
    25   139   157  2.0368  0.4687
    24   139   157  2.0286  0.4663
    32   139   157  2.0203  0.4638
    23   139   157  2.0101  0.4609
    29   138   157  2.0104  0.4610
    30   138   157  2.0093  0.4607
    28   138   157  2.0071  0.4600
    27   138   157  2.0022  0.4586
