#   X     Y     Z      S       D
   446   316   317  2.5857  0.7634
   446   315   317  2.5798  0.7610
   445   316   317  2.5797  0.7610
   445   315   317  2.5779  0.7602
   446   317   317  2.5757  0.7593
   445   317   317  2.5651  0.7551
   447   316   317  2.5539  0.7505
   447   317   317  2.5483  0.7483
   447   315   317  2.5447  0.7468
   447   317   318  2.4280  0.7024
   446   317   318  2.4059  0.6938
   447   316   318  2.3962  0.6900
   446   316   318  2.3783  0.6830
   445   317   318  2.3645  0.6777
   447   315   318  2.3519  0.6728
   445   316   318  2.3414  0.6687
   446   315   318  2.3394  0.6680
   447   317   316  2.3184  0.6565
   445   315   318  2.3083  0.6561
   446   317   316  2.3031  0.6507
   445   317   316  2.2717  0.6389
   447   316   316  2.2654  0.6365
   446   316   316  2.2571  0.6333
   445   316   316  2.2321  0.6240
   446   315   316  2.1952  0.6103
   447   315   316  2.1943  0.6100
   445   315   316  2.1789  0.6043
   446   317   319  2.5831  0.7664
   446   318   319  2.5801  0.7652
   445   317   319  2.5768  0.7638
   445   318   319  2.5731  0.7623
   446   316   319  2.5702  0.7612
   445   316   319  2.5653  0.7592
   447   317   319  2.5619  0.7578
   445   314   317  2.5609  0.7534
   446   314   317  2.5594  0.7527
   447   318   319  2.5592  0.7567
   444   317   319  2.5511  0.7534
   446   318   317  2.5486  0.7484
   447   316   319  2.5485  0.7524
   444   315   317  2.5475  0.7480
   444   318   319  2.5457  0.7512
   444   316   317  2.5437  0.7464
   444   316   319  2.5425  0.7499
   446   315   319  2.5416  0.7496
   445   315   319  2.5393  0.7486
   444   314   317  2.5357  0.7432
   445   318   317  2.5328  0.7421
   447   318   317  2.5269  0.7397
   444   317   317  2.5234  0.7383
   447   314   317  2.5222  0.7378
   444   315   319  2.5207  0.7411
   447   315   319  2.5187  0.7403
   448   318   315  2.5146  0.7309
   448   317   319  2.5055  0.7350
   448   318   319  2.5036  0.7343
   445   314   319  2.4993  0.7326
   446   314   319  2.4976  0.7318
   448   317   315  2.4938  0.7227
   448   316   319  2.4913  0.7293
   444   314   319  2.4868  0.7275
   444   318   317  2.4854  0.7232
   448   316   317  2.4801  0.7211
   448   317   317  2.4798  0.7209
   447   314   319  2.4723  0.7217
   448   315   317  2.4676  0.7161
   448   318   317  2.4657  0.7154
   447   318   315  2.4639  0.7109
   448   315   319  2.4607  0.7172
   447   317   315  2.4546  0.7073
   448   316   315  2.4510  0.7059
   447   318   318  2.4470  0.7099
   448   318   318  2.4449  0.7090
   448   314   317  2.4436  0.7067
   447   316   315  2.4254  0.6959
   448   317   318  2.4223  0.7002
   446   318   318  2.4216  0.6999
   448   314   319  2.4129  0.6983
   446   317   315  2.3969  0.6849
   446   318   315  2.3953  0.6842
   448   315   315  2.3903  0.6823
   448   316   318  2.3867  0.6862
   446   316   315  2.3808  0.6787
   447   315   315  2.3792  0.6780
   445   318   318  2.3767  0.6824
   446   315   315  2.3488  0.6664
   447   318   316  2.3469  0.6674
   448   318   316  2.3389  0.6643
   448   315   318  2.3376  0.6673
   446   318   316  2.3278  0.6601
   445   317   315  2.3259  0.6577
   445   316   315  2.3219  0.6562
   447   314   315  2.3204  0.6556
   444   318   318  2.3193  0.6602
   448   314   315  2.3175  0.6545
   445   318   315  2.3143  0.6533
   444   317   318  2.3112  0.6572
   448   317   316  2.3060  0.6518
   446   314   315  2.3038  0.6493
   445   315   315  2.3033  0.6491
   447   314   318  2.2947  0.6509
   445   318   316  2.2932  0.6470
   444   316   318  2.2929  0.6502
   446   314   318  2.2891  0.6487
   448   314   318  2.2749  0.6434
   445   314   315  2.2717  0.6372
   444   315   318  2.2662  0.6400
   445   314   318  2.2657  0.6399
   444   316   315  2.2529  0.6302
   444   318   316  2.2514  0.6312
   444   315   315  2.2463  0.6277
   444   317   315  2.2462  0.6277
   448   316   316  2.2457  0.6291
   444   317   316  2.2329  0.6243
   444   314   318  2.2315  0.6270
   444   314   315  2.2271  0.6206
   444   318   315  2.2262  0.6202
   444   316   316  2.1988  0.6116
   448   315   316  2.1653  0.5993
   444   315   316  2.1532  0.5949
   446   314   316  2.1229  0.5838
   445   314   316  2.1164  0.5814
   447   314   316  2.1117  0.5798
   444   314   316  2.0998  0.5754
   448   314   316  2.0727  0.5657
   446   319   319  2.5616  0.7577
   445   319   319  2.5544  0.7547
   445   316   320  2.5481  0.7542
   444   315   320  2.5479  0.7541
   449   319   315  2.5475  0.7440
   444   316   320  2.5461  0.7534
   445   315   320  2.5458  0.7532
   449   318   315  2.5415  0.7416
   443   315   320  2.5413  0.7514
   447   319   319  2.5408  0.7492
   446   316   320  2.5404  0.7511
   445   317   320  2.5359  0.7492
   443   316   320  2.5358  0.7492
   444   314   320  2.5352  0.7490
   446   315   320  2.5340  0.7485
   446   317   320  2.5328  0.7480
   443   314   320  2.5322  0.7477
   445   314   320  2.5295  0.7466
   445   313   317  2.5295  0.7407
   444   317   320  2.5295  0.7466
   444   319   319  2.5260  0.7433
   446   313   317  2.5255  0.7391
   447   316   320  2.5190  0.7424
   447   317   320  2.5155  0.7410
   443   317   320  2.5149  0.7408
   446   314   320  2.5144  0.7405
   443   317   319  2.5133  0.7381
   448   319   315  2.5111  0.7295
   446   318   320  2.5105  0.7390
   443   313   320  2.5101  0.7388
   444   313   320  2.5096  0.7386
   447   315   320  2.5092  0.7384
   445   318   320  2.5090  0.7384
   449   317   315  2.5088  0.7286
   443   316   319  2.5088  0.7364
   444   313   317  2.5085  0.7323
   443   318   319  2.5050  0.7348
   446   319   317  2.5038  0.7305
   445   313   320  2.5005  0.7350
   443   315   317  2.4984  0.7283
   444   318   320  2.4979  0.7339
   447   318   320  2.4978  0.7339
   443   314   317  2.4935  0.7264
   443   315   319  2.4929  0.7300
   447   319   317  2.4894  0.7248
   447   313   317  2.4875  0.7240
   447   314   320  2.4872  0.7296
   443   316   317  2.4871  0.7239
   448   319   319  2.4863  0.7274
   443   319   319  2.4835  0.7262
   446   313   320  2.4829  0.7279
   445   319   317  2.4822  0.7219
   443   318   320  2.4788  0.7263
   448   316   320  2.4776  0.7258
   448   317   320  2.4772  0.7256
   446   319   320  2.4736  0.7242
   443   313   317  2.4723  0.7180
   445   319   320  2.4676  0.7218
   443   314   319  2.4666  0.7195
   448   315   320  2.4658  0.7211
   447   319   320  2.4653  0.7209
   448   318   320  2.4636  0.7202
   443   317   317  2.4594  0.7129
   448   319   318  2.4545  0.7128
   447   313   320  2.4543  0.7165
   447   319   318  2.4530  0.7122
   449   316   315  2.4522  0.7063
   444   319   320  2.4519  0.7156
   447   319   315  2.4518  0.7062
   445   313   319  2.4461  0.7114
   448   314   320  2.4430  0.7120
   444   313   319  2.4415  0.7096
   446   313   319  2.4383  0.7083
   448   319   317  2.4377  0.7043
   448   319   320  2.4357  0.7091
   443   313   319  2.4306  0.7053
   444   319   317  2.4291  0.7010
   443   319   320  2.4281  0.7061
   446   319   318  2.4244  0.7010
   449   319   318  2.4207  0.6995
   443   318   317  2.4144  0.6952
   448   313   320  2.4106  0.6992
   449   317   320  2.4102  0.6990
   448   313   317  2.4093  0.6933
   449   316   320  2.4090  0.6986
   447   313   319  2.4088  0.6967
   449   318   319  2.4076  0.6962
   449   318   318  2.4069  0.6941
   449   317   319  2.4066  0.6958
   449   318   320  2.3995  0.6949
   449   315   320  2.3973  0.6940
   449   319   319  2.3936  0.6907
   449   316   319  2.3902  0.6894
   449   317   318  2.3805  0.6839
   449   315   315  2.3771  0.6772
   445   319   318  2.3762  0.6822
   449   319   320  2.3762  0.6857
   449   314   320  2.3762  0.6857
   446   319   315  2.3753  0.6765
   449   317   317  2.3706  0.6782
   449   318   317  2.3659  0.6764
   449   316   317  2.3643  0.6758
   449   315   319  2.3581  0.6769
   444   313   314  2.3522  0.6660
   443   319   317  2.3518  0.6710
   443   313   314  2.3510  0.6655
   449   319   317  2.3497  0.6702
   449   315   317  2.3480  0.6695
   448   313   319  2.3469  0.6726
   449   313   320  2.3464  0.6741
   447   319   316  2.3460  0.6670
   449   316   318  2.3412  0.6686
   448   319   316  2.3389  0.6643
   445   313   314  2.3332  0.6588
   446   319   316  2.3268  0.6597
   449   314   317  2.3227  0.6599
   444   314   314  2.3191  0.6534
   444   319   318  2.3150  0.6586
   443   314   314  2.3107  0.6502
   445   314   314  2.3095  0.6498
   449   314   319  2.3092  0.6581
   449   319   316  2.2933  0.6470
   445   319   316  2.2924  0.6467
   449   318   316  2.2914  0.6463
   449   314   315  2.2906  0.6443
   449   313   317  2.2893  0.6472
   446   313   314  2.2893  0.6422
   449   315   318  2.2885  0.6485
   445   319   315  2.2873  0.6431
   444   315   314  2.2872  0.6414
   445   315   314  2.2864  0.6411
   446   314   314  2.2770  0.6376
   443   315   314  2.2724  0.6358
   445   316   314  2.2663  0.6336
   446   315   314  2.2654  0.6332
   444   316   314  2.2586  0.6307
   446   316   314  2.2563  0.6298
   443   318   318  2.2550  0.6358
   447   313   315  2.2540  0.6306
   449   317   316  2.2536  0.6321
   443   317   318  2.2519  0.6346
   444   319   316  2.2506  0.6309
   446   313   315  2.2497  0.6290
   446   317   314  2.2497  0.6274
   445   317   314  2.2491  0.6271
   443   319   318  2.2463  0.6325
   446   318   314  2.2440  0.6253
   449   313   319  2.2417  0.6324
   447   319   314  2.2401  0.6238
   443   316   318  2.2392  0.6299
   448   313   315  2.2391  0.6250
   443   316   314  2.2379  0.6230
   446   319   314  2.2368  0.6226
   447   318   314  2.2361  0.6223
   444   317   314  2.2331  0.6212
   445   318   314  2.2331  0.6212
   445   313   315  2.2298  0.6216
   447   317   314  2.2297  0.6200
   446   313   318  2.2269  0.6253
   447   313   318  2.2242  0.6243
   447   316   314  2.2236  0.6177
   449   314   318  2.2222  0.6235
   447   315   314  2.2194  0.6161
   443   315   318  2.2191  0.6223
   448   319   314  2.2191  0.6160
   447   314   314  2.2175  0.6154
   447   313   314  2.2165  0.6151
   445   319   314  2.2158  0.6148
   445   313   318  2.2128  0.6200
   444   318   314  2.2090  0.6123
   443   317   314  2.2068  0.6115
   443   318   316  2.2065  0.6145
   443   319   316  2.2052  0.6140
   448   318   314  2.2030  0.6101
   449   313   315  2.2004  0.6107
   448   313   318  2.1983  0.6146
   444   313   315  2.1970  0.6094
   444   319   315  2.1931  0.6080
   443   314   318  2.1924  0.6124
   443   317   316  2.1908  0.6087
   444   313   318  2.1882  0.6108
   449   316   316  2.1860  0.6069
   448   317   314  2.1835  0.6029
   444   319   314  2.1835  0.6029
   443   315   315  2.1808  0.6035
   443   316   315  2.1773  0.6022
   443   318   314  2.1768  0.6005
   443   314   315  2.1724  0.6004
   449   319   314  2.1669  0.5969
   448   316   314  2.1633  0.5955
   443   317   315  2.1620  0.5966
   443   316   316  2.1616  0.5979
   443   313   318  2.1583  0.5997
   443   313   315  2.1531  0.5933
   443   319   314  2.1451  0.5889
   448   315   314  2.1441  0.5886
   449   313   318  2.1421  0.5938
   449   318   314  2.1384  0.5865
   443   318   315  2.1353  0.5868
   448   314   314  2.1271  0.5824
   443   315   316  2.1225  0.5837
   448   313   314  2.1116  0.5768
   449   317   314  2.1052  0.5745
   443   319   315  2.0976  0.5732
   449   315   316  2.0968  0.5744
   443   314   316  2.0770  0.5672
   449   316   314  2.0700  0.5619
   445   313   316  2.0479  0.5568
   446   313   316  2.0440  0.5554
   444   313   316  2.0411  0.5543
   449   315   314  2.0350  0.5494
   443   313   316  2.0271  0.5493
   447   313   316  2.0226  0.5477
   449   314   314  2.0021  0.5378
   450   319   315  2.5545  0.7468
   450   320   315  2.5410  0.7414
   450   318   315  2.5385  0.7404
   446   320   319  2.5288  0.7444
   449   320   315  2.5263  0.7356
   442   315   320  2.5245  0.7446
   445   320   319  2.5217  0.7415
   442   314   320  2.5188  0.7423
   442   316   320  2.5157  0.7411
   447   320   319  2.5081  0.7361
   442   313   320  2.5006  0.7350
   450   317   315  2.4935  0.7226
   444   320   319  2.4929  0.7300
   442   317   320  2.4912  0.7312
   448   320   315  2.4834  0.7186
   445   312   317  2.4834  0.7224
   446   312   317  2.4784  0.7204
   443   312   320  2.4778  0.7258
   444   312   320  2.4732  0.7240
   442   312   320  2.4729  0.7239
   442   316   319  2.4694  0.7206
   442   317   319  2.4688  0.7204
   444   312   317  2.4653  0.7152
   445   312   320  2.4611  0.7192
   442   315   319  2.4602  0.7169
   442   318   319  2.4571  0.7157
   448   320   319  2.4547  0.7148
   448   320   318  2.4511  0.7115
   442   318   320  2.4507  0.7150
   443   320   319  2.4493  0.7126
   447   320   318  2.4457  0.7093
   442   314   317  2.4429  0.7064
   446   320   317  2.4423  0.7062
   442   314   319  2.4423  0.7099
   446   312   320  2.4414  0.7114
   447   312   317  2.4411  0.7057
   442   315   317  2.4394  0.7050
   447   320   317  2.4368  0.7040
   443   312   317  2.4339  0.7029
   442   319   319  2.4333  0.7063
   442   313   317  2.4291  0.7010
   450   316   315  2.4231  0.6950
   446   320   320  2.4229  0.7041
   449   320   318  2.4218  0.7000
   442   316   317  2.4190  0.6970
   447   320   320  2.4188  0.7024
   447   320   315  2.4185  0.6932
   442   313   319  2.4162  0.6996
   445   320   317  2.4139  0.6950
   446   320   318  2.4134  0.6967
   445   320   320  2.4130  0.7002
   447   312   320  2.4122  0.6998
   442   320   319  2.3976  0.6923
   442   312   317  2.3969  0.6884
   448   320   317  2.3963  0.6882
   442   319   320  2.3948  0.6930
   448   320   320  2.3940  0.6927
   444   320   320  2.3930  0.6923
   443   312   314  2.3885  0.6799
   444   312   319  2.3850  0.6874
   443   312   319  2.3847  0.6873
   442   317   317  2.3821  0.6827
   444   312   314  2.3819  0.6773
   442   312   319  2.3812  0.6859
   445   312   319  2.3800  0.6854
   442   312   314  2.3783  0.6759
   448   312   320  2.3698  0.6832
   448   312   317  2.3651  0.6761
   449   320   319  2.3650  0.6796
   443   320   320  2.3642  0.6810
   446   312   319  2.3640  0.6792
   445   320   318  2.3617  0.6766
   444   320   317  2.3551  0.6723
   445   312   314  2.3532  0.6664
   450   320   318  2.3496  0.6719
   450   319   318  2.3437  0.6696
   449   320   320  2.3401  0.6717
   446   320   315  2.3372  0.6619
   442   313   314  2.3345  0.6593
   450   315   315  2.3337  0.6606
   442   318   317  2.3286  0.6621
   447   312   319  2.3282  0.6654
   450   318   318  2.3252  0.6625
   442   320   320  2.3252  0.6660
   449   320   317  2.3219  0.6595
   447   320   316  2.3139  0.6548
   449   312   320  2.3089  0.6597
   450   317   320  2.3065  0.6587
   450   316   320  2.3061  0.6586
   448   320   316  2.3043  0.6512
   446   320   316  2.2983  0.6489
   446   312   314  2.2981  0.6455
   450   318   320  2.2974  0.6552
   450   315   320  2.2971  0.6551
   444   320   318  2.2967  0.6516
   450   317   318  2.2946  0.6508
   442   314   314  2.2892  0.6421
   450   314   320  2.2800  0.6486
   450   319   320  2.2780  0.6478
   448   317   313  2.2754  0.6353
   443   320   317  2.2725  0.6408
   448   316   313  2.2711  0.6337
   445   320   316  2.2676  0.6373
   450   318   319  2.2668  0.6419
   449   317   313  2.2624  0.6305
   448   312   319  2.2618  0.6400
   447   317   313  2.2615  0.6302
   448   318   313  2.2606  0.6298
   450   317   319  2.2597  0.6392
   447   316   313  2.2593  0.6293
   450   319   319  2.2591  0.6390
   442   319   317  2.2588  0.6356
   449   320   316  2.2578  0.6336
   449   316   313  2.2563  0.6282
   450   313   320  2.2552  0.6392
   450   316   318  2.2519  0.6346
   449   312   317  2.2482  0.6316
   450   320   320  2.2481  0.6365
   449   318   313  2.2478  0.6251
   447   318   313  2.2471  0.6248
   442   315   314  2.2468  0.6263
   445   320   315  2.2450  0.6272
   448   315   313  2.2448  0.6239
   447   320   314  2.2389  0.6234
   450   316   319  2.2385  0.6312
   447   315   313  2.2379  0.6214
   450   320   319  2.2365  0.6305
   450   314   315  2.2337  0.6230
   448   319   313  2.2313  0.6190
   446   316   313  2.2305  0.6187
   450   318   317  2.2304  0.6250
   446   317   313  2.2302  0.6185
   448   320   314  2.2291  0.6197
   444   320   316  2.2287  0.6227
   450   319   317  2.2276  0.6239
   449   315   313  2.2264  0.6172
   446   320   314  2.2248  0.6182
   450   317   317  2.2240  0.6226
   443   320   318  2.2237  0.6240
   450   312   320  2.2228  0.6269
   447   319   313  2.2199  0.6147
   449   319   313  2.2177  0.6139
   446   318   313  2.2161  0.6133
   446   315   313  2.2150  0.6130
   450   320   317  2.2145  0.6190
   447   312   314  2.2131  0.6138
   450   317   313  2.2111  0.6115
   450   316   317  2.2100  0.6174
   442   316   314  2.2087  0.6122
   450   316   313  2.2034  0.6087
   450   315   319  2.2031  0.6179
   450   318   313  2.1981  0.6068
   450   319   316  2.1981  0.6114
   450   315   318  2.1969  0.6141
   447   314   313  2.1966  0.6062
   448   314   313  2.1956  0.6058
   445   320   314  2.1941  0.6068
   450   318   316  2.1932  0.6096
   448   320   313  2.1922  0.6046
   445   316   313  2.1918  0.6044
   446   319   313  2.1911  0.6042
   442   317   318  2.1908  0.6118
   446   312   315  2.1903  0.6070
   450   315   317  2.1891  0.6096
   445   317   313  2.1885  0.6032
   442   318   318  2.1881  0.6108
   449   320   314  2.1880  0.6046
   443   320   316  2.1849  0.6065
   447   312   315  2.1848  0.6049
   442   316   318  2.1847  0.6095
   447   320   313  2.1836  0.6014
   446   314   313  2.1828  0.6012
   445   315   313  2.1825  0.6010
   445   312   315  2.1806  0.6034
   449   320   313  2.1772  0.5991
   442   320   317  2.1743  0.6041
   445   318   313  2.1742  0.5980
   442   317   314  2.1741  0.5995
   442   319   318  2.1739  0.6055
   449   314   313  2.1720  0.5972
   442   315   318  2.1717  0.6047
   450   315   313  2.1717  0.5971
   450   319   313  2.1693  0.5962
   450   320   316  2.1637  0.5987
   450   314   317  2.1624  0.5997
   448   312   315  2.1606  0.5961
   445   314   313  2.1599  0.5928
   442   318   316  2.1592  0.5971
   446   320   313  2.1580  0.5921
   444   312   315  2.1579  0.5951
   442   319   316  2.1566  0.5961
   449   312   319  2.1540  0.5997
   444   320   314  2.1535  0.5920
   442   314   318  2.1529  0.5978
   450   314   319  2.1523  0.5991
   448   317   321  2.1519  0.6019
   446   312   318  2.1518  0.5973
   445   319   313  2.1509  0.5895
   448   316   321  2.1508  0.6015
   450   317   316  2.1505  0.5939
   447   317   321  2.1481  0.6005
   445   312   318  2.1481  0.5960
   444   316   313  2.1476  0.5883
   444   320   315  2.1473  0.5912
   442   320   318  2.1467  0.5955
   442   317   316  2.1463  0.5923
   447   316   321  2.1451  0.5994
   444   315   313  2.1444  0.5872
   444   317   313  2.1411  0.5860
   442   318   314  2.1404  0.5872
   447   312   318  2.1401  0.5930
   448   318   321  2.1370  0.5964
   447   313   313  2.1368  0.5844
   442   320   316  2.1366  0.5888
   447   318   321  2.1352  0.5957
   446   313   313  2.1350  0.5838
   444   312   318  2.1342  0.5909
   448   315   321  2.1341  0.5953
   449   316   321  2.1331  0.5950
   450   313   315  2.1317  0.5855
   449   317   321  2.1317  0.5944
   444   314   313  2.1311  0.5824
   450   313   317  2.1302  0.5879
   450   320   313  2.1301  0.5820
   450   314   318  2.1293  0.5891
   442   313   318  2.1275  0.5884
   447   315   321  2.1272  0.5928
   444   318   313  2.1260  0.5805
   446   317   321  2.1257  0.5922
   448   313   313  2.1257  0.5804
   445   313   313  2.1245  0.5800
   443   312   315  2.1240  0.5827
   446   316   321  2.1221  0.5909
   442   316   316  2.1212  0.5832
   445   320   313  2.1200  0.5784
   449   315   321  2.1184  0.5895
   450   314   313  2.1150  0.5766
   443   312   318  2.1145  0.5837
   449   318   321  2.1145  0.5881
   446   318   321  2.1137  0.5878
   449   312   315  2.1128  0.5787
   442   314   315  2.1097  0.5776
   442   315   315  2.1090  0.5773
   443   320   314  2.1087  0.5757
   450   320   314  2.1081  0.5755
   444   313   313  2.1076  0.5739
   448   312   318  2.1075  0.5811
   448   319   321  2.1062  0.5850
   447   319   321  2.1061  0.5850
   442   319   314  2.1047  0.5743
   446   315   321  2.1042  0.5843
   444   319   313  2.1032  0.5723
   443   315   313  2.1029  0.5722
   448   314   321  2.1025  0.5837
   443   316   313  2.1001  0.5712
   442   313   315  2.0999  0.5740
   443   314   313  2.0982  0.5705
   442   316   315  2.0977  0.5732
   447   314   321  2.0957  0.5812
   448   312   314  2.0954  0.5710
   449   313   313  2.0950  0.5694
   442   312   318  2.0933  0.5760
   450   312   317  2.0926  0.5743
   443   317   313  2.0903  0.5677
   445   317   321  2.0884  0.5785
   442   315   316  2.0875  0.5710
   449   314   321  2.0875  0.5782
   445   316   321  2.0860  0.5776
   443   313   313  2.0859  0.5661
   446   319   321  2.0855  0.5774
   450   316   321  2.0847  0.5771
   450   313   319  2.0839  0.5740
   449   319   321  2.0821  0.5762
   450   317   321  2.0807  0.5757
   442   312   315  2.0802  0.5669
   445   312   313  2.0782  0.5634
   450   319   314  2.0764  0.5642
   442   317   315  2.0762  0.5655
   450   316   316  2.0761  0.5669
   445   318   321  2.0755  0.5738
   444   312   313  2.0751  0.5623
   446   312   313  2.0744  0.5620
   446   314   321  2.0738  0.5732
   443   318   313  2.0737  0.5618
   444   320   313  2.0732  0.5616
   450   315   321  2.0724  0.5727
   445   315   321  2.0698  0.5717
   443   312   313  2.0663  0.5591
   442   320   314  2.0640  0.5597
   442   314   313  2.0628  0.5579
   447   312   313  2.0624  0.5578
   447   320   321  2.0617  0.5687
   450   318   321  2.0615  0.5687
   442   313   313  2.0608  0.5572
   448   320   321  2.0606  0.5684
   442   315   313  2.0593  0.5567
   448   313   321  2.0571  0.5671
   442   312   313  2.0530  0.5544
   447   313   321  2.0523  0.5653
   442   316   313  2.0508  0.5536
   443   319   313  2.0504  0.5535
   443   320   315  2.0491  0.5558
   450   313   318  2.0488  0.5599
   442   314   316  2.0485  0.5570
   449   312   318  2.0480  0.5596
   445   319   321  2.0468  0.5633
   442   318   315  2.0450  0.5543
   450   314   321  2.0430  0.5619
   445   314   321  2.0420  0.5616
   446   320   321  2.0419  0.5616
   449   313   321  2.0409  0.5612
   444   316   321  2.0399  0.5608
   448   312   313  2.0394  0.5496
   444   317   321  2.0388  0.5604
   442   317   313  2.0374  0.5489
   449   320   321  2.0358  0.5594
   450   318   314  2.0357  0.5497
   450   313   313  2.0355  0.5482
   450   312   315  2.0349  0.5508
   446   313   321  2.0332  0.5584
   450   319   321  2.0283  0.5566
   444   315   321  2.0276  0.5564
   444   318   321  2.0229  0.5547
   443   320   313  2.0195  0.5426
   442   318   313  2.0186  0.5423
   442   313   316  2.0060  0.5419
   445   313   321  2.0052  0.5483
   442   319   315  2.0043  0.5399
   444   314   321  2.0043  0.5480
   445   320   321  2.0033  0.5476
   449   312   313  2.0004  0.5359
   451   319   315  2.5249  0.7350
   451   320   315  2.5198  0.7330
   450   321   315  2.4996  0.7250
   451   318   315  2.4984  0.7245
   441   315   320  2.4948  0.7327
   441   314   320  2.4924  0.7317
   451   321   315  2.4847  0.7191
   446   321   319  2.4838  0.7264
   441   316   320  2.4829  0.7279
   449   321   315  2.4798  0.7172
   441   313   320  2.4785  0.7261
   445   321   319  2.4769  0.7236
   447   321   319  2.4630  0.7181
   441   312   320  2.4562  0.7173
   441   317   320  2.4550  0.7168
   444   321   319  2.4479  0.7121
   451   317   315  2.4409  0.7019
   442   311   320  2.4391  0.7105
   443   311   320  2.4385  0.7102
   448   321   318  2.4345  0.7050
   448   321   315  2.4328  0.6988
   444   311   320  2.4295  0.7067
   441   311   320  2.4291  0.7065
   441   316   319  2.4269  0.7038
   447   321   318  2.4246  0.7011
   441   315   319  2.4244  0.7028
   445   311   317  2.4221  0.6983
   441   317   319  2.4213  0.7016
   446   311   317  2.4175  0.6964
   443   311   314  2.4166  0.6907
   441   314   319  2.4149  0.6991
   445   311   320  2.4141  0.7006
   442   311   314  2.4134  0.6894
   448   321   319  2.4104  0.6973
   441   318   320  2.4104  0.6991
   449   321   318  2.4098  0.6952
   441   318   319  2.4061  0.6956
   444   311   317  2.4057  0.6919
   443   321   319  2.4037  0.6947
   444   311   314  2.4015  0.6848
   441   313   319  2.3986  0.6927
   441   311   314  2.3964  0.6829
   446   311   320  2.3925  0.6921
   441   314   317  2.3896  0.6856
   446   321   318  2.3881  0.6868
   441   313   317  2.3842  0.6835
   447   311   317  2.3825  0.6828
   441   319   319  2.3801  0.6855
   443   311   317  2.3778  0.6810
   441   315   317  2.3766  0.6805
   441   312   319  2.3740  0.6831
   447   321   317  2.3712  0.6785
   446   321   317  2.3667  0.6767
   447   321   315  2.3650  0.6726
   445   311   314  2.3632  0.6702
   447   311   320  2.3631  0.6806
   446   321   320  2.3606  0.6797
   447   321   320  2.3602  0.6795
   441   312   317  2.3595  0.6740
   451   316   315  2.3568  0.6694
   441   312   314  2.3559  0.6674
   442   321   319  2.3510  0.6742
   441   319   320  2.3494  0.6753
   445   321   320  2.3474  0.6745
   442   311   317  2.3461  0.6688
   441   316   317  2.3461  0.6688
   448   321   317  2.3431  0.6677
   441   320   319  2.3430  0.6711
   450   321   318  2.3420  0.6690
   448   321   320  2.3402  0.6717
   441   311   319  2.3387  0.6694
   442   311   319  2.3354  0.6681
   445   321   318  2.3323  0.6652
   445   321   317  2.3306  0.6629
   443   311   319  2.3278  0.6652
   444   321   320  2.3236  0.6653
   449   321   319  2.3233  0.6635
   448   311   320  2.3223  0.6648
   444   311   319  2.3168  0.6610
   441   311   317  2.3155  0.6571
   448   311   317  2.3104  0.6552
   441   313   314  2.3079  0.6492
   445   311   319  2.3008  0.6549
   441   317   317  2.2989  0.6508
   446   311   314  2.2978  0.6454
   441   321   319  2.2956  0.6529
   449   321   320  2.2926  0.6534
   443   321   320  2.2897  0.6523
   449   321   317  2.2827  0.6447
   446   321   315  2.2816  0.6409
   446   311   319  2.2748  0.6450
   441   320   320  2.2739  0.6463
   444   321   317  2.2662  0.6384
   449   311   320  2.2646  0.6427
   444   321   318  2.2633  0.6390
   441   314   314  2.2593  0.6310
   451   315   315  2.2533  0.6303
   447   321   316  2.2529  0.6318
   442   321   320  2.2446  0.6351
   446   321   316  2.2437  0.6284
   448   321   316  2.2380  0.6262
   441   318   317  2.2359  0.6270
   447   311   319  2.2304  0.6282
   448   321   314  2.2299  0.6200
   447   321   314  2.2294  0.6199
   451   320   318  2.2270  0.6253
   451   321   318  2.2230  0.6238
   445   321   316  2.2194  0.6193
   451   319   318  2.2163  0.6213
   441   315   314  2.2145  0.6143
   445   313   312  2.2118  0.6102
   445   312   312  2.2099  0.6095
   446   312   312  2.2088  0.6091
   446   313   312  2.2087  0.6091
   450   321   320  2.2085  0.6215
   446   321   314  2.2052  0.6109
   447   311   314  2.2022  0.6098
   445   314   312  2.2000  0.6059
   450   321   319  2.1995  0.6166
   444   313   312  2.1990  0.6056
   449   321   314  2.1987  0.6085
   449   311   317  2.1987  0.6132
   446   314   312  2.1954  0.6042
   444   312   312  2.1946  0.6039
   451   318   318  2.1928  0.6125
   446   311   312  2.1924  0.6031
   445   311   312  2.1908  0.6025
   450   321   317  2.1898  0.6099
   444   314   312  2.1893  0.6020
   449   321   316  2.1885  0.6078
   445   321   315  2.1880  0.6061
   441   321   320  2.1865  0.6133
   443   321   318  2.1864  0.6102
   444   321   316  2.1859  0.6069
   447   312   312  2.1857  0.6007
   447   313   312  2.1844  0.6002
   450   311   320  2.1829  0.6119
   443   321   317  2.1796  0.6061
   445   315   312  2.1780  0.5979
   443   313   312  2.1753  0.5969
   441   316   314  2.1747  0.5997
   446   315   312  2.1723  0.5958
   444   311   312  2.1721  0.5957
   447   311   312  2.1710  0.5953
   447   314   312  2.1704  0.5951
   444   315   312  2.1686  0.5945
   443   312   312  2.1682  0.5943
   443   314   312  2.1676  0.5941
   445   321   314  2.1650  0.5962
   451   316   320  2.1626  0.6044
   451   317   320  2.1598  0.6034
   451   315   320  2.1588  0.6030
   441   319   317  2.1584  0.5983
   451   317   318  2.1578  0.5996
   448   311   319  2.1573  0.6009
   451   318   320  2.1505  0.5999
   443   315   312  2.1484  0.5871
   451   314   320  2.1481  0.5990
   445   316   312  2.1480  0.5870
   448   321   313  2.1470  0.5881
   447   315   312  2.1468  0.5866
   443   321   316  2.1457  0.5921
   442   313   312  2.1445  0.5857
   443   311   312  2.1424  0.5850
   446   316   312  2.1418  0.5848
   447   321   313  2.1413  0.5861
   451   314   315  2.1398  0.5885
   444   316   312  2.1394  0.5839
   442   314   312  2.1384  0.5835
   441   317   314  2.1383  0.5865
   448   312   312  2.1354  0.5825
   442   312   312  2.1354  0.5825
   451   319   320  2.1341  0.5938
   448   313   312  2.1339  0.5819
   441   316   318  2.1321  0.5901
   441   317   318  2.1308  0.5896
   449   321   313  2.1306  0.5822
   451   313   320  2.1301  0.5924
   446   311   315  2.1287  0.5844
   450   321   314  2.1280  0.5827
   441   315   318  2.1270  0.5882
   445   311   315  2.1266  0.5837
   448   311   312  2.1214  0.5774
   441   318   318  2.1211  0.5861
   442   315   312  2.1202  0.5770
   448   314   312  2.1198  0.5769
   443   316   312  2.1198  0.5768
   446   321   313  2.1185  0.5778
   447   316   312  2.1163  0.5756
   441   314   318  2.1163  0.5843
   447   311   315  2.1163  0.5799
   444   321   314  2.1161  0.5784
   451   316   318  2.1123  0.5829
   444   311   315  2.1122  0.5785
   445   317   312  2.1109  0.5736
   451   320   320  2.1103  0.5851
   451   317   313  2.1098  0.5747
   441   313   312  2.1094  0.5731
   441   318   316  2.1082  0.5785
   442   311   312  2.1076  0.5725
   442   321   318  2.1058  0.5805
   446   317   312  2.1050  0.5716
   451   312   320  2.1040  0.5828
   441   314   312  2.1039  0.5712
   441   319   316  2.1038  0.5769
   441   318   314  2.1028  0.5736
   444   317   312  2.1022  0.5705
   441   319   318  2.1009  0.5787
   451   316   313  2.1002  0.5713
   451   318   313  2.1001  0.5712
   441   312   312  2.0998  0.5697
   442   321   316  2.0994  0.5753
   441   313   318  2.0992  0.5781
   441   317   316  2.0980  0.5748
   448   315   312  2.0965  0.5685
   450   321   316  2.0937  0.5732
   442   316   312  2.0919  0.5669
   444   321   315  2.0892  0.5702
   443   311   315  2.0868  0.5693
   441   315   312  2.0860  0.5648
   448   311   315  2.0858  0.5689
   450   321   313  2.0847  0.5657
   441   320   316  2.0831  0.5694
   443   317   312  2.0825  0.5635
   445   321   313  2.0824  0.5649
   447   317   312  2.0804  0.5628
   451   319   319  2.0802  0.5726
   451   321   320  2.0792  0.5737
   442   321   317  2.0785  0.5692
   451   318   319  2.0779  0.5718
   441   316   316  2.0764  0.5670
   451   319   313  2.0755  0.5624
   448   311   314  2.0742  0.5634
   441   312   318  2.0737  0.5689
   451   320   317  2.0733  0.5673
   451   319   317  2.0721  0.5668
   441   311   312  2.0719  0.5597
   445   311   318  2.0699  0.5675
   451   311   320  2.0688  0.5699
   441   320   317  2.0688  0.5657
   441   320   318  2.0687  0.5671
   451   315   313  2.0682  0.5598
   444   311   318  2.0673  0.5665
   448   316   312  2.0668  0.5579
   451   320   319  2.0665  0.5677
   445   318   312  2.0664  0.5578
   443   321   314  2.0650  0.5601
   441   319   314  2.0648  0.5600
   446   311   318  2.0628  0.5649
   446   318   312  2.0621  0.5563
   451   321   317  2.0618  0.5632
   451   318   317  2.0612  0.5629
   451   317   319  2.0611  0.5657
   443   311   318  2.0586  0.5634
   441   316   312  2.0576  0.5547
   444   318   312  2.0567  0.5544
   451   315   318  2.0563  0.5626
   442   317   312  2.0542  0.5535
   449   312   312  2.0542  0.5535
   449   313   312  2.0531  0.5531
   442   311   315  2.0516  0.5567
   450   311   317  2.0488  0.5585
   442   311   318  2.0475  0.5594
   441   315   316  2.0471  0.5565
   441   321   316  2.0463  0.5562
   449   311   319  2.0450  0.5599
   451   319   316  2.0449  0.5557
   451   317   317  2.0435  0.5566
   447   311   318  2.0419  0.5574
   451   320   313  2.0410  0.5502
   441   314   315  2.0409  0.5529
   449   311   312  2.0402  0.5485
   449   314   312  2.0397  0.5484
   443   311   313  2.0397  0.5497
   447   318   312  2.0397  0.5483
   441   313   315  2.0393  0.5523
   442   311   313  2.0387  0.5494
   441   311   318  2.0372  0.5557
   441   312   313  2.0371  0.5488
   451   318   316  2.0366  0.5527
   451   321   319  2.0364  0.5568
   443   318   312  2.0361  0.5471
   444   321   313  2.0356  0.5483
   444   311   313  2.0352  0.5481
   441   313   313  2.0340  0.5477
   441   311   313  2.0340  0.5477
   441   315   315  2.0330  0.5501
   448   317   312  2.0327  0.5459
   449   311   315  2.0320  0.5497
   451   316   319  2.0317  0.5551
   441   312   315  2.0283  0.5484
   441   314   313  2.0262  0.5449
   451   313   315  2.0258  0.5475
   441   321   318  2.0245  0.5511
   445   311   313  2.0239  0.5441
   441   320   314  2.0216  0.5447
   451   316   317  2.0213  0.5487
   441   317   312  2.0190  0.5411
   449   315   312  2.0175  0.5405
   441   316   315  2.0161  0.5441
   442   321   314  2.0158  0.5427
   441   315   313  2.0148  0.5410
   445   319   312  2.0139  0.5393
   441   314   316  2.0132  0.5444
   451   320   316  2.0130  0.5443
   451   314   313  2.0129  0.5403
   446   319   312  2.0124  0.5387
   451   321   314  2.0095  0.5404
   441   311   315  2.0081  0.5413
   442   318   312  2.0066  0.5367
   446   311   313  2.0052  0.5376
   447   321   321  2.0042  0.5480
   448   311   318  2.0028  0.5434
   448   321   321  2.0027  0.5474
   444   319   312  2.0019  0.5351
   441   316   313  2.0005  0.5359
   451   321   313  2.0001  0.5358
   452   320   315  2.4540  0.7071
   440   314   320  2.4509  0.7151
   452   319   315  2.4502  0.7056
   440   315   320  2.4493  0.7145
   440   313   320  2.4420  0.7116
   440   316   320  2.4342  0.7085
   450   322   315  2.4337  0.6991
   442   310   314  2.4316  0.6965
   446   322   319  2.4289  0.7046
   443   310   314  2.4273  0.6948
   440   312   320  2.4263  0.7054
   452   321   315  2.4256  0.6960
   451   322   315  2.4228  0.6949
   445   322   319  2.4222  0.7019
   441   310   314  2.4208  0.6923
   452   318   315  2.4128  0.6910
   449   322   315  2.4107  0.6902
   447   322   319  2.4080  0.6964
   440   311   320  2.4070  0.6978
   448   322   318  2.4042  0.6931
   444   310   314  2.4037  0.6857
   440   317   320  2.4030  0.6962
   442   310   320  2.4025  0.6960
   441   310   320  2.3998  0.6950
   440   310   314  2.3988  0.6838
   443   310   320  2.3957  0.6934
   444   322   319  2.3932  0.6906
   447   322   318  2.3896  0.6874
   440   310   320  2.3861  0.6896
   440   315   319  2.3856  0.6876
   440   314   319  2.3838  0.6869
   449   322   318  2.3837  0.6851
   440   316   319  2.3821  0.6862
   444   310   320  2.3819  0.6879
   440   313   319  2.3763  0.6840
   440   317   319  2.3722  0.6824
   440   311   314  2.3698  0.6727
   452   322   315  2.3681  0.6738
   445   310   320  2.3629  0.6805
   448   322   315  2.3618  0.6714
   440   312   319  2.3614  0.6782
   445   310   314  2.3565  0.6676
   448   322   319  2.3561  0.6762
   440   318   320  2.3546  0.6773
   440   318   319  2.3543  0.6754
   443   322   319  2.3486  0.6733
   446   322   318  2.3484  0.6714
   445   310   317  2.3453  0.6685
   452   317   315  2.3430  0.6642
   446   310   317  2.3421  0.6673
   440   313   317  2.3399  0.6664
   446   310   320  2.3393  0.6714
   440   314   317  2.3360  0.6650
   440   311   319  2.3360  0.6684
   444   310   317  2.3296  0.6625
   440   319   319  2.3268  0.6648
   440   312   314  2.3256  0.6559
   440   312   317  2.3239  0.6603
   450   322   318  2.3192  0.6602
   440   315   317  2.3130  0.6562
   447   310   317  2.3108  0.6553
   447   310   320  2.3094  0.6599
   443   310   317  2.3045  0.6529
   447   322   317  2.2963  0.6498
   440   310   319  2.2962  0.6531
   442   322   319  2.2954  0.6528
   447   322   315  2.2932  0.6453
   447   322   320  2.2930  0.6536
   446   322   320  2.2903  0.6525
   441   310   319  2.2896  0.6506
   440   320   319  2.2890  0.6504
   440   319   320  2.2890  0.6520
   440   311   317  2.2883  0.6467
   445   322   318  2.2881  0.6483
   446   310   314  2.2821  0.6395
   446   322   317  2.2811  0.6440
   448   322   317  2.2807  0.6439
   448   322   320  2.2775  0.6476
   442   310   317  2.2775  0.6427
   442   310   319  2.2763  0.6455
   440   313   314  2.2749  0.6368
   445   322   320  2.2742  0.6464
   440   316   317  2.2721  0.6406
   449   322   319  2.2708  0.6434
   448   310   320  2.2695  0.6446
   443   310   319  2.2582  0.6386
   441   310   317  2.2534  0.6336
   444   322   320  2.2467  0.6359
   452   316   315  2.2454  0.6274
   448   310   317  2.2443  0.6302
   440   321   319  2.2413  0.6323
   441   322   319  2.2394  0.6316
   445   322   317  2.2369  0.6274
   449   322   320  2.2365  0.6321
   444   310   319  2.2359  0.6302
   440   310   317  2.2344  0.6265
   449   322   317  2.2336  0.6262
   440   314   314  2.2248  0.6181
   448   322   314  2.2184  0.6158
   444   322   318  2.2151  0.6209
   440   317   317  2.2146  0.6191
   449   310   320  2.2139  0.6236
   446   322   315  2.2102  0.6143
   447   322   314  2.2086  0.6121
   445   310   319  2.2083  0.6199
   440   320   320  2.2079  0.6213
   443   322   320  2.2078  0.6213
   451   322   318  2.2020  0.6159
   449   322   314  2.1960  0.6075
   440   322   319  2.1848  0.6111
   440   315   314  2.1791  0.6013
   447   310   314  2.1782  0.6010
   446   322   314  2.1749  0.5998
   446   310   319  2.1707  0.6059
   447   322   316  2.1688  0.6006
   448   319   311  2.1684  0.5929
   446   322   316  2.1678  0.6002
   444   322   317  2.1672  0.6015
   450   322   320  2.1610  0.6038
   446   310   312  2.1566  0.5901
   442   322   320  2.1563  0.6020
   450   322   317  2.1532  0.5964
   445   322   316  2.1516  0.5943
   445   310   312  2.1514  0.5882
   448   318   311  2.1510  0.5866
   450   322   319  2.1502  0.5983
   448   322   316  2.1469  0.5926
   447   319   311  2.1446  0.5843
   440   318   317  2.1422  0.5923
   449   310   317  2.1395  0.5913
   449   318   311  2.1391  0.5823
   440   316   314  2.1386  0.5866
   447   318   311  2.1384  0.5821
   447   310   312  2.1377  0.5833
   443   322   318  2.1350  0.5912
   450   310   320  2.1350  0.5942
   450   322   314  2.1331  0.5846
   447   320   311  2.1297  0.5790
   444   310   312  2.1285  0.5800
   452   315   315  2.1281  0.5842
   445   322   314  2.1259  0.5820
   444   322   316  2.1250  0.5846
   445   322   315  2.1173  0.5803
   447   310   319  2.1157  0.5856
   440   321   320  2.1143  0.5866
   448   317   311  2.1107  0.5721
   447   317   311  2.1097  0.5718
   446   318   311  2.1032  0.5695
   440   317   314  2.1017  0.5732
   446   319   311  2.0997  0.5682
   448   322   313  2.0977  0.5704
   443   310   312  2.0952  0.5681
   447   322   313  2.0941  0.5691
   449   322   316  2.0928  0.5729
   441   322   320  2.0912  0.5781
   443   322   316  2.0899  0.5718
   448   310   312  2.0898  0.5661
   449   317   311  2.0868  0.5636
   440   315   318  2.0861  0.5733
   446   317   311  2.0850  0.5630
   440   314   318  2.0840  0.5726
   440   316   318  2.0825  0.5721
   449   322   313  2.0802  0.5641
   443   322   317  2.0780  0.5690
   446   320   311  2.0765  0.5600
   440   313   318  2.0753  0.5694
   446   322   313  2.0732  0.5616
   440   317   318  2.0729  0.5685
   440   313   312  2.0721  0.5598
   444   322   314  2.0695  0.5617
   445   310   315  2.0693  0.5630
   446   310   315  2.0663  0.5619
   440   314   312  2.0658  0.5576
   440   318   314  2.0654  0.5602
   440   312   312  2.0638  0.5569
   444   310   315  2.0611  0.5601
   447   316   311  2.0597  0.5540
   442   310   312  2.0583  0.5549
   440   312   318  2.0582  0.5632
   440   319   317  2.0572  0.5615
   440   318   318  2.0555  0.5623
   440   318   316  2.0523  0.5583
   442   322   318  2.0519  0.5610
   447   310   315  2.0498  0.5560
   448   316   311  2.0493  0.5504
   445   318   311  2.0481  0.5499
   440   315   312  2.0473  0.5510
   452   320   318  2.0471  0.5593
   442   322   316  2.0466  0.5563
   446   316   311  2.0461  0.5492
   440   319   316  2.0458  0.5560
   452   321   318  2.0455  0.5587
   440   317   316  2.0447  0.5556
   448   310   314  2.0430  0.5522
   443   310   315  2.0426  0.5535
   451   322   320  2.0417  0.5601
   445   317   311  2.0390  0.5467
   440   311   312  2.0384  0.5479
   445   322   313  2.0376  0.5490
   445   319   311  2.0372  0.5461
   451   322   317  2.0360  0.5539
   450   322   313  2.0353  0.5482
   448   310   319  2.0337  0.5558
   452   319   318  2.0322  0.5539
   440   311   318  2.0301  0.5531
   440   319   318  2.0289  0.5527
   440   311   313  2.0267  0.5451
   440   319   314  2.0264  0.5464
   440   316   316  2.0259  0.5489
   440   310   313  2.0253  0.5446
   452   322   318  2.0241  0.5510
   440   320   316  2.0238  0.5482
   451   310   320  2.0234  0.5535
   441   310   312  2.0233  0.5426
   441   310   313  2.0231  0.5439
   451   322   314  2.0209  0.5444
   440   312   313  2.0199  0.5427
   444   322   315  2.0194  0.5452
   440   316   312  2.0179  0.5407
   442   310   313  2.0174  0.5418
   448   310   315  2.0160  0.5440
   442   310   315  2.0149  0.5437
   449   316   311  2.0139  0.5379
   440   322   320  2.0126  0.5496
   443   322   314  2.0123  0.5414
   445   316   311  2.0106  0.5368
   449   310   312  2.0095  0.5377
   445   320   311  2.0083  0.5360
   440   313   313  2.0069  0.5381
   443   310   313  2.0068  0.5381
   452   318   318  2.0039  0.5438
   452   314   315  2.0011  0.5388
   442   309   314  2.4253  0.6940
   441   309   314  2.4208  0.6923
   443   309   314  2.4137  0.6896
   440   309   314  2.4042  0.6859
   439   314   320  2.3937  0.6926
   439   313   320  2.3914  0.6917
   439   315   320  2.3870  0.6900
   439   312   320  2.3836  0.6886
   444   309   314  2.3821  0.6774
   439   309   314  2.3792  0.6763
   439   311   320  2.3732  0.6846
   441   309   320  2.3694  0.6831
   439   310   314  2.3691  0.6724
   439   316   320  2.3678  0.6825
   446   323   319  2.3664  0.6801
   442   309   320  2.3649  0.6813
   440   309   320  2.3637  0.6809
   439   310   320  2.3614  0.6800
   445   323   319  2.3598  0.6776
   448   323   318  2.3595  0.6757
   443   309   320  2.3520  0.6763
   439   313   319  2.3484  0.6732
   439   314   319  2.3480  0.6730
   439   309   320  2.3477  0.6746
   450   323   315  2.3469  0.6656
   447   323   319  2.3457  0.6721
   439   315   319  2.3433  0.6712
   449   323   318  2.3424  0.6691
   439   312   319  2.3424  0.6708
   447   323   318  2.3405  0.6684
   451   323   315  2.3377  0.6622
   439   311   314  2.3366  0.6600
   439   316   319  2.3349  0.6680
   453   320   315  2.3334  0.6605
   439   317   320  2.3332  0.6690
   444   309   320  2.3331  0.6690
   444   323   319  2.3309  0.6664
   445   309   314  2.3270  0.6564
   439   311   319  2.3261  0.6646
   449   323   315  2.3226  0.6564
   439   317   319  2.3219  0.6630
   453   319   315  2.3207  0.6557
   453   321   315  2.3118  0.6523
   445   309   320  2.3103  0.6602
   439   318   319  2.3024  0.6555
   439   313   317  2.2965  0.6499
   439   310   319  2.2952  0.6527
   446   323   318  2.2945  0.6508
   448   323   319  2.2943  0.6524
   439   312   317  2.2903  0.6475
   439   312   314  2.2902  0.6425
   443   323   319  2.2862  0.6493
   452   323   315  2.2846  0.6421
   446   309   320  2.2840  0.6501
   439   314   317  2.2827  0.6447
   439   318   320  2.2813  0.6491
   450   323   318  2.2795  0.6451
   439   319   319  2.2745  0.6448
   448   323   315  2.2735  0.6379
   453   318   315  2.2726  0.6376
   439   311   317  2.2645  0.6378
   453   322   315  2.2582  0.6322
   445   309   317  2.2537  0.6337
   447   309   320  2.2527  0.6382
   446   309   317  2.2524  0.6332
   439   315   317  2.2497  0.6322
   439   309   319  2.2457  0.6339
   446   309   314  2.2455  0.6258
   440   309   319  2.2388  0.6313
   444   309   317  2.2385  0.6280
   439   313   314  2.2384  0.6232
   439   320   319  2.2369  0.6306
   442   323   319  2.2326  0.6290
   445   323   318  2.2297  0.6263
   447   309   317  2.2253  0.6231
   441   309   319  2.2239  0.6257
   447   323   320  2.2214  0.6264
   439   310   317  2.2206  0.6213
   447   323   317  2.2164  0.6197
   443   309   317  2.2161  0.6196
   446   323   320  2.2158  0.6243
   448   309   320  2.2124  0.6230
   448   323   317  2.2123  0.6182
   439   319   320  2.2119  0.6228
   449   323   319  2.2102  0.6206
   448   323   320  2.2101  0.6221
   447   323   315  2.2060  0.6128
   442   309   319  2.2018  0.6175
   439   316   317  2.1987  0.6132
   445   323   320  2.1969  0.6172
   442   309   317  2.1937  0.6113
   448   323   314  2.1916  0.6059
   446   323   317  2.1909  0.6103
   453   317   315  2.1907  0.6071
   439   321   319  2.1894  0.6128
   439   314   314  2.1880  0.6046
   449   323   314  2.1768  0.6005
   449   323   317  2.1764  0.6049
   441   323   319  2.1763  0.6080
   441   309   317  2.1761  0.6048
   449   323   320  2.1755  0.6092
   453   323   315  2.1754  0.6015
   449   320   311  2.1750  0.5953
   443   309   319  2.1740  0.6071
   447   323   314  2.1737  0.5993
   449   319   311  2.1685  0.5929
   444   323   320  2.1658  0.6056
   448   309   317  2.1654  0.6009
   440   309   317  2.1654  0.6008
   448   320   311  2.1639  0.5913
   451   323   318  2.1614  0.6009
   439   309   317  2.1614  0.5994
   449   309   320  2.1569  0.6023
   444   323   318  2.1531  0.5979
   439   315   314  2.1425  0.5880
   450   319   311  2.1415  0.5832
   444   309   319  2.1411  0.5949
   448   321   311  2.1404  0.5828
   445   323   317  2.1388  0.5911
   447   309   314  2.1358  0.5855
   439   322   319  2.1330  0.5919
   446   323   314  2.1320  0.5842
   439   317   317  2.1315  0.5884
   439   320   320  2.1265  0.5910
   446   323   315  2.1250  0.5831
   443   323   320  2.1217  0.5893
   440   323   319  2.1213  0.5876
   450   323   314  2.1202  0.5799
   450   323   320  2.1085  0.5844
   450   323   317  2.1057  0.5790
   439   316   314  2.1022  0.5734
   445   309   319  2.1017  0.5805
   450   318   311  2.1010  0.5687
   446   309   312  2.1002  0.5698
   447   321   311  2.0974  0.5674
   450   323   319  2.0913  0.5767
   445   309   312  2.0905  0.5664
   447   309   312  2.0850  0.5644
   453   316   315  2.0801  0.5669
   450   309   320  2.0782  0.5733
   446   323   316  2.0774  0.5674
   445   323   314  2.0754  0.5638
   443   323   318  2.0706  0.5677
   447   323   316  2.0698  0.5646
   445   323   316  2.0697  0.5646
   439   323   319  2.0692  0.5686
   449   309   317  2.0691  0.5658
   439   317   314  2.0654  0.5602
   444   323   317  2.0645  0.5641
   442   323   320  2.0638  0.5681
   444   309   312  2.0629  0.5565
   439   313   318  2.0564  0.5626
   439   314   318  2.0562  0.5625
   446   309   319  2.0519  0.5624
   439   318   317  2.0507  0.5592
   444   323   316  2.0503  0.5576
   439   315   318  2.0491  0.5600
   439   312   318  2.0475  0.5594
   448   323   313  2.0440  0.5512
   447   323   313  2.0414  0.5503
   448   323   316  2.0403  0.5541
   448   309   312  2.0400  0.5484
   450   317   311  2.0373  0.5462
   446   321   311  2.0373  0.5461
   439   316   318  2.0361  0.5553
   445   323   315  2.0346  0.5506
   439   313   312  2.0338  0.5463
   439   312   312  2.0290  0.5446
   439   318   314  2.0288  0.5472
   439   321   320  2.0284  0.5553
   439   311   318  2.0272  0.5521
   449   323   313  2.0258  0.5448
   443   309   312  2.0256  0.5434
   439   314   312  2.0253  0.5433
   439   310   313  2.0247  0.5444
   446   323   313  2.0209  0.5431
   443   323   316  2.0207  0.5471
   439   309   313  2.0206  0.5430
   439   311   313  2.0178  0.5420
   439   317   318  2.0174  0.5486
   440   309   313  2.0135  0.5405
   451   323   314  2.0125  0.5415
   444   323   314  2.0124  0.5414
   445   309   315  2.0091  0.5416
   439   311   312  2.0086  0.5374
   444   309   315  2.0051  0.5402
   439   315   312  2.0051  0.5362
   446   309   315  2.0031  0.5395
   441   309   313  2.0029  0.5367
   439   312   313  2.0022  0.5365
   441   308   314  2.3906  0.6807
   442   308   314  2.3891  0.6801
   440   308   314  2.3797  0.6765
   443   308   314  2.3710  0.6731
   439   308   314  2.3604  0.6691
   438   309   314  2.3492  0.6648
   440   308   320  2.3381  0.6709
   441   308   320  2.3369  0.6705
   438   308   314  2.3368  0.6601
   438   310   314  2.3344  0.6592
   444   308   314  2.3327  0.6585
   438   312   320  2.3308  0.6681
   438   311   320  2.3302  0.6679
   439   308   320  2.3293  0.6675
   438   313   320  2.3292  0.6675
   438   310   320  2.3279  0.6670
   442   308   320  2.3263  0.6664
   438   314   320  2.3232  0.6652
   438   309   320  2.3227  0.6650
   438   312   319  2.3170  0.6611
   438   313   319  2.3150  0.6603
   438   308   320  2.3117  0.6607
   438   315   320  2.3096  0.6599
   438   311   319  2.3093  0.6581
   443   308   320  2.3080  0.6593
   438   314   319  2.3076  0.6575
   448   324   318  2.2997  0.6528
   438   311   314  2.2991  0.6459
   446   324   319  2.2983  0.6539
   438   315   319  2.2975  0.6536
   445   324   319  2.2915  0.6513
   438   310   319  2.2868  0.6495
   438   316   319  2.2855  0.6490
   438   316   320  2.2850  0.6505
   449   324   318  2.2845  0.6470
   444   308   320  2.2843  0.6503
   447   324   319  2.2781  0.6462
   447   324   318  2.2771  0.6442
   445   308   314  2.2713  0.6354
   438   317   319  2.2706  0.6433
   444   324   319  2.2626  0.6403
   438   312   317  2.2583  0.6354
   445   308   320  2.2574  0.6400
   438   313   317  2.2536  0.6337
   438   312   314  2.2515  0.6281
   438   318   319  2.2506  0.6358
   438   317   320  2.2462  0.6357
   438   309   319  2.2448  0.6336
   438   311   317  2.2437  0.6300
   450   324   315  2.2426  0.6263
   451   324   315  2.2327  0.6226
   438   314   317  2.2294  0.6246
   446   308   320  2.2276  0.6287
   448   324   319  2.2274  0.6271
   446   324   318  2.2269  0.6252
   438   319   319  2.2232  0.6255
   450   324   318  2.2209  0.6230
   449   324   315  2.2192  0.6177
   443   324   319  2.2180  0.6235
   438   310   317  2.2114  0.6179
   438   313   314  2.1998  0.6089
   447   308   320  2.1933  0.6158
   438   318   320  2.1910  0.6150
   438   315   317  2.1865  0.6086
   438   320   319  2.1865  0.6117
   446   308   314  2.1846  0.6033
   438   308   319  2.1804  0.6095
   452   324   315  2.1779  0.6024
   439   308   319  2.1750  0.6075
   448   324   315  2.1717  0.6001
   442   324   319  2.1644  0.6035
   438   309   317  2.1633  0.6001
   440   308   319  2.1615  0.6025
   449   321   311  2.1610  0.5902
   450   320   311  2.1582  0.5892
   445   324   318  2.1582  0.5997
   450   321   311  2.1531  0.5874
   448   308   320  2.1504  0.5999
   438   314   314  2.1501  0.5907
   446   308   317  2.1497  0.5951
   445   308   317  2.1497  0.5951
   447   324   320  2.1489  0.5993
   448   324   314  2.1473  0.5897
   454   320   315  2.1469  0.5911
   449   324   319  2.1441  0.5960
   448   324   320  2.1418  0.5967
   448   324   317  2.1415  0.5921
   446   324   320  2.1401  0.5960
   438   321   319  2.1397  0.5944
   441   308   319  2.1397  0.5944
   449   324   314  2.1382  0.5864
   447   324   317  2.1360  0.5901
   444   308   317  2.1357  0.5899
   454   321   315  2.1313  0.5854
   449   322   311  2.1305  0.5792
   447   308   317  2.1268  0.5867
   438   316   317  2.1262  0.5865
   454   319   315  2.1258  0.5834
   447   324   314  2.1232  0.5810
   438   319   320  2.1190  0.5883
   445   324   320  2.1181  0.5879
   443   308   317  2.1165  0.5829
   449   324   317  2.1140  0.5820
   449   324   320  2.1130  0.5861
   442   308   319  2.1102  0.5836
   441   324   319  2.1080  0.5828
   451   320   311  2.1075  0.5710
   447   324   315  2.1067  0.5765
   438   315   314  2.1054  0.5746
   448   322   311  2.1021  0.5691
   438   308   317  2.1019  0.5776
   446   324   317  2.1015  0.5775
   442   308   317  2.0991  0.5766
   451   324   318  2.0990  0.5780
   449   308   320  2.0924  0.5785
   439   308   317  2.0901  0.5733
   441   308   317  2.0880  0.5726
   450   324   314  2.0862  0.5677
   440   308   317  2.0850  0.5715
   438   322   319  2.0835  0.5738
   451   319   311  2.0829  0.5623
   444   324   320  2.0829  0.5750
   454   322   315  2.0807  0.5671
   444   324   318  2.0789  0.5707
   446   324   314  2.0752  0.5637
   443   308   319  2.0739  0.5704
   448   308   317  2.0738  0.5675
   447   308   314  2.0715  0.5624
   454   318   315  2.0675  0.5624
   438   316   314  2.0658  0.5604
   453   324   315  2.0654  0.5616
   450   324   320  2.0538  0.5645
   440   324   319  2.0526  0.5627
   447   322   311  2.0521  0.5514
   438   317   317  2.0508  0.5592
   450   324   317  2.0494  0.5587
   445   324   317  2.0425  0.5562
   438   313   318  2.0414  0.5572
   438   312   318  2.0409  0.5570
   451   318   311  2.0336  0.5449
   443   324   320  2.0335  0.5571
   438   314   318  2.0320  0.5539
   444   308   319  2.0313  0.5550
   438   320   320  2.0312  0.5563
   438   317   314  2.0292  0.5474
   446   324   315  2.0290  0.5487
   438   311   318  2.0280  0.5524
   450   324   319  2.0258  0.5530
   446   308   312  2.0240  0.5428
   438   309   313  2.0238  0.5441
   438   310   313  2.0209  0.5431
   438   323   319  2.0194  0.5507
   438   315   318  2.0150  0.5478
   438   308   313  2.0143  0.5408
   447   308   312  2.0136  0.5392
   445   324   314  2.0129  0.5416
   450   308   320  2.0106  0.5489
   445   308   312  2.0091  0.5376
   438   311   313  2.0070  0.5382
   439   308   313  2.0038  0.5371
   438   310   318  2.0014  0.5429
   441   307   314  2.3279  0.6567
   440   307   314  2.3227  0.6548
   442   307   314  2.3210  0.6541
   437   309   314  2.3173  0.6527
   437   308   314  2.3127  0.6510
   439   307   314  2.3100  0.6500
   440   307   320  2.3056  0.6584
   439   307   320  2.3025  0.6572
   441   307   320  2.2994  0.6560
   443   307   314  2.2977  0.6453
   437   310   314  2.2974  0.6452
   438   307   314  2.2944  0.6441
   437   309   320  2.2912  0.6529
   438   307   320  2.2909  0.6528
   437   310   320  2.2885  0.6518
   437   311   319  2.2876  0.6498
   437   312   319  2.2874  0.6497
   437   308   320  2.2869  0.6512
   442   307   320  2.2843  0.6502
   437   311   320  2.2817  0.6492
   437   307   314  2.2798  0.6386
   437   313   319  2.2779  0.6462
   437   310   319  2.2727  0.6442
   437   312   320  2.2722  0.6456
   437   307   320  2.2720  0.6455
   437   314   319  2.2643  0.6410
   443   307   320  2.2618  0.6416
   437   313   320  2.2601  0.6410
   437   311   314  2.2593  0.6309
   444   307   314  2.2543  0.6291
   437   315   319  2.2496  0.6354
   437   314   320  2.2440  0.6349
   437   309   319  2.2375  0.6309
   437   316   319  2.2348  0.6298
   444   307   320  2.2341  0.6312
   437   312   317  2.2277  0.6240
   446   325   319  2.2258  0.6265
   437   311   317  2.2256  0.6232
   448   325   318  2.2236  0.6240
   437   315   320  2.2215  0.6264
   437   317   319  2.2187  0.6238
   445   325   319  2.2184  0.6237
   437   313   317  2.2113  0.6179
   437   312   314  2.2109  0.6130
   449   325   318  2.2083  0.6183
   447   325   319  2.2066  0.6192
   437   310   317  2.2057  0.6158
   445   307   320  2.2029  0.6194
   447   325   318  2.1991  0.6149
   437   318   319  2.1988  0.6163
   437   316   320  2.1897  0.6145
   444   325   319  2.1895  0.6128
   445   307   314  2.1885  0.6048
   437   308   319  2.1786  0.6088
   437   314   317  2.1764  0.6049
   437   319   319  2.1723  0.6065
   437   309   317  2.1696  0.6024
   446   307   320  2.1687  0.6067
   437   313   314  2.1599  0.5943
   448   325   319  2.1571  0.6008
   446   325   318  2.1460  0.5952
   437   317   320  2.1458  0.5981
   443   325   319  2.1451  0.5964
   450   325   318  2.1415  0.5936
   437   320   319  2.1367  0.5933
   450   322   311  2.1298  0.5790
   447   307   320  2.1297  0.5922
   450   325   315  2.1243  0.5828
   437   315   317  2.1238  0.5856
   437   308   317  2.1188  0.5838
   437   314   314  2.1113  0.5767
   451   325   315  2.1104  0.5778
   451   321   311  2.1090  0.5715
   449   325   315  2.1041  0.5755
   446   307   314  2.0988  0.5722
   437   307   319  2.0956  0.5782
   438   307   319  2.0932  0.5774
   450   323   311  2.0927  0.5657
   442   325   319  2.0919  0.5769
   451   322   311  2.0910  0.5651
   437   321   319  2.0907  0.5765
   449   323   311  2.0879  0.5640
   437   318   320  2.0873  0.5767
   448   325   314  2.0843  0.5670
   439   307   319  2.0830  0.5737
   448   307   320  2.0817  0.5746
   449   325   314  2.0786  0.5650
   447   325   320  2.0768  0.5728
   449   325   319  2.0746  0.5706
   445   325   318  2.0746  0.5692
   448   325   320  2.0742  0.5719
   448   325   317  2.0711  0.5665
   437   315   314  2.0678  0.5611
   440   307   319  2.0643  0.5669
   446   325   320  2.0640  0.5682
   448   325   315  2.0599  0.5597
   447   325   317  2.0588  0.5621
   447   325   314  2.0563  0.5570
   437   316   317  2.0552  0.5608
   437   307   317  2.0550  0.5607
   448   323   311  2.0538  0.5520
   449   325   320  2.0511  0.5635
   452   325   315  2.0502  0.5562
   449   325   317  2.0488  0.5585
   445   325   320  2.0379  0.5587
   446   307   317  2.0375  0.5544
   445   307   317  2.0375  0.5544
   441   307   319  2.0369  0.5570
   437   312   318  2.0362  0.5554
   441   325   319  2.0356  0.5565
   437   322   319  2.0347  0.5562
   437   311   318  2.0303  0.5532
   438   307   317  2.0298  0.5517
   450   325   314  2.0291  0.5473
   437   316   314  2.0289  0.5473
   437   313   318  2.0286  0.5526
   444   307   317  2.0258  0.5503
   437   309   313  2.0220  0.5435
   452   321   311  2.0194  0.5399
   437   308   313  2.0193  0.5425
   449   307   320  2.0180  0.5516
   447   307   317  2.0177  0.5474
   446   325   317  2.0174  0.5472
   452   320   311  2.0149  0.5383
   437   319   320  2.0136  0.5500
   437   310   313  2.0131  0.5403
   451   325   318  2.0127  0.5470
   443   307   317  2.0108  0.5449
   439   307   317  2.0101  0.5447
   437   314   318  2.0097  0.5459
   437   310   318  2.0097  0.5459
   446   325   314  2.0046  0.5387
   437   307   313  2.0033  0.5369
   442   307   319  2.0012  0.5442
   436   308   314  2.2905  0.6426
   436   309   314  2.2863  0.6410
   436   307   314  2.2687  0.6344
   436   311   319  2.2635  0.6407
   439   306   320  2.2629  0.6421
   440   306   320  2.2619  0.6417
   436   310   314  2.2602  0.6313
   436   308   320  2.2569  0.6398
   436   312   319  2.2562  0.6379
   438   306   320  2.2562  0.6395
   436   309   320  2.2557  0.6393
   436   310   319  2.2552  0.6375
   441   306   320  2.2526  0.6382
   436   307   320  2.2472  0.6361
   436   310   320  2.2465  0.6359
   437   306   320  2.2428  0.6345
   436   313   319  2.2401  0.6318
   442   306   320  2.2348  0.6314
   440   306   314  2.2348  0.6218
   441   306   314  2.2345  0.6217
   436   311   320  2.2317  0.6302
   439   306   314  2.2292  0.6198
   436   309   319  2.2256  0.6264
   436   306   320  2.2236  0.6272
   442   306   314  2.2230  0.6175
   438   306   314  2.2225  0.6173
   436   314   319  2.2208  0.6246
   436   306   314  2.2196  0.6162
   436   311   314  2.2188  0.6159
   437   306   314  2.2187  0.6159
   436   312   320  2.2125  0.6230
   443   306   320  2.2097  0.6220
   436   311   317  2.2096  0.6172
   436   310   317  2.2027  0.6146
   436   315   319  2.2019  0.6175
   436   312   317  2.1990  0.6133
   443   306   314  2.1958  0.6075
   436   313   320  2.1895  0.6144
   436   316   319  2.1845  0.6110
   444   306   320  2.1787  0.6104
   436   309   317  2.1787  0.6058
   436   308   319  2.1710  0.6060
   436   313   317  2.1705  0.6027
   436   312   314  2.1695  0.5978
   436   317   319  2.1672  0.6046
   436   314   320  2.1621  0.6042
   446   326   319  2.1496  0.5981
   444   306   314  2.1492  0.5904
   436   318   319  2.1472  0.5972
   445   306   320  2.1435  0.5973
   445   326   319  2.1413  0.5950
   436   308   317  2.1386  0.5910
   447   326   319  2.1319  0.5915
   448   326   318  2.1301  0.5894
   436   315   320  2.1291  0.5920
   436   314   317  2.1246  0.5859
   436   319   319  2.1212  0.5876
   436   313   314  2.1189  0.5794
   449   326   318  2.1122  0.5828
   444   326   319  2.1121  0.5843
   447   326   318  2.1058  0.5805
   446   306   320  2.1041  0.5828
   436   307   319  2.0912  0.5766
   436   316   320  2.0885  0.5771
   436   320   319  2.0862  0.5748
   448   326   319  2.0840  0.5740
   436   307   317  2.0830  0.5708
   445   306   314  2.0811  0.5658
   436   314   314  2.0715  0.5624
   443   326   319  2.0681  0.5683
   436   315   317  2.0628  0.5635
   447   306   320  2.0588  0.5663
   451   323   311  2.0581  0.5535
   446   326   318  2.0517  0.5609
   450   324   311  2.0465  0.5494
   436   321   319  2.0405  0.5583
   450   326   318  2.0397  0.5566
   436   317   320  2.0383  0.5589
   449   324   311  2.0378  0.5463
   436   311   318  2.0310  0.5535
   436   312   318  2.0306  0.5533
   436   315   314  2.0289  0.5473
   436   308   313  2.0169  0.5417
   442   326   319  2.0155  0.5493
   436   310   318  2.0154  0.5479
   451   324   311  2.0153  0.5384
   436   313   318  2.0152  0.5478
   436   309   313  2.0139  0.5406
   436   306   317  2.0129  0.5456
   436   307   313  2.0080  0.5386
   448   326   320  2.0067  0.5475
   447   326   320  2.0038  0.5465
   452   322   311  2.0037  0.5344
   448   306   320  2.0033  0.5463
   449   326   319  2.0026  0.5447
   448   326   314  2.0025  0.5380
   448   326   317  2.0023  0.5419
   436   310   313  2.0003  0.5359
   435   308   314  2.2717  0.6356
   435   307   314  2.2617  0.6318
   435   309   314  2.2577  0.6304
   435   311   319  2.2391  0.6314
   435   310   319  2.2360  0.6303
   435   312   319  2.2261  0.6265
   435   306   314  2.2252  0.6183
   435   310   314  2.2247  0.6181
   435   308   320  2.2234  0.6271
   435   309   320  2.2183  0.6252
   435   307   320  2.2178  0.6250
   435   309   319  2.2104  0.6206
   439   305   320  2.2070  0.6209
   435   310   320  2.2045  0.6200
   438   305   320  2.2045  0.6200
   435   313   319  2.2041  0.6183
   440   305   320  2.2033  0.6196
   435   310   317  2.2010  0.6140
   435   306   320  2.1991  0.6180
   437   305   320  2.1966  0.6171
   435   311   317  2.1955  0.6120
   441   305   320  2.1923  0.6155
   435   309   317  2.1887  0.6094
   436   305   320  2.1835  0.6122
   435   311   320  2.1833  0.6121
   435   314   319  2.1797  0.6092
   435   311   314  2.1791  0.6013
   442   305   320  2.1736  0.6085
   435   312   317  2.1723  0.6034
   435   305   320  2.1649  0.6053
   435   305   314  2.1631  0.5955
   435   308   319  2.1586  0.6014
   435   308   317  2.1585  0.5983
   435   315   319  2.1567  0.6007
   435   312   320  2.1556  0.6018
   443   305   320  2.1471  0.5986
   436   305   314  2.1455  0.5891
   435   316   319  2.1363  0.5932
   437   305   314  2.1326  0.5844
   435   313   317  2.1320  0.5886
   435   312   314  2.1281  0.5828
   438   305   314  2.1256  0.5818
   439   305   314  2.1230  0.5809
   435   313   320  2.1222  0.5894
   440   305   314  2.1214  0.5803
   435   317   319  2.1171  0.5861
   441   305   314  2.1157  0.5783
   444   305   320  2.1138  0.5864
   435   307   317  2.1108  0.5809
   442   305   314  2.1004  0.5728
   435   318   319  2.0959  0.5784
   435   314   320  2.0833  0.5752
   435   307   319  2.0810  0.5729
   435   313   314  2.0775  0.5645
   435   314   317  2.0756  0.5681
   445   305   320  2.0747  0.5721
   443   305   314  2.0706  0.5621
   446   327   319  2.0697  0.5688
   435   319   319  2.0691  0.5686
   445   327   319  2.0603  0.5654
   447   327   319  2.0538  0.5631
   435   306   317  2.0460  0.5575
   435   315   320  2.0390  0.5591
   435   320   319  2.0334  0.5557
   444   327   319  2.0309  0.5548
   435   314   314  2.0305  0.5478
   446   305   320  2.0297  0.5558
   435   311   318  2.0267  0.5519
   444   305   314  2.0226  0.5450
   435   312   318  2.0210  0.5499
   448   327   318  2.0176  0.5487
   435   310   318  2.0151  0.5478
   448   327   319  2.0078  0.5466
   435   308   313  2.0054  0.5377
   435   315   317  2.0051  0.5429
   435   307   313  2.0021  0.5365
   434   307   314  2.2577  0.6303
   434   308   314  2.2562  0.6298
   434   306   314  2.2334  0.6213
   434   309   314  2.2324  0.6210
   434   310   319  2.2152  0.6225
   434   311   319  2.2151  0.6224
   434   310   317  2.1992  0.6133
   434   312   319  2.1979  0.6160
   434   309   317  2.1972  0.6126
   434   310   314  2.1919  0.6060
   434   309   319  2.1919  0.6137
   434   308   320  2.1877  0.6137
   434   307   320  2.1847  0.6126
   434   305   314  2.1828  0.6027
   434   311   317  2.1824  0.6071
   434   309   320  2.1804  0.6110
   434   308   317  2.1759  0.6047
   434   313   319  2.1714  0.6061
   434   306   320  2.1698  0.6071
   434   310   320  2.1638  0.6048
   434   312   317  2.1477  0.5944
   434   314   319  2.1424  0.5954
   434   308   319  2.1417  0.5952
   434   311   314  2.1416  0.5877
   434   305   320  2.1409  0.5963
   434   311   320  2.1382  0.5954
   434   307   317  2.1351  0.5897
   438   304   320  2.1343  0.5939
   439   304   320  2.1330  0.5934
   437   304   320  2.1319  0.5930
   440   304   320  2.1273  0.5913
   436   304   320  2.1254  0.5906
   441   304   320  2.1157  0.5871
   434   315   319  2.1151  0.5854
   435   304   320  2.1137  0.5863
   434   304   314  2.1081  0.5755
   434   312   320  2.1040  0.5828
   442   304   320  2.0970  0.5802
   434   313   317  2.0964  0.5757
   434   304   320  2.0961  0.5799
   434   316   319  2.0909  0.5765
   434   312   314  2.0880  0.5683
   435   304   314  2.0788  0.5650
   434   306   317  2.0750  0.5679
   443   304   320  2.0702  0.5704
   434   317   319  2.0683  0.5683
   434   307   319  2.0657  0.5674
   434   313   320  2.0616  0.5673
   436   304   314  2.0509  0.5551
   434   318   319  2.0442  0.5596
   434   313   314  2.0361  0.5498
   444   304   320  2.0354  0.5578
   434   314   317  2.0304  0.5519
   437   304   314  2.0276  0.5468
   434   319   319  2.0147  0.5490
   434   311   318  2.0145  0.5476
   434   314   320  2.0123  0.5495
   438   304   314  2.0107  0.5408
   434   310   318  2.0062  0.5446
   434   312   318  2.0047  0.5441
   433   307   314  2.2543  0.6291
   433   308   314  2.2425  0.6247
   433   306   314  2.2409  0.6241
   433   309   314  2.2096  0.6125
   433   309   317  2.2016  0.6143
   433   305   314  2.2007  0.6092
   433   310   317  2.1950  0.6118
   433   310   319  2.1912  0.6135
   433   311   319  2.1896  0.6129
   433   308   317  2.1877  0.6091
   433   312   319  2.1702  0.6057
   433   311   317  2.1688  0.6021
   433   309   319  2.1687  0.6051
   433   310   314  2.1620  0.5951
   433   307   317  2.1526  0.5961
   433   308   320  2.1510  0.6001
   433   307   320  2.1493  0.5994
   433   309   320  2.1430  0.5971
   433   313   319  2.1405  0.5947
   433   306   320  2.1370  0.5949
   433   304   314  2.1348  0.5852
   433   310   320  2.1252  0.5905
   433   312   317  2.1243  0.5858
   433   308   319  2.1194  0.5869
   433   305   320  2.1122  0.5858
   433   314   319  2.1076  0.5826
   433   311   314  2.1067  0.5750
   433   311   320  2.0970  0.5802
   433   306   317  2.0965  0.5757
   433   315   319  2.0760  0.5711
   433   304   320  2.0729  0.5714
   433   313   317  2.0636  0.5638
   433   312   320  2.0582  0.5661
   433   312   314  2.0496  0.5546
   436   303   320  2.0494  0.5629
   437   303   320  2.0493  0.5629
   433   303   314  2.0472  0.5537
   433   316   319  2.0471  0.5606
   438   303   320  2.0463  0.5618
   435   303   320  2.0449  0.5612
   433   307   319  2.0448  0.5598
   439   303   320  2.0414  0.5600
   434   303   320  2.0342  0.5574
   440   303   320  2.0339  0.5573
   441   303   320  2.0221  0.5530
   433   305   317  2.0204  0.5483
   433   317   319  2.0196  0.5508
   433   303   320  2.0175  0.5514
   434   303   314  2.0139  0.5420
   433   313   320  2.0091  0.5484
   442   303   320  2.0037  0.5464
   432   307   314  2.2486  0.6270
   432   306   314  2.2444  0.6254
   432   308   314  2.2280  0.6193
   432   305   314  2.2132  0.6139
   432   309   317  2.1996  0.6135
   432   308   317  2.1914  0.6104
   432   309   314  2.1876  0.6044
   432   310   317  2.1863  0.6086
   432   307   317  2.1607  0.5991
   432   310   319  2.1606  0.6021
   432   311   319  2.1591  0.6016
   432   304   314  2.1555  0.5927
   432   311   317  2.1526  0.5962
   432   312   319  2.1391  0.5942
   432   309   319  2.1381  0.5938
   432   310   314  2.1338  0.5848
   432   308   320  2.1146  0.5866
   432   307   320  2.1133  0.5862
   432   306   317  2.1077  0.5797
   432   313   319  2.1077  0.5827
   432   309   320  2.1066  0.5837
   432   306   320  2.1026  0.5822
   432   312   317  2.1004  0.5771
   432   308   319  2.0896  0.5760
   432   310   320  2.0886  0.5771
   432   305   320  2.0809  0.5743
   432   303   314  2.0743  0.5634
   432   311   314  2.0735  0.5631
   432   314   319  2.0718  0.5696
   432   311   320  2.0592  0.5664
   432   304   320  2.0462  0.5617
   432   315   319  2.0359  0.5566
   432   305   317  2.0334  0.5530
   432   313   317  2.0322  0.5525
   432   312   320  2.0176  0.5514
   432   307   319  2.0175  0.5500
   432   312   314  2.0125  0.5415
   432   316   319  2.0016  0.5443
   431   306   314  2.2409  0.6241
   431   307   314  2.2374  0.6228
   431   305   314  2.2176  0.6155
   431   308   314  2.2101  0.6127
   431   309   317  2.1890  0.6096
   431   308   317  2.1850  0.6081
   431   310   317  2.1708  0.6029
   431   304   314  2.1676  0.5971
   431   309   314  2.1638  0.5957
   431   307   317  2.1578  0.5981
   431   311   317  2.1318  0.5885
   431   310   319  2.1197  0.5871
   431   311   319  2.1191  0.5868
   431   306   317  2.1073  0.5796
   431   310   314  2.1050  0.5744
   431   312   319  2.0997  0.5797
   431   309   319  2.0971  0.5788
   431   303   314  2.0931  0.5701
   431   308   320  2.0797  0.5739
   431   307   320  2.0787  0.5735
   431   312   317  2.0742  0.5676
   431   309   320  2.0718  0.5710
   431   306   320  2.0691  0.5700
   431   313   319  2.0680  0.5682
   431   310   320  2.0536  0.5644
   431   308   319  2.0503  0.5618
   431   305   320  2.0499  0.5631
   431   311   314  2.0403  0.5513
   431   305   317  2.0346  0.5534
   431   314   319  2.0301  0.5545
   431   311   320  2.0236  0.5536
   431   304   320  2.0190  0.5519
   431   313   317  2.0008  0.5414
   430   306   314  2.2286  0.6195
   430   307   314  2.2189  0.6159
   430   305   314  2.2125  0.6136
   430   308   314  2.1862  0.6039
   430   304   314  2.1699  0.5980
   430   309   317  2.1683  0.6019
   430   308   317  2.1675  0.6016
   430   310   317  2.1469  0.5940
   430   307   317  2.1432  0.5927
   430   309   314  2.1355  0.5854
   430   311   317  2.1047  0.5786
   430   303   314  2.1024  0.5735
   430   306   317  2.0953  0.5752
   430   310   314  2.0729  0.5629
   430   311   319  2.0662  0.5676
   430   310   319  2.0658  0.5674
   430   312   319  2.0483  0.5611
   430   308   320  2.0473  0.5621
   430   307   320  2.0472  0.5621
   430   312   317  2.0439  0.5567
   430   309   319  2.0439  0.5595
   430   306   320  2.0389  0.5591
   430   309   320  2.0387  0.5590
   430   305   317  2.0246  0.5498
   430   305   320  2.0218  0.5529
   430   310   320  2.0197  0.5522
   430   313   319  2.0172  0.5499
   430   302   314  2.0135  0.5418
   430   311   314  2.0047  0.5387
   430   308   319  2.0004  0.5439
   429   306   314  2.2072  0.6117
   429   305   314  2.1978  0.6082
   429   307   314  2.1920  0.6060
   429   304   314  2.1626  0.5953
   429   308   314  2.1550  0.5925
   429   308   317  2.1388  0.5911
   429   309   317  2.1371  0.5905
   429   307   317  2.1177  0.5834
   429   310   317  2.1136  0.5819
   429   303   314  2.1026  0.5735
   429   309   314  2.1009  0.5730
   429   306   317  2.0731  0.5672
   429   311   317  2.0699  0.5661
   429   310   314  2.0356  0.5496
   429   302   314  2.0203  0.5442
   429   307   320  2.0198  0.5522
   429   308   320  2.0179  0.5515
   429   306   320  2.0134  0.5499
   429   312   317  2.0083  0.5440
   429   309   320  2.0072  0.5477
   429   305   317  2.0056  0.5431
   429   311   319  2.0002  0.5438
   428   306   314  2.1780  0.6009
   428   305   314  2.1750  0.5998
   428   307   314  2.1575  0.5934
   428   304   314  2.1472  0.5897
   428   308   314  2.1166  0.5786
   428   308   317  2.1005  0.5771
   428   309   317  2.0960  0.5755
   428   303   314  2.0949  0.5708
   428   307   317  2.0831  0.5708
   428   310   317  2.0712  0.5665
   428   309   314  2.0598  0.5582
   428   306   317  2.0431  0.5564
   428   311   317  2.0276  0.5509
   428   302   314  2.0196  0.5440
   427   305   314  2.1468  0.5895
   427   306   314  2.1433  0.5883
   427   304   314  2.1264  0.5821
   427   307   314  2.1176  0.5790
   427   303   314  2.0816  0.5660
   427   308   314  2.0729  0.5629
   427   308   317  2.0550  0.5607
   427   309   317  2.0475  0.5580
   427   307   317  2.0426  0.5562
   427   310   317  2.0216  0.5488
   427   302   314  2.0136  0.5419
   427   309   314  2.0135  0.5418
   427   306   317  2.0088  0.5442
   426   305   314  2.1163  0.5785
   426   306   314  2.1064  0.5749
   426   304   314  2.1030  0.5737
   426   307   314  2.0755  0.5638
   426   303   314  2.0656  0.5603
   426   308   314  2.0268  0.5465
   426   308   317  2.0064  0.5434
   426   302   314  2.0047  0.5387
   425   305   314  2.0864  0.5677
   425   304   314  2.0798  0.5654
   425   306   314  2.0704  0.5620
   425   303   314  2.0493  0.5545
   425   307   314  2.0342  0.5492
   424   305   314  2.0584  0.5577
   424   304   314  2.0579  0.5575
   424   306   314  2.0369  0.5501
   424   303   314  2.0335  0.5489
   423   304   314  2.0364  0.5499
   423   305   314  2.0319  0.5483
   423   303   314  2.0171  0.5431
   423   306   314  2.0057  0.5391
   422   304   314  2.0125  0.5415
   422   305   314  2.0044  0.5386
