#   X     Y     Z      S       D
   294   172   336  3.8389  1.4322
   294   173   336  3.8303  1.4271
   293   172   336  3.8244  1.4237
   295   173   336  3.8129  1.4171
   293   173   336  3.8033  1.4115
   295   172   336  3.8031  1.4114
   293   171   336  3.7573  1.3851
   294   171   336  3.7533  1.3828
   295   171   336  3.6953  1.3500
   295   172   335  3.3841  1.1782
   295   173   335  3.3827  1.1775
   294   172   335  3.3656  1.1686
   294   173   335  3.3476  1.1593
   294   171   335  3.3009  1.1353
   295   171   335  3.2982  1.1339
   293   172   335  3.2912  1.1304
   293   173   335  3.2607  1.1150
   293   171   335  3.2454  1.1072
   292   172   336  3.7594  1.3864
   296   173   336  3.7504  1.3812
   292   173   336  3.7330  1.3713
   294   174   336  3.7232  1.3658
   295   174   336  3.7194  1.3636
   296   172   336  3.7180  1.3628
   292   171   336  3.7054  1.3557
   293   174   336  3.6904  1.3473
   296   174   336  3.6765  1.3395
   292   174   336  3.6230  1.3097
   293   170   336  3.6080  1.3015
   296   171   336  3.5864  1.2896
   294   170   336  3.5813  1.2868
   292   170   336  3.5758  1.2838
   295   170   336  3.4996  1.2425
   296   170   336  3.3683  1.1732
   296   173   335  3.3620  1.1667
   296   172   335  3.3436  1.1572
   295   174   335  3.2913  1.1305
   296   174   335  3.2866  1.1280
   294   174   335  3.2452  1.1071
   296   171   335  3.2358  1.1024
   292   172   335  3.1676  1.0684
   294   170   335  3.1590  1.0642
   293   174   335  3.1534  1.0614
   292   171   335  3.1376  1.0537
   295   170   335  3.1328  1.0513
   292   173   335  3.1296  1.0498
   293   170   335  3.1274  1.0487
   295   172   334  3.0511  1.0090
   296   170   335  3.0488  1.0106
   292   170   335  3.0424  1.0075
   295   173   334  3.0401  1.0037
   294   172   334  3.0289  0.9984
   296   173   334  3.0238  0.9960
   292   174   335  3.0234  0.9985
   296   172   334  3.0120  0.9904
   294   173   334  2.9985  0.9840
   294   171   334  2.9839  0.9771
   295   171   334  2.9834  0.9769
   296   174   334  2.9503  0.9614
   295   174   334  2.9471  0.9598
   293   172   334  2.9468  0.9597
   293   171   334  2.9223  0.9483
   296   171   334  2.9207  0.9475
   293   173   334  2.9016  0.9387
   294   174   334  2.8913  0.9340
   294   170   334  2.8693  0.9238
   295   170   334  2.8451  0.9128
   293   170   334  2.8317  0.9067
   292   172   334  2.8118  0.8977
   292   171   334  2.8043  0.8943
   293   174   334  2.7867  0.8864
   296   170   334  2.7605  0.8746
   292   173   334  2.7571  0.8731
   292   170   334  2.7363  0.8638
   292   174   334  2.6412  0.8221
   291   172   336  3.6450  1.3219
   297   173   336  3.6425  1.3205
   291   173   336  3.6209  1.3086
   291   171   336  3.5977  1.2958
   297   174   336  3.5924  1.2929
   297   172   336  3.5857  1.2892
   295   175   336  3.5228  1.2550
   291   174   336  3.5226  1.2549
   294   175   336  3.5185  1.2527
   296   175   336  3.4956  1.2404
   293   175   336  3.4865  1.2355
   291   170   336  3.4831  1.2337
   297   175   336  3.4329  1.2070
   297   171   336  3.4311  1.2061
   292   175   336  3.4298  1.2054
   293   169   336  3.3861  1.1825
   292   169   336  3.3776  1.1780
   291   175   336  3.3495  1.1634
   294   169   336  3.3352  1.1561
   291   169   336  3.3063  1.1412
   297   173   335  3.2839  1.1267
   297   172   335  3.2443  1.1067
   295   169   336  3.2312  1.1031
   297   174   335  3.2279  1.0984
   297   170   336  3.1944  1.0847
   294   172   333  3.1936  1.0754
   295   172   333  3.1829  1.0702
   295   173   333  3.1709  1.0643
   294   173   333  3.1681  1.0629
   293   172   333  3.1444  1.0513
   294   171   333  3.1406  1.0495
   296   175   335  3.1193  1.0447
   296   173   333  3.1184  1.0387
   297   171   335  3.1157  1.0430
   296   172   333  3.1137  1.0364
   295   171   333  3.1132  1.0362
   295   175   335  3.1129  1.0416
   293   173   333  3.1093  1.0343
   293   171   333  3.1066  1.0329
   296   169   336  3.0821  1.0294
   297   175   335  3.0769  1.0241
   295   174   333  3.0760  1.0182
   294   174   333  3.0636  1.0123
   294   175   335  3.0620  1.0170
   292   172   333  3.0394  1.0007
   296   174   333  3.0379  1.0000
   296   171   333  3.0268  0.9947
   297   173   333  3.0147  0.9890
   294   170   333  3.0142  0.9888
   292   171   333  3.0141  0.9888
   291   172   335  3.0052  0.9898
   293   174   333  3.0012  0.9826
   293   170   333  2.9995  0.9818
   292   173   333  2.9991  0.9816
   297   172   333  2.9916  0.9781
   291   171   335  2.9873  0.9813
   293   175   335  2.9726  0.9744
   295   170   333  2.9686  0.9673
   291   173   335  2.9646  0.9706
   297   174   333  2.9526  0.9599
   297   173   334  2.9513  0.9618
   294   169   335  2.9501  0.9638
   293   169   335  2.9447  0.9612
   292   170   333  2.9261  0.9475
   297   172   334  2.9148  0.9448
   291   170   335  2.9125  0.9462
   297   170   335  2.9110  0.9455
   295   175   333  2.9017  0.9363
   297   174   334  2.9015  0.9387
   295   169   335  2.9008  0.9408
   297   169   336  2.8969  0.9415
   292   174   333  2.8931  0.9323
   297   171   333  2.8883  0.9301
   291   172   333  2.8879  0.9300
   292   169   335  2.8871  0.9345
   294   175   333  2.8844  0.9283
   296   175   333  2.8750  0.9240
   291   171   333  2.8721  0.9227
   296   170   333  2.8664  0.9201
   291   174   335  2.8654  0.9245
   292   175   335  2.8525  0.9185
   291   173   333  2.8468  0.9112
   293   169   333  2.8308  0.9039
   294   169   333  2.8242  0.9009
   293   175   333  2.8239  0.9008
   297   175   333  2.8066  0.8930
   291   170   333  2.8014  0.8907
   297   171   334  2.8002  0.8924
   296   169   335  2.7985  0.8940
   296   175   334  2.7927  0.8890
   291   169   335  2.7840  0.8874
   292   169   333  2.7808  0.8814
   295   175   334  2.7748  0.8810
   297   175   334  2.7642  0.8763
   295   169   333  2.7613  0.8727
   291   174   333  2.7484  0.8670
   292   175   333  2.7246  0.8564
   297   170   333  2.7161  0.8527
   294   175   334  2.7114  0.8528
   291   175   335  2.7105  0.8546
   294   169   334  2.6942  0.8452
   293   169   334  2.6815  0.8396
   291   169   333  2.6798  0.8368
   297   169   335  2.6486  0.8274
   295   169   334  2.6483  0.8252
   296   169   333  2.6473  0.8226
   291   171   334  2.6405  0.8218
   291   172   334  2.6355  0.8196
   297   170   334  2.6213  0.8134
   292   169   334  2.6120  0.8095
   293   175   334  2.6069  0.8072
   291   175   333  2.5947  0.8000
   291   170   334  2.5924  0.8010
   291   173   334  2.5769  0.7944
   296   169   334  2.5464  0.7814
   295   172   332  3.6347  1.3012
   296   173   332  3.6263  1.2967
   295   173   332  3.6225  1.2946
   296   172   332  3.6174  1.2918
   294   172   332  3.5884  1.2761
   297   173   332  3.5696  1.2659
   295   171   332  3.5600  1.2608
   294   173   332  3.5585  1.2600
   296   174   332  3.5437  1.2521
   297   172   332  3.5380  1.2490
   294   171   332  3.5360  1.2480
   295   174   332  3.5228  1.2410
   296   171   332  3.5193  1.2391
   297   174   332  3.5075  1.2328
   298   173   336  3.4905  1.2376
   290   172   336  3.4834  1.2339
   293   172   332  3.4814  1.2190
   290   173   336  3.4690  1.2262
   298   174   336  3.4663  1.2248
   298   173   332  3.4550  1.2052
   293   171   332  3.4484  1.2017
   294   174   332  3.4472  1.2011
   293   173   332  3.4390  1.1968
   290   171   336  3.4365  1.2089
   297   171   332  3.4176  1.1857
   298   174   332  3.4154  1.1845
   298   172   336  3.4093  1.1946
   294   170   332  3.4051  1.1792
   295   170   332  3.4043  1.1788
   298   172   332  3.4014  1.1773
   290   174   336  3.3901  1.1846
   296   175   332  3.3727  1.1625
   297   175   332  3.3537  1.1528
   293   170   332  3.3418  1.1467
   296   170   332  3.3404  1.1460
   295   175   332  3.3401  1.1458
   298   175   336  3.3321  1.1545
   290   170   336  3.3317  1.1543
   293   174   332  3.3227  1.1370
   292   172   332  3.3216  1.1365
   292   171   332  3.3033  1.1272
   298   175   332  3.2823  1.1166
   292   173   332  3.2730  1.1120
   298   171   332  3.2615  1.1062
   294   175   332  3.2593  1.1051
   290   175   336  3.2452  1.1102
   298   171   336  3.2347  1.1049
   295   176   336  3.2313  1.1031
   294   176   336  3.2243  1.0996
   297   170   332  3.2192  1.0851
   292   170   332  3.2189  1.0850
   296   176   336  3.2150  1.0950
   294   169   332  3.2044  1.0778
   293   176   336  3.1993  1.0871
   295   169   332  3.1791  1.0654
   290   169   336  3.1729  1.0740
   297   176   336  3.1701  1.0726
   293   169   332  3.1680  1.0600
   292   176   336  3.1597  1.0674
   292   174   332  3.1594  1.0557
   298   173   335  3.1498  1.0597
   293   175   332  3.1377  1.0452
   296   176   332  3.1234  1.0383
   291   172   332  3.1217  1.0375
   292   168   336  3.1213  1.0485
   297   176   332  3.1170  1.0352
   298   174   335  3.1148  1.0425
   291   171   332  3.1127  1.0331
   291   176   336  3.1063  1.0412
   293   168   336  3.1053  1.0407
   296   169   332  3.0953  1.0247
   298   176   336  3.0924  1.0344
   298   172   335  3.0896  1.0303
   295   176   332  3.0847  1.0196
   291   168   336  3.0751  1.0260
   291   173   332  3.0736  1.0143
   292   169   332  3.0725  1.0138
   298   176   332  3.0636  1.0096
   298   170   332  3.0488  1.0025
   291   170   332  3.0466  1.0015
   290   176   336  3.0371  1.0077
   294   168   336  3.0323  1.0054
   294   176   332  3.0056  0.9821
   292   175   332  2.9853  0.9725
   298   170   336  2.9852  0.9829
   298   175   335  2.9837  0.9796
   291   174   332  2.9698  0.9653
   290   168   336  2.9659  0.9737
   297   169   332  2.9599  0.9607
   294   168   332  2.9484  0.9554
   298   171   335  2.9433  0.9606
   293   168   332  2.9385  0.9508
   291   169   332  2.9259  0.9450
   295   168   336  2.9112  0.9481
   295   168   332  2.9020  0.9339
   290   172   332  2.8975  0.9319
   293   176   332  2.8939  0.9302
   290   171   332  2.8921  0.9294
   292   168   332  2.8726  0.9205
   296   176   335  2.8700  0.9266
   298   173   333  2.8673  0.9205
   295   176   335  2.8576  0.9209
   290   173   332  2.8557  0.9128
   297   176   335  2.8400  0.9129
   290   170   332  2.8396  0.9055
   298   173   334  2.8275  0.9048
   298   174   333  2.8258  0.9016
   298   172   333  2.8257  0.9016
   290   172   335  2.8171  0.9024
   291   175   332  2.8140  0.8940
   294   176   335  2.8082  0.8984
   290   171   335  2.8072  0.8979
   298   174   334  2.8038  0.8941
   296   168   332  2.8037  0.8894
   298   169   332  2.7824  0.8798
   290   173   335  2.7783  0.8849
   290   174   332  2.7678  0.8733
   298   172   334  2.7658  0.8770
   298   176   335  2.7645  0.8787
   292   176   332  2.7596  0.8697
   291   168   332  2.7564  0.8682
   296   168   336  2.7520  0.8753
   290   170   335  2.7493  0.8719
   290   169   332  2.7411  0.8615
   293   176   335  2.7282  0.8625
   298   170   335  2.7263  0.8616
   293   168   335  2.7090  0.8539
   298   171   333  2.7085  0.8493
   290   172   333  2.7039  0.8473
   298   175   333  2.7004  0.8458
   290   171   333  2.6939  0.8429
   298   175   334  2.6910  0.8438
   290   174   335  2.6909  0.8459
   294   168   335  2.6890  0.8451
   298   169   336  2.6844  0.8452
   292   168   335  2.6804  0.8413
   290   173   333  2.6661  0.8308
   297   168   332  2.6616  0.8267
   295   176   333  2.6581  0.8273
   290   169   335  2.6451  0.8259
   294   176   333  2.6400  0.8194
   296   176   333  2.6395  0.8192
   290   170   333  2.6378  0.8185
   290   175   332  2.6360  0.8156
   298   171   334  2.6300  0.8172
   292   176   335  2.6252  0.8172
   295   168   335  2.6200  0.8149
   291   176   332  2.6135  0.8060
   293   168   333  2.6124  0.8075
   291   168   335  2.6075  0.8096
   290   168   332  2.6001  0.8002
   292   168   333  2.5873  0.7968
   293   176   333  2.5863  0.7964
   294   168   333  2.5856  0.7961
   297   176   333  2.5854  0.7960
   290   174   333  2.5796  0.7935
   297   168   336  2.5652  0.7934
   296   176   334  2.5601  0.7872
   290   175   335  2.5569  0.7878
   297   176   334  2.5471  0.7817
   290   169   333  2.5381  0.7759
   295   176   334  2.5338  0.7760
   298   170   333  2.5291  0.7721
   291   168   333  2.5134  0.7655
   290   175   337  2.5128  0.7729
   295   168   333  2.5090  0.7637
   291   176   335  2.5070  0.7667
   290   174   337  2.5070  0.7705
   296   168   335  2.5052  0.7659
   292   176   333  2.5012  0.7604
   295   173   331  3.5712  1.2632
   295   172   331  3.5483  1.2509
   294   173   331  3.5398  1.2464
   294   172   331  3.5336  1.2431
   296   173   331  3.5324  1.2425
   295   174   331  3.5058  1.2284
   296   172   331  3.4887  1.2194
   296   174   331  3.4825  1.2161
   294   174   331  3.4651  1.2070
   293   172   331  3.4484  1.1983
   294   171   331  3.4448  1.1964
   293   173   331  3.4433  1.1956
   295   171   331  3.4371  1.1924
   297   173   331  3.4240  1.1856
   297   174   331  3.3942  1.1703
   293   171   331  3.3788  1.1624
   293   174   331  3.3662  1.1559
   295   175   331  3.3582  1.1518
   297   172   331  3.3573  1.1514
   296   171   331  3.3538  1.1496
   296   175   331  3.3439  1.1445
   294   175   331  3.3160  1.1304
   292   172   331  3.3026  1.1237
   299   174   336  3.2988  1.1374
   299   173   336  3.2966  1.1362
   292   173   331  3.2923  1.1185
   299   173   332  3.2879  1.1194
   289   173   336  3.2803  1.1279
   289   172   336  3.2794  1.1275
   294   170   331  3.2764  1.1105
   297   175   331  3.2711  1.1079
   299   174   332  3.2707  1.1108
   298   173   331  3.2513  1.0980
   292   171   331  3.2478  1.0963
   298   174   331  3.2446  1.0947
   295   170   331  3.2434  1.0941
   293   170   331  3.2354  1.0901
   289   171   336  3.2275  1.1012
   289   174   336  3.2267  1.1008
   293   175   331  3.2237  1.0843
   292   174   331  3.2202  1.0826
   299   172   332  3.2144  1.0828
   297   171   331  3.1992  1.0723
   299   172   336  3.1932  1.0840
   299   175   336  3.1924  1.0837
   298   172   331  3.1613  1.0538
   299   175   332  3.1607  1.0564
   298   175   331  3.1421  1.0445
   295   176   331  3.1407  1.0438
   296   170   331  3.1366  1.0418
   296   176   331  3.1291  1.0382
   289   170   336  3.1279  1.0517
   292   170   331  3.1274  1.0374
   289   175   336  3.1157  1.0458
   291   172   331  3.1120  1.0300
   294   176   331  3.1043  1.0262
   291   173   331  3.1027  1.0255
   292   175   331  3.0919  1.0203
   291   171   331  3.0670  1.0085
   297   176   331  3.0668  1.0083
   299   171   332  3.0595  1.0076
   291   174   331  3.0420  0.9965
   299   174   331  3.0407  0.9960
   294   169   331  3.0369  0.9942
   293   176   331  3.0263  0.9891
   293   169   331  3.0237  0.9880
   299   173   331  3.0233  0.9878
   299   171   336  3.0034  0.9915
   289   169   336  2.9837  0.9822
   298   171   331  2.9829  0.9688
   299   176   336  2.9797  0.9803
   295   169   331  2.9792  0.9671
   291   170   331  2.9665  0.9612
   299   176   332  2.9639  0.9626
   299   173   335  2.9632  0.9699
   297   170   331  2.9624  0.9593
   299   175   331  2.9622  0.9592
   298   176   331  2.9549  0.9558
   299   174   335  2.9492  0.9634
   289   176   336  2.9482  0.9654
   292   169   331  2.9447  0.9511
   291   175   331  2.9344  0.9463
   292   176   331  2.9165  0.9381
   299   172   331  2.9118  0.9360
   290   172   331  2.8960  0.9287
   290   173   331  2.8926  0.9272
   299   172   335  2.8851  0.9335
   295   177   331  2.8731  0.9183
   295   177   336  2.8634  0.9259
   296   177   331  2.8590  0.9119
   294   177   336  2.8589  0.9239
   290   171   331  2.8561  0.9106
   296   177   336  2.8531  0.9212
   296   169   331  2.8527  0.9091
   290   174   331  2.8481  0.9070
   294   177   331  2.8481  0.9069
   293   177   336  2.8457  0.9178
   299   175   335  2.8403  0.9130
   299   170   332  2.8388  0.9052
   292   177   336  2.8278  0.9096
   292   167   336  2.8225  0.9072
   297   177   336  2.8213  0.9067
   297   177   332  2.8152  0.8945
   296   177   332  2.8138  0.8939
   291   169   331  2.8119  0.8907
   291   177   336  2.8054  0.8994
   297   177   331  2.8025  0.8865
   291   167   336  2.8018  0.8978
   289   168   336  2.7993  0.8966
   299   176   331  2.7971  0.8841
   293   177   331  2.7899  0.8808
   291   176   331  2.7870  0.8795
   293   167   336  2.7845  0.8899
   298   177   332  2.7760  0.8770
   290   177   336  2.7748  0.8855
   295   177   332  2.7747  0.8764
   290   170   331  2.7715  0.8727
   290   175   331  2.7655  0.8700
   298   177   336  2.7629  0.8802
   293   168   331  2.7556  0.8656
   299   170   336  2.7481  0.8736
   294   168   331  2.7416  0.8594
   298   170   331  2.7322  0.8553
   289   177   336  2.7296  0.8653
   299   171   335  2.7260  0.8615
   290   167   336  2.7204  0.8612
   299   171   331  2.7178  0.8490
   292   168   331  2.7081  0.8448
   292   177   331  2.7072  0.8444
   298   177   331  2.7039  0.8429
   294   177   332  2.7033  0.8449
   299   177   332  2.6958  0.8416
   294   167   336  2.6952  0.8500
   299   173   333  2.6850  0.8390
   289   173   331  2.6796  0.8323
   299   177   336  2.6747  0.8409
   289   172   331  2.6736  0.8297
   293   167   332  2.6700  0.8303
   297   169   331  2.6660  0.8264
   289   172   332  2.6650  0.8282
   299   174   333  2.6644  0.8300
   295   168   331  2.6630  0.8252
   299   174   334  2.6621  0.8312
   299   173   334  2.6591  0.8299
   289   171   332  2.6584  0.8253
   294   167   332  2.6569  0.8246
   289   174   331  2.6537  0.8212
   290   176   331  2.6494  0.8193
   299   176   335  2.6430  0.8250
   290   169   331  2.6426  0.8164
   289   171   331  2.6348  0.8130
   289   173   332  2.6342  0.8148
   292   167   332  2.6326  0.8142
   299   172   333  2.6267  0.8137
   289   172   335  2.6174  0.8138
   289   170   332  2.6143  0.8063
   289   171   335  2.6114  0.8112
   291   177   331  2.6100  0.8024
   291   168   331  2.6089  0.8019
   293   177   332  2.6075  0.8034
   289   175   331  2.5976  0.7971
   295   167   332  2.5948  0.7980
   289   173   335  2.5841  0.7995
   289   167   336  2.5824  0.8008
   289   176   338  2.5784  0.8030
   299   175   334  2.5762  0.7941
   299   172   334  2.5738  0.7930
   299   169   332  2.5730  0.7887
   289   175   338  2.5708  0.7997
   289   170   335  2.5661  0.7918
   289   174   332  2.5659  0.7857
   299   177   331  2.5656  0.7836
   295   167   336  2.5652  0.7933
   289   170   331  2.5621  0.7821
   299   175   333  2.5616  0.7858
   296   177   335  2.5579  0.7882
   290   176   338  2.5521  0.7916
   289   175   337  2.5502  0.7889
   290   175   338  2.5493  0.7904
   291   167   332  2.5479  0.7781
   295   177   335  2.5446  0.7826
   297   177   335  2.5362  0.7790
   289   169   332  2.5331  0.7718
   289   174   337  2.5317  0.7810
   296   168   331  2.5241  0.7661
   289   176   337  2.5226  0.7771
   289   176   331  2.5136  0.7617
   289   174   335  2.5116  0.7686
   289   174   338  2.5101  0.7737
   290   177   331  2.5074  0.7591
   299   170   335  2.5038  0.7653
   289   172   333  2.5033  0.7612
   294   177   335  2.5022  0.7646
   295   173   330  3.6405  1.2969
   296   173   330  3.6395  1.2963
   295   172   330  3.6191  1.2853
   296   172   330  3.5930  1.2712
   296   174   330  3.5859  1.2674
   294   172   330  3.5711  1.2595
   297   173   330  3.5706  1.2592
   294   173   330  3.5704  1.2591
   295   174   330  3.5673  1.2575
   297   174   330  3.5401  1.2430
   295   171   330  3.5071  1.2255
   297   172   330  3.4978  1.2207
   294   171   330  3.4867  1.2148
   294   174   330  3.4828  1.2128
   296   171   330  3.4527  1.1971
   293   172   330  3.4488  1.1951
   298   173   330  3.4403  1.1907
   298   174   330  3.4346  1.1878
   296   175   330  3.4333  1.1871
   293   173   330  3.4308  1.1858
   297   175   330  3.4057  1.1728
   295   175   330  3.4021  1.1710
   293   171   330  3.3897  1.1647
   298   172   330  3.3420  1.1404
   293   174   330  3.3350  1.1368
   297   171   330  3.3309  1.1348
   294   170   330  3.3243  1.1315
   298   175   330  3.3223  1.1304
   295   170   330  3.3143  1.1264
   294   175   330  3.3116  1.1251
   299   174   330  3.2751  1.1068
   292   172   330  3.2595  1.0991
   293   170   330  3.2582  1.0984
   299   173   330  3.2560  1.0973
   296   170   330  3.2320  1.0855
   292   173   330  3.2297  1.0843
   292   171   330  3.2220  1.0805
   296   176   330  3.1916  1.0656
   299   175   330  3.1872  1.0635
   297   176   330  3.1763  1.0582
   293   175   330  3.1656  1.0530
   295   176   330  3.1551  1.0479
   298   171   330  3.1525  1.0466
   299   172   330  3.1355  1.0384
   292   174   330  3.1328  1.0371
   292   170   330  3.1200  1.0310
   298   176   330  3.1109  1.0266
   294   169   330  3.0969  1.0199
   300   174   336  3.0919  1.0342
   297   170   330  3.0872  1.0153
   300   174   332  3.0792  1.0170
   300   173   332  3.0753  1.0151
   300   174   330  3.0678  1.0060
   294   176   330  3.0673  1.0058
   300   173   336  3.0646  1.0209
   293   169   330  3.0640  1.0043
   288   173   336  3.0599  1.0186
   295   169   330  3.0573  1.0011
   288   172   336  3.0405  1.0093
   288   174   336  3.0343  1.0063
   300   173   330  3.0260  0.9863
   291   172   330  3.0182  0.9827
   300   175   336  3.0145  0.9968
   300   175   330  3.0051  0.9765
   299   176   330  2.9983  0.9734
   291   171   330  2.9976  0.9730
   300   175   332  2.9929  0.9761
   300   172   332  2.9855  0.9726
   291   173   330  2.9824  0.9660
   288   171   336  2.9802  0.9805
   292   175   330  2.9731  0.9617
   292   169   330  2.9605  0.9558
   288   175   336  2.9600  0.9710
   296   169   330  2.9514  0.9516
   300   172   336  2.9426  0.9628
   293   176   330  2.9328  0.9430
   299   171   330  2.9293  0.9415
   291   170   330  2.9224  0.9383
   298   170   330  2.8926  0.9247
   291   174   330  2.8911  0.9240
   300   172   330  2.8881  0.9226
   288   170   336  2.8826  0.9348
   296   177   330  2.8807  0.9193
   297   177   330  2.8719  0.9153
   295   177   330  2.8458  0.9035
   300   176   330  2.8416  0.9016
   288   176   336  2.8354  0.9131
   300   176   336  2.8318  0.9114
   294   168   330  2.8230  0.8933
   293   168   330  2.8220  0.8928
   300   171   332  2.8211  0.8972
   300   176   332  2.8206  0.8969
   298   177   330  2.8200  0.8919
   291   169   330  2.7971  0.8817
   300   174   331  2.7919  0.8818
   297   169   330  2.7907  0.8789
   294   177   330  2.7685  0.8690
   292   176   330  2.7602  0.8654
   295   168   330  2.7587  0.8647
   292   168   330  2.7549  0.8631
   300   173   331  2.7517  0.8639
   288   169   336  2.7503  0.8746
   291   175   330  2.7485  0.8602
   290   172   330  2.7466  0.8594
   300   171   336  2.7437  0.8716
   300   175   331  2.7388  0.8582
   290   171   330  2.7381  0.8556
   300   174   335  2.7361  0.8660
   300   173   335  2.7307  0.8635
   299   177   330  2.7266  0.8506
   290   173   330  2.7103  0.8435
   290   170   330  2.6855  0.8327
   300   171   330  2.6731  0.8274
   288   177   336  2.6627  0.8357
   299   170   330  2.6619  0.8225
   293   177   330  2.6537  0.8190
   300   175   335  2.6503  0.8282
   300   172   335  2.6388  0.8231
   296   168   330  2.6368  0.8118
   290   174   330  2.6301  0.8089
   291   168   330  2.6298  0.8087
   300   172   331  2.6227  0.8078
   300   170   332  2.5994  0.7999
   300   176   331  2.5993  0.7978
   300   177   330  2.5937  0.7934
   290   169   330  2.5916  0.7925
   298   169   330  2.5897  0.7917
   288   168   336  2.5872  0.8028
   295   178   331  2.5810  0.7901
   300   177   332  2.5760  0.7899
   294   178   331  2.5704  0.7856
   291   176   330  2.5629  0.7804
   296   178   331  2.5610  0.7816
   300   177   336  2.5555  0.7892
   293   167   330  2.5516  0.7756
   288   176   338  2.5471  0.7895
   293   178   331  2.5345  0.7705
   288   175   338  2.5311  0.7827
   296   178   330  2.5300  0.7666
   294   167   330  2.5260  0.7649
   289   177   338  2.5257  0.7803
   288   175   337  2.5254  0.7783
   297   178   330  2.5225  0.7635
   292   167   330  2.5187  0.7619
   288   176   337  2.5169  0.7746
   290   175   330  2.5098  0.7582
   292   177   330  2.5097  0.7581
   288   177   338  2.5073  0.7725
   297   178   331  2.5070  0.7590
   291   166   336  2.5037  0.7672
   295   178   330  2.5023  0.7551
   292   166   336  2.5012  0.7661
   295   172   329  3.8162  1.3901
   295   173   329  3.8066  1.3847
   294   172   329  3.8032  1.3828
   294   173   329  3.7819  1.3709
   296   173   329  3.7585  1.3578
   296   172   329  3.7534  1.3550
   294   171   329  3.7403  1.3477
   295   171   329  3.7375  1.3461
   293   172   329  3.7160  1.3343
   295   174   329  3.7058  1.3287
   293   173   329  3.6867  1.3182
   294   174   329  3.6745  1.3115
   296   174   329  3.6701  1.3091
   293   171   329  3.6677  1.3079
   296   171   329  3.6587  1.3029
   297   173   329  3.6413  1.2935
   297   172   329  3.6192  1.2816
   294   170   329  3.5988  1.2706
   293   174   329  3.5783  1.2597
   295   170   329  3.5775  1.2593
   297   174   329  3.5698  1.2552
   292   172   329  3.5616  1.2508
   293   170   329  3.5462  1.2426
   292   173   329  3.5284  1.2332
   292   171   329  3.5261  1.2320
   295   175   329  3.5162  1.2268
   297   171   329  3.5092  1.2231
   296   175   329  3.4896  1.2129
   296   170   329  3.4833  1.2096
   294   175   329  3.4832  1.2096
   298   173   329  3.4626  1.1988
   292   174   329  3.4251  1.1795
   292   170   329  3.4248  1.1793
   298   172   329  3.4225  1.1781
   298   174   329  3.4118  1.1726
   297   175   329  3.4054  1.1694
   293   175   329  3.3932  1.1631
   294   169   329  3.3878  1.1604
   293   169   329  3.3583  1.1454
   291   172   329  3.3531  1.1428
   295   169   329  3.3479  1.1401
   291   171   329  3.3273  1.1298
   297   170   329  3.3222  1.1272
   291   173   329  3.3202  1.1262
   298   171   329  3.2991  1.1156
   298   175   329  3.2691  1.1007
   292   169   329  3.2627  1.0976
   292   175   329  3.2536  1.0931
   295   176   329  3.2467  1.0896
   291   170   329  3.2451  1.0889
   296   169   329  3.2409  1.0868
   299   173   329  3.2336  1.0832
   291   174   329  3.2275  1.0802
   296   176   329  3.2261  1.0795
   294   176   329  3.2168  1.0750
   299   174   329  3.2055  1.0694
   299   172   329  3.1759  1.0550
   297   176   329  3.1563  1.0455
   293   176   329  3.1392  1.0373
   294   168   329  3.1204  1.0283
   293   168   329  3.1144  1.0255
   291   169   329  3.1094  1.0231
   290   172   329  3.1074  1.0221
   298   170   329  3.1054  1.0211
   299   175   329  3.0886  1.0132
   290   171   329  3.0879  1.0128
   290   173   329  3.0789  1.0086
   291   175   329  3.0763  1.0073
   297   169   329  3.0740  1.0063
   295   168   329  3.0642  1.0016
   292   168   329  3.0474  0.9937
   299   171   329  3.0421  0.9912
   298   176   329  3.0416  0.9910
   290   170   329  3.0219  0.9817
   292   176   329  3.0209  0.9813
   290   174   329  3.0014  0.9722
   300   173   329  2.9675  0.9565
   300   174   329  2.9623  0.9541
   296   168   329  2.9495  0.9482
   291   168   329  2.9250  0.9370
   295   177   329  2.9146  0.9322
   290   169   329  2.9109  0.9305
   296   177   329  2.8970  0.9242
   300   172   329  2.8944  0.9230
   294   177   329  2.8921  0.9220
   299   176   329  2.8884  0.9203
   290   175   329  2.8754  0.9144
   300   175   329  2.8733  0.9135
   291   176   329  2.8723  0.9130
   298   169   329  2.8587  0.9069
   301   174   336  2.8490  0.9193
   301   174   332  2.8478  0.9092
   299   170   329  2.8472  0.9017
   289   172   329  2.8430  0.8998
   297   177   329  2.8398  0.8984
   293   177   329  2.8322  0.8950
   293   167   329  2.8286  0.8934
   289   171   329  2.8261  0.8923
   301   173   332  2.8255  0.8992
   289   173   329  2.8225  0.8907
   301   174   330  2.8191  0.8915
   287   174   336  2.8172  0.9048
   287   173   336  2.8151  0.9038
   294   167   329  2.8138  0.8868
   301   175   336  2.8002  0.8971
   301   173   336  2.7991  0.8965
   292   167   329  2.7896  0.8760
   301   175   332  2.7845  0.8807
   297   168   329  2.7839  0.8736
   301   175   330  2.7805  0.8743
   287   175   336  2.7787  0.8873
   287   172   336  2.7770  0.8865
   289   170   329  2.7726  0.8686
   289   174   329  2.7634  0.8645
   301   173   330  2.7584  0.8646
   290   168   329  2.7573  0.8618
   300   171   329  2.7546  0.8606
   298   177   329  2.7459  0.8568
   295   167   329  2.7459  0.8568
   292   177   329  2.7412  0.8548
   301   172   332  2.7240  0.8540
   287   171   336  2.7077  0.8556
   290   176   329  2.7055  0.8392
   300   176   329  2.7040  0.8386
   291   167   329  2.6996  0.8366
   287   176   336  2.6958  0.8503
   301   174   329  2.6943  0.8343
   289   169   329  2.6828  0.8294
   301   173   329  2.6789  0.8277
   289   175   329  2.6657  0.8220
   301   172   336  2.6635  0.8360
   301   176   336  2.6493  0.8298
   301   176   330  2.6437  0.8147
   301   176   332  2.6378  0.8164
   301   175   329  2.6329  0.8080
   296   167   329  2.6296  0.8066
   291   177   329  2.6277  0.8057
   299   177   329  2.6201  0.8025
   287   170   336  2.6111  0.8131
   301   172   330  2.6097  0.8002
   299   169   329  2.6094  0.7980
   301   172   329  2.5942  0.7915
   298   168   329  2.5790  0.7851
   287   177   336  2.5681  0.7946
   290   167   329  2.5655  0.7794
   300   170   329  2.5644  0.7790
   289   168   329  2.5569  0.7759
   301   171   332  2.5563  0.7816
   295   178   329  2.5468  0.7716
   294   178   329  2.5347  0.7666
   289   176   329  2.5324  0.7656
   296   178   329  2.5295  0.7644
   293   166   329  2.5177  0.7595
   301   174   331  2.5091  0.7598
   292   166   329  2.5031  0.7534
   290   177   329  2.5013  0.7527
   302   174   332  2.5844  0.7935
   286   174   336  2.5816  0.8004
   288   172   329  2.5776  0.7845
   286   175   336  2.5746  0.7974
   302   174   336  2.5741  0.7972
   288   173   329  2.5674  0.7803
   288   171   329  2.5598  0.7771
   286   173   336  2.5554  0.7891
   302   175   336  2.5522  0.7878
   302   173   332  2.5477  0.7780
   302   175   332  2.5420  0.7756
   302   174   330  2.5357  0.7689
   286   176   336  2.5294  0.7781
   288   174   329  2.5282  0.7639
   302   175   330  2.5183  0.7617
   288   170   329  2.5145  0.7582
   302   173   336  2.5054  0.7679
   286   172   336  2.5017  0.7663
