#   X     Y     Z      S       D
   415   191   335  3.4962  1.2372
   414   191   335  3.4960  1.2372
   415   192   335  3.4960  1.2371
   414   192   335  3.4918  1.2349
   414   190   335  3.4753  1.2261
   416   192   335  3.4735  1.2251
   415   190   335  3.4721  1.2244
   416   191   335  3.4704  1.2235
   416   190   335  3.4444  1.2098
   414   190   336  3.3519  1.1647
   414   191   336  3.3321  1.1545
   415   190   336  3.2913  1.1335
   414   192   336  3.2840  1.1298
   415   191   336  3.2762  1.1259
   415   192   336  3.2338  1.1044
   416   190   336  3.2214  1.0982
   416   191   336  3.2108  1.0928
   416   192   336  3.1738  1.0744
   415   193   335  3.4722  1.2244
   413   191   335  3.4686  1.2225
   414   193   335  3.4637  1.2200
   413   192   335  3.4603  1.2182
   416   193   335  3.4540  1.2148
   413   190   335  3.4519  1.2137
   414   189   335  3.4295  1.2019
   413   193   335  3.4286  1.2014
   417   192   335  3.4265  1.2003
   415   189   335  3.4240  1.1990
   417   191   335  3.4216  1.1978
   417   193   335  3.4107  1.1920
   413   189   335  3.4097  1.1915
   413   190   336  3.4005  1.1900
   416   189   335  3.3955  1.1841
   417   190   335  3.3953  1.1840
   413   189   336  3.3915  1.1853
   413   191   336  3.3763  1.1773
   417   189   335  3.3475  1.1592
   414   189   336  3.3403  1.1587
   413   192   336  3.3228  1.1497
   415   189   336  3.2768  1.1262
   413   193   336  3.2450  1.1100
   414   193   336  3.2116  1.0932
   416   189   336  3.2044  1.0896
   415   193   336  3.1672  1.0711
   417   190   336  3.1449  1.0601
   417   191   336  3.1379  1.0566
   413   191   337  3.1376  1.0593
   413   192   337  3.1312  1.0562
   417   189   336  3.1260  1.0508
   413   190   337  3.1197  1.0505
   414   192   337  3.1169  1.0491
   414   191   337  3.1168  1.0491
   416   193   336  3.1130  1.0444
   417   192   336  3.1055  1.0408
   413   193   337  3.0967  1.0393
   414   190   337  3.0940  1.0379
   414   193   337  3.0898  1.0359
   415   192   337  3.0881  1.0350
   415   191   337  3.0827  1.0324
   413   189   337  3.0816  1.0319
   415   193   337  3.0672  1.0249
   415   190   337  3.0559  1.0194
   414   189   337  3.0530  1.0180
   417   193   336  3.0499  1.0138
   416   192   337  3.0449  1.0141
   416   191   337  3.0355  1.0096
   416   193   337  3.0289  1.0064
   415   189   337  3.0125  0.9985
   416   190   337  3.0058  0.9953
   417   192   337  2.9878  0.9867
   417   191   337  2.9756  0.9809
   417   193   337  2.9752  0.9807
   416   189   337  2.9606  0.9738
   417   190   337  2.9440  0.9660
   417   189   337  2.8980  0.9444
   415   190   338  3.4855  1.2418
   414   190   338  3.4787  1.2382
   415   191   338  3.4766  1.2370
   414   191   338  3.4652  1.2309
   416   190   338  3.4649  1.2307
   415   189   338  3.4645  1.2305
   414   189   338  3.4616  1.2290
   416   191   338  3.4599  1.2281
   416   189   338  3.4407  1.2178
   413   190   338  3.4400  1.2174
   415   192   338  3.4395  1.2172
   412   190   336  3.4337  1.2075
   416   192   338  3.4270  1.2105
   412   189   336  3.4266  1.2037
   413   189   338  3.4263  1.2102
   415   194   335  3.4263  1.2002
   414   192   338  3.4235  1.2087
   417   190   338  3.4226  1.2082
   413   191   338  3.4222  1.2080
   417   191   338  3.4201  1.2069
   412   191   335  3.4140  1.1938
   414   194   335  3.4136  1.1936
   416   194   335  3.4133  1.1934
   415   188   338  3.4119  1.2025
   414   188   338  3.4112  1.2022
   412   191   336  3.4058  1.1928
   412   192   335  3.4022  1.1876
   412   190   335  3.4016  1.1873
   417   189   338  3.3967  1.1945
   417   192   338  3.3900  1.1910
   416   188   338  3.3864  1.1891
   412   188   336  3.3814  1.1800
   413   188   338  3.3781  1.1847
   413   192   338  3.3764  1.1838
   415   193   338  3.3764  1.1838
   413   194   335  3.3759  1.1739
   417   194   335  3.3752  1.1735
   412   193   335  3.3682  1.1699
   416   193   338  3.3676  1.1792
   412   190   338  3.3670  1.1789
   418   190   338  3.3638  1.1773
   412   189   335  3.3633  1.1674
   418   191   338  3.3620  1.1763
   414   188   335  3.3588  1.1650
   418   192   335  3.3584  1.1649
   414   193   338  3.3564  1.1734
   412   189   338  3.3555  1.1729
   418   191   335  3.3530  1.1621
   415   188   335  3.3523  1.1617
   412   192   336  3.3480  1.1627
   413   188   336  3.3469  1.1621
   412   191   338  3.3464  1.1682
   418   193   335  3.3451  1.1580
   417   188   338  3.3421  1.1659
   413   188   335  3.3412  1.1560
   418   189   338  3.3381  1.1639
   417   193   338  3.3337  1.1616
   418   192   338  3.3333  1.1614
   418   190   335  3.3280  1.1492
   416   188   335  3.3246  1.1474
   412   194   335  3.3150  1.1425
   418   194   335  3.3141  1.1421
   412   188   338  3.3083  1.1484
   413   193   338  3.3059  1.1472
   412   192   338  3.2980  1.1431
   412   188   335  3.2979  1.1338
   414   188   336  3.2958  1.1358
   415   194   338  3.2888  1.1384
   418   188   338  3.2847  1.1363
   416   194   338  3.2834  1.1356
   418   189   335  3.2829  1.1262
   417   188   335  3.2791  1.1242
   418   193   338  3.2790  1.1334
   412   193   336  3.2659  1.1206
   414   194   338  3.2658  1.1266
   417   194   338  3.2527  1.1199
   415   188   336  3.2321  1.1035
   412   193   338  3.2256  1.1062
   418   188   335  3.2182  1.0936
   413   194   338  3.2133  1.1000
   418   194   338  3.2008  1.0937
   412   194   336  3.1649  1.0700
   416   188   336  3.1596  1.0674
   413   194   336  3.1478  1.0615
   412   191   337  3.1440  1.0625
   412   194   338  3.1326  1.0596
   412   190   337  3.1317  1.0564
   412   192   337  3.1305  1.0558
   414   194   336  3.1191  1.0474
   412   189   337  3.0970  1.0394
   412   193   337  3.0881  1.0350
   417   188   336  3.0818  1.0292
   415   194   336  3.0800  1.0284
   418   190   336  3.0641  1.0207
   418   191   336  3.0594  1.0184
   418   189   336  3.0444  1.0112
   412   188   337  3.0424  1.0129
   414   194   337  3.0325  1.0081
   413   194   337  3.0318  1.0078
   416   194   336  3.0315  1.0050
   418   192   336  3.0305  1.0045
   413   188   337  3.0260  1.0050
   415   194   337  3.0166  1.0005
   412   194   337  3.0153  0.9998
   418   188   336  3.0014  0.9906
   414   188   337  2.9967  0.9909
   416   194   337  2.9838  0.9848
   418   193   336  2.9791  0.9800
   417   194   336  2.9739  0.9775
   415   188   337  2.9557  0.9715
   417   194   337  2.9344  0.9614
   418   192   337  2.9173  0.9534
   418   194   336  2.9079  0.9466
   418   193   337  2.9071  0.9486
   416   188   337  2.9037  0.9471
   418   191   337  2.9037  0.9470
   418   190   337  2.8714  0.9320
   418   194   337  2.8695  0.9311
   417   188   337  2.8416  0.9183
   418   189   337  2.8257  0.9110
   418   188   337  2.7707  0.8860
   411   190   336  3.4477  1.2148
   411   189   336  3.4414  1.2115
   411   191   336  3.4175  1.1989
   411   188   336  3.3950  1.1871
   415   195   335  3.3610  1.1662
   411   192   336  3.3567  1.1672
   416   195   335  3.3534  1.1623
   414   195   335  3.3447  1.1578
   411   191   335  3.3342  1.1524
   415   187   338  3.3266  1.1579
   414   187   338  3.3260  1.1576
   411   190   335  3.3255  1.1479
   417   195   335  3.3215  1.1459
   411   192   335  3.3197  1.1449
   411   187   336  3.3070  1.1416
   413   195   335  3.3058  1.1378
   416   187   338  3.3017  1.1450
   412   187   336  3.2970  1.1365
   413   187   338  3.2929  1.1405
   419   190   338  3.2924  1.1403
   411   189   335  3.2910  1.1303
   419   191   338  3.2897  1.1388
   411   193   335  3.2847  1.1271
   419   192   335  3.2726  1.1210
   411   193   336  3.2717  1.1235
   419   189   338  3.2685  1.1280
   419   191   335  3.2678  1.1185
   418   195   335  3.2664  1.1178
   413   187   336  3.2660  1.1207
   414   187   335  3.2636  1.1164
   419   192   338  3.2611  1.1242
   411   190   338  3.2608  1.1241
   419   193   335  3.2606  1.1149
   417   187   338  3.2588  1.1230
   415   187   335  3.2580  1.1136
   411   189   338  3.2494  1.1182
   413   187   335  3.2465  1.1078
   412   195   335  3.2464  1.1077
   419   190   335  3.2450  1.1070
   411   191   338  3.2397  1.1133
   419   194   335  3.2330  1.1010
   411   194   335  3.2329  1.1009
   416   187   335  3.2329  1.1009
   411   188   335  3.2289  1.0989
   412   187   338  3.2227  1.1047
   414   187   336  3.2182  1.0966
   419   188   338  3.2177  1.1022
   419   193   338  3.2079  1.0973
   412   187   335  3.2047  1.0869
   418   187   338  3.2040  1.0953
   419   189   335  3.2034  1.0862
   411   188   338  3.2014  1.0940
   417   187   335  3.1913  1.0802
   411   192   338  3.1908  1.0887
   419   195   335  3.1904  1.0798
   415   195   338  3.1784  1.0824
   416   195   338  3.1759  1.0812
   411   194   336  3.1682  1.0716
   411   195   335  3.1681  1.0687
   415   187   336  3.1577  1.0664
   414   195   338  3.1535  1.0700
   417   195   338  3.1487  1.0676
   419   188   335  3.1431  1.0564
   419   187   338  3.1407  1.0637
   411   187   335  3.1380  1.0539
   418   187   335  3.1354  1.0526
   411   191   337  3.1343  1.0577
   419   194   338  3.1322  1.0595
   411   190   337  3.1278  1.0545
   411   193   338  3.1187  1.0528
   411   187   338  3.1145  1.0507
   411   192   337  3.1136  1.0475
   416   191   339  3.1030  1.0478
   418   195   338  3.1006  1.0439
   413   195   338  3.1004  1.0438
   417   191   339  3.0987  1.0457
   416   192   339  3.0970  1.0449
   411   189   337  3.0966  1.0392
   415   191   339  3.0940  1.0434
   415   192   339  3.0929  1.0428
   416   187   336  3.0885  1.0325
   417   192   339  3.0878  1.0403
   416   190   339  3.0859  1.0394
   417   190   339  3.0855  1.0392
   418   191   339  3.0808  1.0369
   414   192   339  3.0760  1.0346
   415   190   339  3.0735  1.0333
   414   191   339  3.0729  1.0330
   418   190   339  3.0714  1.0323
   415   193   339  3.0701  1.0317
   416   193   339  3.0689  1.0311
   418   192   339  3.0655  1.0294
   419   187   335  3.0652  1.0185
   411   193   337  3.0635  1.0231
   414   193   339  3.0583  1.0259
   417   193   339  3.0544  1.0240
   411   195   336  3.0506  1.0141
   419   191   339  3.0503  1.0220
   414   190   339  3.0500  1.0219
   412   195   336  3.0492  1.0135
   413   192   339  3.0483  1.0210
   417   189   339  3.0476  1.0207
   416   189   339  3.0459  1.0199
   419   190   339  3.0441  1.0190
   411   188   337  3.0430  1.0132
   413   191   339  3.0422  1.0181
   419   195   338  3.0363  1.0126
   418   189   339  3.0362  1.0152
   413   195   336  3.0350  1.0067
   413   193   339  3.0344  1.0143
   415   189   339  3.0324  1.0133
   419   192   339  3.0317  1.0130
   418   193   339  3.0278  1.0111
   411   194   338  3.0271  1.0081
   415   194   339  3.0265  1.0104
   412   195   338  3.0209  1.0051
   416   194   339  3.0200  1.0073
   414   194   339  3.0196  1.0071
   413   190   339  3.0180  1.0064
   417   187   336  3.0140  0.9966
   412   192   339  3.0118  1.0034
   419   189   339  3.0116  1.0033
   414   195   336  3.0102  0.9948
   414   189   339  3.0089  1.0020
   412   191   339  3.0043  0.9998
   417   194   339  3.0005  0.9979
   412   193   339  3.0002  0.9978
   413   194   339  2.9998  0.9976
   419   193   339  2.9907  0.9932
   417   188   339  2.9857  0.9908
   416   188   339  2.9841  0.9901
   411   194   337  2.9835  0.9847
   419   190   336  2.9805  0.9807
   412   190   339  2.9801  0.9881
   413   189   339  2.9780  0.9871
   419   191   336  2.9767  0.9789
   415   195   336  2.9759  0.9785
   418   188   339  2.9754  0.9859
   415   188   339  2.9720  0.9843
   418   194   339  2.9696  0.9831
   412   187   337  2.9688  0.9777
   411   192   339  2.9681  0.9824
   412   194   339  2.9680  0.9824
   411   187   337  2.9679  0.9772
   415   195   339  2.9622  0.9796
   419   189   336  2.9613  0.9716
   411   191   339  2.9609  0.9790
   414   195   339  2.9599  0.9785
   411   193   339  2.9568  0.9770
   413   187   337  2.9540  0.9707
   419   188   339  2.9525  0.9750
   414   188   339  2.9513  0.9744
   416   195   339  2.9510  0.9743
   419   192   336  2.9498  0.9662
   414   195   337  2.9448  0.9663
   413   195   339  2.9438  0.9709
   412   189   339  2.9418  0.9699
   411   190   339  2.9377  0.9680
   418   187   336  2.9373  0.9603
   413   195   337  2.9367  0.9625
   415   195   337  2.9359  0.9621
   416   195   336  2.9326  0.9581
   419   194   339  2.9292  0.9639
   417   195   339  2.9270  0.9629
   414   187   337  2.9262  0.9576
   411   194   339  2.9253  0.9621
   413   188   339  2.9237  0.9613
   419   188   336  2.9202  0.9523
   411   195   338  2.9185  0.9565
   412   195   339  2.9145  0.9570
   412   195   337  2.9132  0.9515
   416   195   337  2.9091  0.9496
   416   187   339  2.9021  0.9512
   417   187   339  2.9015  0.9509
   419   193   336  2.9015  0.9436
   411   189   339  2.9011  0.9507
   415   187   339  2.8937  0.9473
   418   195   339  2.8920  0.9464
   412   188   339  2.8907  0.9458
   418   187   339  2.8907  0.9458
   415   187   337  2.8868  0.9392
   417   195   336  2.8805  0.9339
   414   187   339  2.8777  0.9397
   411   195   337  2.8756  0.9340
   411   195   339  2.8726  0.9374
   419   187   339  2.8684  0.9354
   417   195   337  2.8645  0.9289
   419   187   336  2.8601  0.9244
   413   187   339  2.8550  0.9292
   411   188   339  2.8523  0.9279
   419   195   339  2.8481  0.9260
   416   187   337  2.8364  0.9159
   419   192   337  2.8347  0.9151
   419   194   336  2.8340  0.9125
   419   193   337  2.8261  0.9112
   412   187   339  2.8259  0.9157
   419   191   337  2.8207  0.9087
   418   195   336  2.8197  0.9059
   418   195   337  2.8039  0.9010
   419   194   337  2.7913  0.8953
   411   187   339  2.7897  0.8991
   419   190   337  2.7891  0.8943
   417   187   337  2.7763  0.8885
   419   195   336  2.7506  0.8747
   419   189   337  2.7452  0.8745
   419   195   337  2.7299  0.8676
   418   187   337  2.7083  0.8580
   419   188   337  2.6931  0.8512
   419   187   337  2.6348  0.8255
   410   190   336  3.4382  1.2098
   410   189   336  3.4315  1.2063
   410   191   336  3.4076  1.1937
   410   188   336  3.3831  1.1809
   410   192   336  3.3457  1.1615
   410   187   336  3.2915  1.1336
   415   196   335  3.2795  1.1245
   416   196   335  3.2769  1.1231
   414   196   335  3.2606  1.1149
   410   193   336  3.2595  1.1174
   417   196   335  3.2515  1.1103
   410   191   335  3.2316  1.1003
   410   190   335  3.2259  1.0974
   413   196   335  3.2222  1.0956
   410   192   335  3.2153  1.0921
   420   190   338  3.2101  1.0983
   415   186   338  3.2089  1.0978
   414   186   338  3.2058  1.0962
   420   191   338  3.2055  1.0960
   418   196   335  3.2033  1.0862
   410   189   335  3.1948  1.0819
   420   189   338  3.1890  1.0877
   416   186   338  3.1871  1.0868
   410   193   335  3.1806  1.0749
   411   186   336  3.1787  1.0768
   420   192   338  3.1763  1.0814
   412   186   336  3.1747  1.0748
   420   192   335  3.1719  1.0706
   413   186   338  3.1706  1.0786
   420   191   335  3.1681  1.0687
   412   196   335  3.1663  1.0678
   420   193   335  3.1606  1.0650
   410   186   336  3.1579  1.0665
   410   194   336  3.1549  1.0651
   413   186   336  3.1502  1.0627
   417   186   338  3.1480  1.0673
   420   190   335  3.1478  1.0587
   414   186   335  3.1450  1.0573
   415   186   335  3.1427  1.0562
   420   188   338  3.1418  1.0642
   410   188   335  3.1358  1.0528
   420   194   335  3.1352  1.0525
   419   196   335  3.1338  1.0518
   410   194   335  3.1317  1.0508
   413   186   335  3.1262  1.0481
   410   190   338  3.1254  1.0561
   420   193   338  3.1241  1.0555
   416   186   335  3.1223  1.0462
   410   189   338  3.1115  1.0492
   420   189   335  3.1096  1.0400
   414   186   336  3.1092  1.0426
   410   191   338  3.1066  1.0468
   410   191   337  3.1054  1.0435
   410   190   337  3.1041  1.0428
   412   186   338  3.0986  1.0429
   418   186   338  3.0975  1.0424
   420   195   335  3.0968  1.0338
   411   196   335  3.0940  1.0324
   417   186   335  3.0864  1.0287
   412   186   335  3.0841  1.0276
   410   192   337  3.0784  1.0303
   410   189   337  3.0762  1.0292
   410   195   335  3.0725  1.0220
   420   187   338  3.0690  1.0284
   410   188   338  3.0609  1.0245
   410   192   338  3.0598  1.0240
   415   186   336  3.0556  1.0166
   420   188   335  3.0532  1.0127
   420   194   338  3.0512  1.0198
   410   187   335  3.0473  1.0099
   416   196   338  3.0463  1.0174
   415   196   338  3.0459  1.0172
   420   196   335  3.0458  1.0092
   419   186   338  3.0390  1.0139
   418   186   335  3.0365  1.0047
   410   195   336  3.0362  1.0072
   410   188   337  3.0235  1.0038
   417   196   338  3.0233  1.0063
   410   193   337  3.0219  1.0030
   414   196   338  3.0198  1.0046
   411   186   335  3.0183  0.9960
   420   191   339  3.0083  1.0017
   410   196   335  3.0061  0.9902
   420   190   339  3.0042  0.9997
   416   186   336  2.9931  0.9866
   410   193   338  2.9902  0.9904
   411   186   338  2.9888  0.9897
   420   192   339  2.9878  0.9918
   418   196   338  2.9806  0.9858
   420   187   335  2.9797  0.9777
   420   189   339  2.9738  0.9851
   420   186   338  2.9723  0.9819
   419   186   335  2.9720  0.9741
   410   187   338  2.9717  0.9816
   413   196   338  2.9676  0.9797
   420   195   338  2.9603  0.9762
   410   187   337  2.9470  0.9673
   420   193   339  2.9449  0.9714
   410   194   337  2.9364  0.9624
   410   186   335  2.9293  0.9540
   417   186   336  2.9253  0.9547
   419   196   338  2.9227  0.9584
   412   196   336  2.9210  0.9527
   411   196   336  2.9206  0.9525
   410   192   339  2.9172  0.9583
   420   188   339  2.9165  0.9579
   410   191   339  2.9115  0.9556
   413   196   336  2.9092  0.9472
   410   196   336  2.9050  0.9452
   410   193   339  2.9045  0.9523
   410   194   338  2.9021  0.9488
   420   190   336  2.8945  0.9403
   420   186   335  2.8913  0.9364
   412   196   338  2.8911  0.9436
   420   191   336  2.8903  0.9384
   410   190   339  2.8899  0.9455
   414   196   336  2.8877  0.9372
   420   194   339  2.8813  0.9414
   414   196   339  2.8783  0.9400
   415   196   339  2.8768  0.9393
   420   189   336  2.8766  0.9321
   412   186   337  2.8760  0.9342
   410   194   339  2.8720  0.9371
   411   186   337  2.8715  0.9321
   413   196   339  2.8655  0.9341
   413   186   337  2.8650  0.9291
   420   192   336  2.8641  0.9263
   416   196   339  2.8614  0.9322
   415   196   336  2.8577  0.9233
   418   186   336  2.8550  0.9221
   410   189   339  2.8546  0.9290
   420   196   338  2.8540  0.9264
   410   186   337  2.8473  0.9209
   410   186   338  2.8446  0.9220
   414   186   337  2.8410  0.9180
   412   196   339  2.8385  0.9215
   420   188   336  2.8384  0.9144
   420   187   339  2.8335  0.9192
   417   196   339  2.8333  0.9192
   414   196   337  2.8292  0.9126
   415   196   337  2.8272  0.9117
   410   195   337  2.8249  0.9106
   416   196   336  2.8195  0.9058
   410   195   339  2.8188  0.9125
   420   193   336  2.8174  0.9049
   413   196   337  2.8145  0.9059
   416   196   337  2.8068  0.9024
   410   188   339  2.8065  0.9068
   415   186   337  2.8051  0.9016
   416   186   339  2.8016  0.9045
   410   195   338  2.7986  0.9009
   415   186   339  2.7979  0.9029
   411   196   339  2.7977  0.9028
   417   186   339  2.7976  0.9027
   420   195   339  2.7975  0.9027
   418   196   339  2.7944  0.9013
   411   196   338  2.7939  0.8988
   414   186   339  2.7872  0.8980
   412   196   337  2.7853  0.8926
   418   186   339  2.7850  0.8970
   419   186   336  2.7841  0.8897
   420   187   336  2.7825  0.8890
   417   196   336  2.7729  0.8847
   413   186   339  2.7696  0.8899
   417   196   337  2.7681  0.8848
   419   186   339  2.7623  0.8866
   416   186   337  2.7584  0.8804
   420   194   336  2.7529  0.8757
   419   196   339  2.7470  0.8797
   412   186   339  2.7441  0.8784
   410   196   339  2.7439  0.8783
   411   196   337  2.7438  0.8739
   410   187   339  2.7436  0.8782
   420   192   337  2.7414  0.8728
   420   193   337  2.7340  0.8695
   420   186   339  2.7279  0.8711
   420   191   337  2.7279  0.8667
   418   196   336  2.7178  0.8600
   418   196   337  2.7128  0.8600
   420   186   336  2.7125  0.8577
   411   186   339  2.7091  0.8627
   420   194   337  2.7023  0.8553
   417   186   337  2.7021  0.8552
   420   190   337  2.6983  0.8535
   420   196   339  2.6933  0.8556
   410   196   337  2.6918  0.8507
   410   196   338  2.6808  0.8479
   420   195   336  2.6736  0.8404
   410   186   339  2.6616  0.8415
   420   189   337  2.6578  0.8356
   419   196   336  2.6543  0.8320
   420   195   337  2.6457  0.8303
   419   196   337  2.6444  0.8297
   418   186   337  2.6386  0.8272
   420   188   337  2.6103  0.8149
   420   196   336  2.5828  0.8009
   419   186   337  2.5706  0.7976
   420   196   337  2.5669  0.7960
   420   187   337  2.5578  0.7921
   420   186   337  2.5004  0.7677
   409   190   336  3.4011  1.1903
   409   189   336  3.3924  1.1858
   409   191   336  3.3719  1.1751
   409   188   336  3.3414  1.1592
   409   192   336  3.3112  1.1437
   409   187   336  3.2462  1.1106
   409   193   336  3.2257  1.1003
   416   197   335  3.1862  1.0776
   415   197   335  3.1849  1.0770
   417   197   335  3.1668  1.0681
   414   197   335  3.1649  1.0671
   413   197   335  3.1286  1.0493
   418   197   335  3.1258  1.0479
   409   194   336  3.1215  1.0486
   421   190   338  3.1167  1.0518
   421   191   338  3.1102  1.0486
   409   191   335  3.1085  1.0395
   409   186   336  3.1081  1.0420
   409   190   335  3.1048  1.0377
   421   189   338  3.0986  1.0429
   409   192   335  3.0914  1.0311
   421   192   338  3.0807  1.0342
   412   197   335  3.0778  1.0246
   409   189   335  3.0764  1.0239
   419   197   335  3.0637  1.0178
   415   185   338  3.0611  1.0246
   421   192   335  3.0585  1.0153
   409   193   335  3.0580  1.0150
   409   190   337  3.0558  1.0194
   421   191   335  3.0554  1.0138
   421   188   338  3.0552  1.0217
   409   191   337  3.0533  1.0182
   414   185   338  3.0529  1.0206
   421   193   335  3.0477  1.0101
   416   185   338  3.0450  1.0168
   421   190   335  3.0367  1.0048
   409   189   337  3.0304  1.0071
   421   193   338  3.0301  1.0096
   421   194   335  3.0243  0.9989
   409   192   337  3.0218  1.0030
   409   188   335  3.0200  0.9968
   412   185   336  3.0182  0.9986
   411   185   336  3.0140  0.9966
   413   185   338  3.0136  1.0017
   411   197   335  3.0131  0.9935
   409   194   335  3.0130  0.9935
   417   185   338  3.0120  1.0009
   415   185   335  3.0086  0.9914
   414   185   335  3.0051  0.9897
   413   185   336  3.0030  0.9914
   409   195   336  3.0025  0.9911
   421   189   335  3.0009  0.9877
   416   185   335  2.9952  0.9850
   421   195   335  2.9893  0.9822
   421   187   338  2.9870  0.9889
   410   185   336  2.9864  0.9835
   420   197   335  2.9830  0.9793
   413   185   335  2.9821  0.9788
   409   188   337  2.9783  0.9822
   414   185   336  2.9721  0.9767
   418   185   338  2.9677  0.9797
   417   185   335  2.9669  0.9717
   409   190   338  2.9666  0.9792
   409   193   337  2.9612  0.9741
   421   194   338  2.9610  0.9765
   409   195   335  2.9604  0.9686
   421   191   339  2.9556  0.9765
   409   191   338  2.9527  0.9726
   421   190   339  2.9522  0.9748
   409   189   338  2.9478  0.9703
   421   188   335  2.9474  0.9625
   421   196   335  2.9434  0.9606
   412   185   338  2.9387  0.9660
   412   185   335  2.9378  0.9580
   421   192   339  2.9347  0.9666
   410   197   335  2.9342  0.9563
   409   187   335  2.9339  0.9562
   409   185   336  2.9315  0.9576
   415   185   336  2.9289  0.9564
   418   185   335  2.9242  0.9517
   421   189   339  2.9228  0.9609
   419   185   338  2.9153  0.9549
   409   192   338  2.9107  0.9528
   409   196   335  2.9028  0.9417
   409   187   337  2.9005  0.9456
   421   186   338  2.8955  0.9457
   416   197   338  2.8952  0.9455
   409   188   338  2.8929  0.9444
   415   197   338  2.8916  0.9439
   421   193   339  2.8914  0.9462
   421   197   335  2.8876  0.9347
   417   197   338  2.8777  0.9373
   421   187   335  2.8771  0.9298
   416   185   336  2.8767  0.9321
   421   195   338  2.8762  0.9367
   409   194   337  2.8730  0.9328
   411   185   335  2.8714  0.9272
   409   196   336  2.8705  0.9292
   421   188   339  2.8667  0.9346
   419   185   335  2.8664  0.9249
   414   197   338  2.8648  0.9314
   409   192   339  2.8567  0.9300
   420   185   338  2.8548  0.9267
   409   191   339  2.8529  0.9282
   409   193   338  2.8460  0.9227
   418   197   338  2.8422  0.9209
   409   193   339  2.8419  0.9231
   409   197   335  2.8407  0.9131
   409   190   339  2.8327  0.9189
   411   185   338  2.8275  0.9141
   421   194   339  2.8268  0.9162
   417   185   336  2.8189  0.9055
   409   186   335  2.8180  0.9028
   413   197   338  2.8146  0.9082
   409   194   339  2.8075  0.9073
   421   190   336  2.8045  0.8990
   409   187   338  2.8007  0.9019
   421   191   336  2.7990  0.8965
   409   186   337  2.7980  0.8984
   409   189   339  2.7977  0.9028
   419   197   338  2.7931  0.8984
   421   186   335  2.7924  0.8912
   420   185   335  2.7912  0.8907
   421   189   336  2.7890  0.8920
   421   187   339  2.7849  0.8969
   421   185   338  2.7843  0.8944
   410   185   335  2.7831  0.8870
   412   197   336  2.7813  0.8885
   411   197   336  2.7789  0.8874
   421   196   338  2.7785  0.8918
   414   197   339  2.7728  0.8914
   421   192   336  2.7724  0.8845
   413   197   336  2.7721  0.8843
   415   197   339  2.7680  0.8892
   412   185   337  2.7641  0.8830
   409   194   338  2.7633  0.8849
   413   197   339  2.7629  0.8869
   410   197   336  2.7617  0.8796
   409   195   337  2.7608  0.8815
   413   185   337  2.7586  0.8805
   418   185   336  2.7580  0.8780
   411   185   337  2.7544  0.8786
   421   188   336  2.7541  0.8762
   414   197   336  2.7539  0.8761
   409   195   339  2.7529  0.8824
   416   197   339  2.7492  0.8807
   409   188   339  2.7484  0.8804
   412   197   338  2.7428  0.8756
   421   195   339  2.7414  0.8772
   414   185   337  2.7401  0.8722
   412   197   339  2.7382  0.8757
   420   197   338  2.7345  0.8719
   415   197   336  2.7281  0.8646
   421   193   336  2.7266  0.8639
   409   197   336  2.7257  0.8636
   410   185   337  2.7255  0.8657
   417   197   339  2.7177  0.8665
   415   185   337  2.7098  0.8586
   421   187   336  2.7027  0.8533
   411   197   339  2.6989  0.8581
   421   185   335  2.6970  0.8486
   419   185   336  2.6956  0.8502
   415   197   337  2.6954  0.8522
   416   197   336  2.6950  0.8499
   414   197   337  2.6909  0.8502
   415   185   339  2.6845  0.8517
   416   185   339  2.6841  0.8515
   410   185   338  2.6835  0.8491
   409   187   339  2.6830  0.8510
   416   197   337  2.6817  0.8462
   421   186   339  2.6801  0.8497
   414   185   339  2.6782  0.8488
   409   196   339  2.6774  0.8485
   417   185   339  2.6770  0.8483
   418   197   339  2.6754  0.8476
   409   185   335  2.6735  0.8383
   409   186   338  2.6729  0.8444
   409   185   337  2.6724  0.8421
   413   197   337  2.6703  0.8411
   421   197   338  2.6698  0.8430
   416   185   337  2.6686  0.8404
   409   195   338  2.6662  0.8414
   421   194   336  2.6642  0.8363
   413   185   339  2.6641  0.8426
   418   185   339  2.6624  0.8418
   417   197   336  2.6542  0.8320
   411   197   338  2.6526  0.8354
   417   197   337  2.6496  0.8320
   410   197   339  2.6459  0.8345
   412   185   339  2.6406  0.8322
   419   185   339  2.6389  0.8315
   421   186   336  2.6387  0.8251
   421   192   337  2.6385  0.8271
   412   197   337  2.6369  0.8265
   421   196   339  2.6349  0.8297
   421   193   337  2.6324  0.8245
   420   185   336  2.6319  0.8222
   409   196   337  2.6296  0.8233
   421   191   337  2.6259  0.8216
   419   197   339  2.6247  0.8252
   417   185   337  2.6182  0.8183
   418   197   336  2.6054  0.8107
   411   185   339  2.6052  0.8167
   420   185   339  2.6046  0.8164
   421   194   337  2.6045  0.8123
   418   197   337  2.6010  0.8108
   421   190   337  2.5996  0.8102
   409   186   339  2.5971  0.8131
   411   197   337  2.5938  0.8077
   421   195   336  2.5889  0.8035
   409   197   339  2.5801  0.8057
   420   197   339  2.5680  0.8005
   421   185   336  2.5656  0.7935
   421   189   337  2.5642  0.7949
   418   185   337  2.5610  0.7935
   421   185   339  2.5574  0.7959
   409   196   338  2.5564  0.7935
   410   185   339  2.5549  0.7948
   421   195   337  2.5541  0.7906
   419   197   336  2.5484  0.7862
   410   197   338  2.5481  0.7899
   410   197   337  2.5429  0.7857
   419   197   337  2.5397  0.7844
   421   188   337  2.5232  0.7773
   409   185   338  2.5141  0.7754
   421   197   339  2.5072  0.7743
   421   196   336  2.5038  0.7672
   408   190   336  3.3322  1.1545
   408   189   336  3.3200  1.1482
   408   191   336  3.3066  1.1413
   408   188   336  3.2655  1.1204
   408   192   336  3.2491  1.1121
   408   187   336  3.1668  1.0709
   408   193   336  3.1664  1.0707
   416   198   335  3.0830  1.0271
   415   198   335  3.0791  1.0252
   417   198   335  3.0688  1.0202
   408   194   336  3.0641  1.0207
   414   198   335  3.0597  1.0158
   418   198   335  3.0348  1.0039
   413   198   335  3.0269  1.0001
   408   186   336  3.0252  1.0020
   422   190   338  3.0110  1.0004
   422   191   338  3.0036  0.9968
   422   189   338  2.9952  0.9928
   412   198   335  2.9822  0.9789
   419   198   335  2.9809  0.9783
   408   190   337  2.9780  0.9820
   422   192   338  2.9751  0.9832
   408   191   337  2.9737  0.9800
   408   191   335  2.9664  0.9715
   408   190   335  2.9638  0.9702
   422   188   338  2.9554  0.9738
   408   189   337  2.9538  0.9706
   408   192   335  2.9496  0.9635
   408   195   336  2.9459  0.9643
   408   192   337  2.9404  0.9642
   408   189   335  2.9371  0.9577
   422   192   335  2.9339  0.9562
   422   191   335  2.9303  0.9545
   422   193   338  2.9275  0.9607
   411   198   335  2.9256  0.9523
   422   193   335  2.9244  0.9518
   408   193   335  2.9185  0.9490
   422   190   335  2.9119  0.9459
   420   198   335  2.9090  0.9446
   422   194   335  2.9033  0.9419
   408   188   337  2.9018  0.9462
   422   187   338  2.8916  0.9439
   422   191   339  2.8915  0.9462
   415   184   338  2.8874  0.9419
   422   190   339  2.8873  0.9443
   408   188   335  2.8827  0.9324
   416   184   338  2.8793  0.9381
   408   193   337  2.8788  0.9355
   408   194   335  2.8783  0.9304
   422   189   335  2.8769  0.9297
   414   184   338  2.8721  0.9348
   422   195   335  2.8717  0.9274
   422   192   339  2.8717  0.9370
   422   194   338  2.8637  0.9308
   415   184   335  2.8584  0.9212
   422   189   339  2.8579  0.9305
   410   198   335  2.8559  0.9201
   417   184   338  2.8545  0.9266
   416   184   335  2.8541  0.9193
   414   184   335  2.8467  0.9159
   408   185   336  2.8453  0.9176
   417   184   335  2.8352  0.9106
   412   184   336  2.8339  0.9124
   408   195   335  2.8330  0.9096
   422   196   335  2.8311  0.9088
   413   184   336  2.8303  0.9107
   422   193   339  2.8293  0.9173
   413   184   338  2.8274  0.9141
   422   188   335  2.8246  0.9058
   421   198   335  2.8230  0.9051
   408   187   337  2.8230  0.9097
   411   184   336  2.8198  0.9060
   418   184   338  2.8183  0.9099
   413   184   335  2.8174  0.9025
   408   196   336  2.8136  0.9031
   414   184   336  2.8121  0.9024
   422   186   338  2.8058  0.9042
   422   188   339  2.8023  0.9049
   418   184   335  2.8013  0.8952
   408   187   335  2.7987  0.8941
   408   194   337  2.7914  0.8953
   408   190   338  2.7906  0.8973
   422   195   338  2.7865  0.8954
   408   196   335  2.7846  0.8877
   410   184   336  2.7844  0.8899
   408   191   338  2.7837  0.8941
   422   197   335  2.7827  0.8868
   415   184   336  2.7822  0.8889
   408   192   339  2.7817  0.8955
   408   191   339  2.7792  0.8943
   419   184   338  2.7735  0.8895
   409   198   335  2.7723  0.8822
   412   184   335  2.7689  0.8806
   408   193   339  2.7654  0.8880
   408   189   338  2.7652  0.8857
   422   194   339  2.7652  0.8879
   408   190   339  2.7593  0.8853
   422   187   335  2.7561  0.8749
   419   184   335  2.7512  0.8727
   412   184   338  2.7491  0.8784
   408   192   338  2.7487  0.8783
   416   184   336  2.7435  0.8715
   408   197   335  2.7327  0.8645
   408   194   339  2.7295  0.8718
   422   198   335  2.7281  0.8624
   409   184   336  2.7239  0.8627
   416   198   338  2.7234  0.8669
   408   189   339  2.7232  0.8690
   422   187   339  2.7212  0.8681
   420   184   338  2.7205  0.8656
   408   186   337  2.7185  0.8625
   415   198   338  2.7158  0.8635
   417   198   338  2.7128  0.8621
   422   190   336  2.7080  0.8557
   408   188   338  2.7049  0.8586
   422   185   338  2.7014  0.8571
   422   191   336  2.7005  0.8523
   411   184   335  2.7004  0.8501
   422   196   338  2.6985  0.8558
   417   184   336  2.6985  0.8515
   422   189   336  2.6954  0.8501
   408   193   338  2.6908  0.8523
   414   198   338  2.6884  0.8512
   418   198   338  2.6867  0.8505
   408   186   335  2.6850  0.8433
   420   184   335  2.6828  0.8424
   408   195   337  2.6822  0.8464
   422   195   339  2.6793  0.8493
   408   198   335  2.6746  0.8388
   422   186   335  2.6742  0.8386
   408   195   339  2.6738  0.8469
   422   192   336  2.6731  0.8402
   408   188   339  2.6711  0.8457
   408   197   336  2.6676  0.8378
   422   188   336  2.6643  0.8364
   421   184   338  2.6578  0.8377
   418   184   336  2.6495  0.8299
   419   198   338  2.6488  0.8337
   413   198   338  2.6409  0.8303
   414   198   339  2.6409  0.8323
   411   184   338  2.6372  0.8286
   413   184   337  2.6355  0.8258
   408   184   336  2.6346  0.8234
   412   184   337  2.6344  0.8254
   413   198   339  2.6336  0.8291
   415   198   339  2.6334  0.8290
   412   198   336  2.6309  0.8218
   422   193   336  2.6277  0.8204
   411   198   336  2.6258  0.8195
   413   198   336  2.6251  0.8193
   414   184   337  2.6240  0.8208
   411   184   337  2.6185  0.8184
   422   187   336  2.6179  0.8161
   422   186   339  2.6174  0.8220
   408   194   338  2.6150  0.8189
   416   198   339  2.6120  0.8196
   410   184   335  2.6119  0.8114
   412   198   339  2.6112  0.8193
   414   198   336  2.6111  0.8131
   408   187   338  2.6099  0.8167
   410   198   336  2.6061  0.8110
   420   198   338  2.6025  0.8135
   422   197   338  2.6013  0.8130
   408   187   339  2.6013  0.8150
   415   184   337  2.6008  0.8107
   408   196   339  2.5982  0.8136
   419   184   336  2.5978  0.8074
   421   184   335  2.5947  0.8040
   408   185   337  2.5904  0.8062
   415   198   336  2.5902  0.8041
   410   184   337  2.5841  0.8035
   422   184   338  2.5835  0.8052
   422   185   335  2.5828  0.7989
   417   198   339  2.5780  0.8048
   412   198   338  2.5750  0.8015
   411   198   339  2.5740  0.8031
   422   196   339  2.5716  0.8020
   409   198   336  2.5682  0.7946
   422   194   336  2.5676  0.7944
   416   184   337  2.5670  0.7961
   416   198   336  2.5626  0.7923
   422   186   336  2.5600  0.7911
   408   196   337  2.5564  0.7915
   415   184   339  2.5540  0.7944
   416   184   339  2.5517  0.7934
   421   198   338  2.5506  0.7910
   414   184   339  2.5493  0.7924
   415   198   337  2.5466  0.7873
   420   184   336  2.5438  0.7842
   417   184   339  2.5430  0.7897
   408   185   335  2.5429  0.7819
   416   198   337  2.5399  0.7845
   413   184   339  2.5359  0.7866
   414   198   337  2.5358  0.7827
   418   198   339  2.5333  0.7855
   417   198   336  2.5281  0.7775
   418   184   339  2.5274  0.7830
   409   184   337  2.5267  0.7788
   422   192   337  2.5265  0.7787
   408   195   338  2.5256  0.7803
   417   184   337  2.5243  0.7778
   410   198   339  2.5229  0.7811
   422   193   337  2.5222  0.7769
   422   191   337  2.5152  0.7739
   417   198   337  2.5152  0.7739
   412   184   339  2.5116  0.7762
   413   198   337  2.5105  0.7719
   408   186   339  2.5100  0.7755
   408   198   336  2.5087  0.7693
   419   184   339  2.5037  0.7728
   409   184   335  2.5035  0.7652
   408   197   339  2.5020  0.7721
   407   190   336  3.2280  1.1015
   407   189   336  3.2109  1.0929
   407   191   336  3.2078  1.0913
   407   192   336  3.1557  1.0654
   407   188   336  3.1521  1.0637
   407   193   336  3.0778  1.0273
   407   187   336  3.0501  1.0139
   407   194   336  2.9790  0.9799
   416   199   335  2.9683  0.9723
   415   199   335  2.9632  0.9699
   417   199   335  2.9582  0.9676
   414   199   335  2.9455  0.9616
   418   199   335  2.9310  0.9548
   413   199   335  2.9171  0.9484
   407   186   336  2.9061  0.9457
   423   190   338  2.8915  0.9438
   419   199   335  2.8860  0.9340
   423   191   338  2.8849  0.9407
   412   199   335  2.8788  0.9306
   423   189   338  2.8769  0.9370
   407   190   337  2.8666  0.9298
   407   195   336  2.8628  0.9257
   407   191   337  2.8628  0.9280
   423   192   338  2.8591  0.9287
   407   189   337  2.8422  0.9186
   423   188   338  2.8400  0.9199
   407   192   337  2.8308  0.9133
   411   199   335  2.8299  0.9082
   420   199   335  2.8248  0.9059
   423   193   338  2.8166  0.9091
   423   191   339  2.8140  0.9102
   423   190   339  2.8080  0.9075
   407   191   335  2.8066  0.8976
   407   190   335  2.8038  0.8964
   423   192   335  2.7992  0.8943
   423   192   339  2.7965  0.9022
   423   191   335  2.7935  0.8917
   423   193   335  2.7924  0.8912
   407   192   335  2.7913  0.8907
   407   188   337  2.7899  0.8947
   423   187   338  2.7807  0.8927
   407   189   335  2.7776  0.8846
   423   189   339  2.7775  0.8935
   423   194   335  2.7748  0.8833
   423   190   335  2.7735  0.8827
   407   193   337  2.7719  0.8865
   410   199   335  2.7688  0.8806
   407   193   335  2.7637  0.8783
   423   194   338  2.7600  0.8834
   423   193   339  2.7564  0.8840
   421   199   335  2.7507  0.8725
   423   195   335  2.7479  0.8712
   423   189   335  2.7376  0.8666
   407   196   336  2.7310  0.8659
   407   194   335  2.7293  0.8629
   407   185   336  2.7247  0.8631
   407   188   335  2.7244  0.8608
   423   188   339  2.7218  0.8683
   423   196   335  2.7134  0.8559
   407   187   337  2.7105  0.8589
   416   183   335  2.7018  0.8507
   423   186   338  2.7009  0.8568
   416   183   338  2.6953  0.8543
   415   183   335  2.6952  0.8479
   409   199   335  2.6942  0.8474
   423   194   339  2.6940  0.8559
   415   183   338  2.6939  0.8537
   417   183   335  2.6935  0.8471
   423   195   338  2.6920  0.8529
   407   195   335  2.6920  0.8464
   407   194   337  2.6891  0.8495
   407   192   339  2.6856  0.8522
   423   188   335  2.6850  0.8433
   407   191   339  2.6825  0.8508
   417   183   338  2.6803  0.8477
   414   183   335  2.6737  0.8384
   423   197   335  2.6734  0.8382
   414   183   338  2.6705  0.8433
   418   183   335  2.6697  0.8366
   407   193   339  2.6695  0.8450
   422   199   335  2.6687  0.8362
   407   190   339  2.6611  0.8412
   418   183   338  2.6537  0.8359
   407   196   335  2.6533  0.8294
   407   187   335  2.6422  0.8246
   423   187   339  2.6414  0.8325
   413   183   336  2.6398  0.8256
   413   183   335  2.6361  0.8220
   414   183   336  2.6360  0.8240
   407   194   339  2.6339  0.8292
   412   183   336  2.6305  0.8216
   423   198   335  2.6297  0.8192
   419   183   335  2.6287  0.8187
   407   189   339  2.6223  0.8241
   415   183   336  2.6215  0.8177
   413   183   338  2.6196  0.8209
   419   183   338  2.6181  0.8203
   423   187   335  2.6171  0.8137
   423   196   338  2.6149  0.8189
   407   197   335  2.6120  0.8115
   423   195   339  2.6091  0.8183
   408   199   335  2.6061  0.8089
   411   183   336  2.6055  0.8107
   407   186   337  2.6052  0.8126
   423   185   338  2.6045  0.8143
   407   191   338  2.6037  0.8140
   407   190   338  2.6024  0.8134
   423   190   336  2.6020  0.8092
   416   183   336  2.5982  0.8076
   423   189   336  2.5927  0.8052
   423   191   336  2.5923  0.8050
   407   195   337  2.5867  0.8046
   407   197   336  2.5849  0.8018
   423   199   335  2.5839  0.7994
   412   183   335  2.5816  0.7984
   407   195   339  2.5789  0.8052
   407   192   338  2.5771  0.8025
   420   183   338  2.5741  0.8012
   407   189   338  2.5696  0.7992
   420   183   335  2.5686  0.7928
   417   183   336  2.5681  0.7946
   407   188   339  2.5661  0.7997
   423   188   336  2.5661  0.7937
   407   198   335  2.5646  0.7911
   423   192   336  2.5641  0.7929
   410   183   336  2.5617  0.7918
   423   186   339  2.5387  0.7878
   412   183   338  2.5383  0.7857
   423   186   335  2.5370  0.7794
   418   183   336  2.5328  0.7795
   416   199   338  2.5323  0.7832
   407   186   335  2.5309  0.7767
   417   199   338  2.5299  0.7821
   423   197   338  2.5295  0.7819
   407   193   338  2.5275  0.7811
   423   187   336  2.5252  0.7763
   421   183   338  2.5209  0.7783
   415   199   338  2.5199  0.7779
   423   193   336  2.5197  0.7739
   418   199   338  2.5150  0.7758
   407   184   336  2.5137  0.7714
   411   183   335  2.5096  0.7678
   407   199   335  2.5062  0.7663
   407   196   339  2.5047  0.7733
   407   188   338  2.5042  0.7712
   423   196   339  2.5018  0.7720
   406   190   336  3.0859  1.0312
   406   191   336  3.0727  1.0248
   406   189   336  3.0627  1.0200
   406   192   336  3.0278  1.0032
   406   188   336  2.9992  0.9896
   406   193   336  2.9564  0.9693
   406   187   336  2.8942  0.9402
   406   194   336  2.8629  0.9257
   416   200   335  2.8424  0.9139
   415   200   335  2.8369  0.9114
   417   200   335  2.8359  0.9110
   414   200   335  2.8215  0.9044
   418   200   335  2.8155  0.9017
   413   200   335  2.7976  0.8936
   419   200   335  2.7803  0.8857
   412   200   335  2.7651  0.8789
   424   190   338  2.7573  0.8821
   424   191   338  2.7531  0.8803
   406   195   336  2.7504  0.8746
   406   186   336  2.7492  0.8740
   424   189   338  2.7427  0.8756
   424   192   338  2.7323  0.8709
   420   200   335  2.7313  0.8638
   411   200   335  2.7229  0.8601
   424   191   339  2.7206  0.8678
   406   190   337  2.7201  0.8632
   406   191   337  2.7188  0.8627
   424   190   339  2.7120  0.8640
   424   188   338  2.7080  0.8600
   424   192   339  2.7063  0.8614
   424   193   338  2.6969  0.8551
   406   189   337  2.6942  0.8517
   406   192   337  2.6911  0.8503
   424   189   339  2.6800  0.8497
   421   200   335  2.6716  0.8374
   424   193   339  2.6695  0.8450
   410   200   335  2.6691  0.8363
   424   192   335  2.6557  0.8305
   424   193   335  2.6534  0.8295
   424   187   338  2.6533  0.8357
   424   194   338  2.6495  0.8340
   424   191   335  2.6461  0.8263
   406   188   337  2.6414  0.8284
   424   194   335  2.6411  0.8241
   406   193   337  2.6385  0.8271
   406   191   335  2.6306  0.8196
   406   190   335  2.6259  0.8175
   424   188   339  2.6241  0.8249
   424   190   335  2.6229  0.8162
   406   196   336  2.6209  0.8174
   424   195   335  2.6207  0.8153
   406   192   335  2.6187  0.8144
   424   194   339  2.6101  0.8188
   422   200   335  2.6052  0.8086
   409   200   335  2.6023  0.8073
   406   189   335  2.5991  0.8059
   406   193   335  2.5962  0.8047
   424   196   335  2.5942  0.8038
   424   195   338  2.5922  0.8090
   424   189   335  2.5843  0.7996
   424   186   338  2.5804  0.8039
   406   194   335  2.5689  0.7929
   406   185   336  2.5687  0.7948
   406   194   337  2.5641  0.7949
   424   197   335  2.5640  0.7909
   406   187   337  2.5622  0.7941
   406   192   339  2.5614  0.7976
   406   191   339  2.5550  0.7948
   406   193   339  2.5485  0.7920
   406   188   335  2.5463  0.7833
   424   187   339  2.5446  0.7904
   417   182   335  2.5436  0.7822
   406   195   335  2.5405  0.7808
   416   182   335  2.5404  0.7808
   423   200   335  2.5365  0.7792
   424   198   335  2.5323  0.7774
   418   182   335  2.5307  0.7767
   424   188   335  2.5301  0.7764
   406   190   339  2.5299  0.7840
   424   195   339  2.5278  0.7832
   424   196   338  2.5266  0.7807
   408   200   335  2.5227  0.7733
   415   182   335  2.5222  0.7731
   406   194   339  2.5160  0.7781
   406   196   335  2.5122  0.7688
   424   199   335  2.5005  0.7639
   405   190   336  2.9053  0.9454
   405   191   336  2.9002  0.9430
   405   189   336  2.8753  0.9315
   405   192   336  2.8639  0.9262
   405   188   336  2.8073  0.9003
   405   193   336  2.8009  0.8974
   405   194   336  2.7146  0.8586
   416   201   335  2.7061  0.8527
   417   201   335  2.7031  0.8513
   415   201   335  2.7003  0.8501
   405   187   336  2.7001  0.8522
   418   201   335  2.6898  0.8454
   414   201   335  2.6869  0.8442
   413   201   335  2.6666  0.8353
   419   201   335  2.6653  0.8347
   412   201   335  2.6387  0.8231
   420   201   335  2.6304  0.8195
   425   191   339  2.6094  0.8185
   425   190   338  2.6084  0.8160
   425   191   338  2.6081  0.8159
   405   195   336  2.6079  0.8118
   411   201   335  2.6016  0.8070
   425   192   339  2.5988  0.8139
   425   190   339  2.5981  0.8136
   425   192   338  2.5937  0.8096
   425   189   338  2.5928  0.8092
   421   201   335  2.5870  0.8007
   425   193   338  2.5672  0.7982
   425   193   339  2.5661  0.7997
   425   189   339  2.5647  0.7990
   425   188   338  2.5602  0.7951
   405   186   336  2.5558  0.7893
   410   201   335  2.5534  0.7863
   405   191   337  2.5433  0.7859
   405   190   337  2.5403  0.7846
   422   201   335  2.5383  0.7799
   425   194   338  2.5304  0.7824
   405   192   337  2.5221  0.7769
   405   189   337  2.5124  0.7728
   425   194   339  2.5110  0.7760
   425   187   338  2.5106  0.7739
   425   193   335  2.5091  0.7675
   425   188   339  2.5089  0.7750
   425   192   335  2.5050  0.7658
   425   194   335  2.5042  0.7655
   404   191   336  2.6922  0.8487
   404   190   336  2.6888  0.8472
   404   192   336  2.6657  0.8370
   404   189   336  2.6521  0.8310
   404   193   336  2.6125  0.8137
   404   188   336  2.5800  0.7997
   417   202   335  2.5623  0.7901
   416   202   335  2.5612  0.7897
   418   202   335  2.5568  0.7878
   415   202   335  2.5542  0.7867
   419   202   335  2.5440  0.7823
   414   202   335  2.5418  0.7814
   404   194   336  2.5355  0.7807
   420   202   335  2.5242  0.7739
   413   202   335  2.5236  0.7737
