#   X     Y     Z      S       D
   186    43   193  3.7780  1.0549
   186    44   193  3.7733  1.0530
   187    43   193  3.7705  1.0519
   187    42   193  3.7694  1.0515
   186    42   193  3.7674  1.0506
   185    44   193  3.7635  1.0491
   187    44   193  3.7559  1.0460
   185    43   193  3.7559  1.0460
   185    42   193  3.7340  1.0373
   185    43   194  3.2799  0.8639
   185    42   194  3.2729  0.8613
   185    44   194  3.2667  0.8591
   186    42   194  3.2394  0.8492
   186    43   194  3.2355  0.8478
   186    44   194  3.2123  0.8394
   187    42   194  3.1927  0.8324
   187    43   194  3.1784  0.8272
   185    42   192  3.1690  0.8240
   186    42   192  3.1601  0.8208
   187    44   194  3.1466  0.8159
   185    43   192  3.1408  0.8139
   186    43   192  3.1226  0.8075
   187    42   192  3.1211  0.8070
   185    44   192  3.1082  0.8024
   186    44   192  3.0810  0.7928
   187    43   192  3.0778  0.7917
   187    44   192  3.0312  0.7754
   185    45   193  3.7583  1.0470
   186    45   193  3.7552  1.0457
   187    41   193  3.7493  1.0434
   188    42   193  3.7438  1.0412
   186    41   193  3.7384  1.0390
   188    43   193  3.7382  1.0389
   184    45   193  3.7330  1.0369
   188    41   193  3.7299  1.0356
   187    45   193  3.7273  1.0346
   184    44   193  3.7231  1.0329
   188    44   193  3.7164  1.0303
   184    43   193  3.7019  1.0245
   185    41   193  3.6952  1.0219
   188    45   193  3.6800  1.0159
   184    42   193  3.6683  1.0113
   184    41   193  3.6204  0.9925
   184    45   191  3.4936  0.9438
   184    44   191  3.4843  0.9402
   185    44   191  3.4735  0.9361
   185    45   191  3.4722  0.9356
   184    43   191  3.4612  0.9315
   185    43   191  3.4594  0.9308
   186    44   191  3.4432  0.9247
   186    43   191  3.4371  0.9224
   186    45   191  3.4323  0.9206
   185    42   191  3.4273  0.9187
   184    42   191  3.4221  0.9167
   186    42   191  3.4114  0.9127
   187    43   191  3.3962  0.9070
   187    44   191  3.3960  0.9070
   187    45   191  3.3772  0.9000
   187    42   191  3.3754  0.8993
   185    41   191  3.3743  0.8989
   184    41   191  3.3641  0.8951
   186    41   191  3.3633  0.8948
   188    43   191  3.3391  0.8859
   188    44   191  3.3347  0.8842
   187    41   191  3.3312  0.8829
   188    42   191  3.3212  0.8792
   188    45   191  3.3097  0.8750
   184    43   194  3.3077  0.8741
   184    44   194  3.3049  0.8731
   184    42   194  3.2906  0.8678
   184    45   194  3.2842  0.8655
   188    41   191  3.2792  0.8638
   184    41   194  3.2510  0.8534
   185    41   194  3.2428  0.8504
   185    45   194  3.2357  0.8479
   186    41   194  3.2209  0.8425
   186    41   192  3.1880  0.8308
   188    41   195  3.1879  0.8306
   185    41   192  3.1868  0.8304
   187    41   194  3.1863  0.8301
   187    41   195  3.1791  0.8275
   188    42   195  3.1785  0.8273
   187    42   195  3.1745  0.8258
   186    45   194  3.1723  0.8250
   187    41   192  3.1566  0.8195
   187    43   195  3.1536  0.8184
   188    43   195  3.1521  0.8178
   184    41   192  3.1504  0.8173
   186    42   195  3.1481  0.8164
   186    41   195  3.1448  0.8153
   184    42   192  3.1437  0.8150
   188    41   194  3.1414  0.8140
   188    42   194  3.1367  0.8124
   186    43   195  3.1361  0.8122
   184    43   192  3.1271  0.8091
   187    44   195  3.1196  0.8063
   188    43   194  3.1135  0.8042
   188    44   195  3.1119  0.8036
   186    44   195  3.1117  0.8035
   184    44   192  3.1062  0.8017
   185    42   195  3.1005  0.7996
   185    43   195  3.1002  0.7994
   188    41   192  3.0993  0.7993
   187    45   194  3.0992  0.7991
   185    44   195  3.0882  0.7952
   185    41   195  3.0869  0.7948
   184    45   192  3.0840  0.7939
   186    45   195  3.0756  0.7908
   188    44   194  3.0748  0.7905
   185    45   192  3.0739  0.7903
   187    45   195  3.0736  0.7901
   185    45   195  3.0650  0.7871
   188    42   192  3.0597  0.7853
   188    45   195  3.0592  0.7851
   184    44   195  3.0497  0.7818
   184    43   195  3.0476  0.7810
   184    45   195  3.0414  0.7789
   186    45   192  3.0379  0.7777
   184    42   195  3.0347  0.7765
   188    45   194  3.0217  0.7720
   188    43   192  3.0144  0.7696
   184    41   195  3.0096  0.7678
   187    45   192  2.9830  0.7587
   188    44   192  2.9668  0.7532
   188    45   192  2.9170  0.7362
   185    46   193  3.7405  1.0399
   184    46   193  3.7310  1.0361
   186    46   193  3.7239  1.0333
   187    40   193  3.7061  1.0262
   189    42   193  3.6949  1.0217
   183    46   193  3.6944  1.0216
   188    40   193  3.6921  1.0206
   186    40   193  3.6879  1.0190
   189    43   193  3.6858  1.0181
   187    46   193  3.6851  1.0179
   189    41   193  3.6838  1.0174
   183    45   193  3.6793  1.0156
   189    44   193  3.6597  1.0079
   183    44   193  3.6534  1.0054
   189    40   193  3.6481  1.0033
   185    40   193  3.6371  0.9990
   188    46   193  3.6292  0.9959
   183    43   193  3.6184  0.9917
   189    45   193  3.6178  0.9915
   183    42   193  3.5740  0.9744
   189    46   193  3.5601  0.9691
   184    40   193  3.5562  0.9676
   183    41   193  3.5187  0.9532
   183    46   191  3.5028  0.9473
   183    45   191  3.4943  0.9440
   184    46   191  3.4904  0.9425
   183    44   191  3.4743  0.9364
   185    46   191  3.4572  0.9300
   183    40   193  3.4506  0.9273
   183    43   191  3.4424  0.9244
   186    46   191  3.4063  0.9108
   183    42   191  3.3967  0.9072
   187    46   191  3.3415  0.8867
   183    41   191  3.3345  0.8841
   183    44   194  3.3238  0.8800
   183    43   194  3.3172  0.8776
   183    45   194  3.3137  0.8763
   185    40   191  3.2986  0.8709
   183    42   194  3.2920  0.8683
   186    40   191  3.2911  0.8682
   183    46   194  3.2874  0.8667
   184    40   191  3.2854  0.8661
   189    43   191  3.2677  0.8596
   188    46   191  3.2661  0.8591
   187    40   191  3.2621  0.8576
   189    44   191  3.2607  0.8571
   183    40   191  3.2540  0.8547
   189    42   191  3.2508  0.8535
   184    46   194  3.2466  0.8518
   183    41   194  3.2457  0.8515
   189    45   191  3.2313  0.8465
   188    40   191  3.2121  0.8395
   189    41   191  3.2092  0.8385
   186    40   192  3.1995  0.8349
   185    46   194  3.1879  0.8306
   185    40   194  3.1877  0.8306
   185    40   192  3.1875  0.8306
   184    40   194  3.1872  0.8304
   189    46   191  3.1814  0.8285
   187    40   192  3.1779  0.8271
   186    40   194  3.1774  0.8269
   183    40   194  3.1769  0.8267
   188    40   195  3.1749  0.8260
   189    41   195  3.1710  0.8246
   187    40   195  3.1621  0.8214
   189    42   195  3.1600  0.8206
   189    40   195  3.1595  0.8205
   187    40   194  3.1558  0.8192
   189    40   191  3.1425  0.8146
   184    40   192  3.1405  0.8138
   189    43   195  3.1314  0.8105
   188    40   192  3.1283  0.8095
   188    40   194  3.1237  0.8078
   188    41   196  3.1234  0.8077
   186    40   195  3.1214  0.8070
   188    40   196  3.1162  0.8051
   186    46   194  3.1160  0.8050
   188    42   196  3.1146  0.8046
   187    42   196  3.1141  0.8044
   187    41   196  3.1128  0.8039
   189    41   196  3.1094  0.8027
   189    40   196  3.1081  0.8023
   187    43   196  3.1046  0.8010
   186    43   196  3.0968  0.7983
   187    40   196  3.0966  0.7982
   188    43   196  3.0943  0.7974
   189    42   196  3.0937  0.7972
   186    42   196  3.0933  0.7970
   186    44   196  3.0922  0.7967
   189    41   194  3.0892  0.7956
   189    44   195  3.0884  0.7953
   187    44   196  3.0867  0.7947
   183    42   192  3.0851  0.7942
   185    45   196  3.0830  0.7934
   189    40   194  3.0828  0.7933
   185    44   196  3.0811  0.7927
   183    41   192  3.0808  0.7928
   183    43   192  3.0806  0.7927
   186    45   196  3.0799  0.7923
   186    41   196  3.0797  0.7923
   184    46   196  3.0766  0.7912
   185    46   196  3.0757  0.7909
   189    42   194  3.0753  0.7907
   183    44   192  3.0729  0.7900
   185    43   196  3.0717  0.7894
   184    45   196  3.0695  0.7887
   189    43   196  3.0658  0.7874
   188    44   196  3.0651  0.7871
   183    45   192  3.0643  0.7870
   183    40   192  3.0616  0.7860
   187    45   196  3.0608  0.7856
   183    46   196  3.0605  0.7855
   184    46   192  3.0591  0.7851
   189    40   192  3.0585  0.7849
   186    46   196  3.0579  0.7846
   185    40   195  3.0552  0.7837
   185    42   196  3.0548  0.7835
   184    44   196  3.0538  0.7832
   183    46   192  3.0532  0.7831
   186    40   196  3.0528  0.7829
   189    43   194  3.0451  0.7802
   183    45   196  3.0400  0.7784
   185    46   192  3.0370  0.7774
   187    46   194  3.0364  0.7771
   189    45   195  3.0319  0.7755
   184    43   196  3.0315  0.7754
   185    46   195  3.0300  0.7749
   185    41   196  3.0287  0.7744
   189    44   196  3.0283  0.7743
   186    46   195  3.0276  0.7741
   188    45   196  3.0275  0.7740
   187    46   196  3.0251  0.7732
   189    41   192  3.0245  0.7731
   184    46   195  3.0217  0.7720
   187    46   195  3.0156  0.7699
   183    44   196  3.0122  0.7687
   183    45   195  3.0051  0.7663
   184    42   196  3.0024  0.7654
   183    46   195  3.0017  0.7651
   189    44   194  3.0009  0.7648
   183    44   195  2.9982  0.7639
   188    46   195  2.9941  0.7625
   186    46   192  2.9918  0.7618
   185    40   196  2.9907  0.7613
   189    42   192  2.9839  0.7591
   183    43   195  2.9817  0.7582
   189    45   196  2.9816  0.7582
   188    46   196  2.9797  0.7575
   183    43   196  2.9791  0.7573
   184    40   195  2.9689  0.7538
   184    41   196  2.9652  0.7525
   189    46   195  2.9621  0.7515
   183    42   195  2.9559  0.7493
   188    46   194  2.9537  0.7486
   189    45   194  2.9431  0.7450
   183    42   196  2.9406  0.7441
   189    43   192  2.9403  0.7441
   187    46   192  2.9310  0.7409
   189    46   196  2.9241  0.7385
   183    41   195  2.9196  0.7369
   184    40   196  2.9173  0.7362
   183    41   196  2.8947  0.7285
   189    44   192  2.8947  0.7286
   189    46   194  2.8705  0.7203
   183    40   195  2.8702  0.7202
   188    46   192  2.8620  0.7175
   189    45   192  2.8457  0.7121
   183    40   196  2.8392  0.7098
   189    46   192  2.7893  0.6933
   184    47   193  3.7149  1.0297
   185    47   193  3.7087  1.0272
   183    47   193  3.6955  1.0220
   186    47   193  3.6785  1.0152
   182    47   193  3.6524  1.0050
   187    39   193  3.6363  0.9987
   182    46   193  3.6341  0.9978
   187    47   193  3.6284  0.9956
   188    39   193  3.6259  0.9946
   190    42   193  3.6259  0.9946
   190    43   193  3.6165  0.9909
   190    41   193  3.6140  0.9900
   186    39   193  3.6132  0.9897
   182    45   193  3.6018  0.9852
   190    44   193  3.5884  0.9800
   189    39   193  3.5829  0.9779
   190    40   193  3.5768  0.9755
   188    47   193  3.5630  0.9702
   182    44   193  3.5603  0.9691
   185    39   193  3.5579  0.9682
   190    45   193  3.5427  0.9624
   182    43   193  3.5124  0.9508
   190    39   193  3.5098  0.9498
   182    47   191  3.5005  0.9464
   183    47   191  3.4989  0.9458
   182    46   191  3.4934  0.9437
   189    47   193  3.4855  0.9405
   190    46   193  3.4790  0.9380
   184    47   191  3.4745  0.9365
   184    39   193  3.4743  0.9363
   182    45   191  3.4740  0.9363
   182    42   193  3.4587  0.9304
   182    44   191  3.4443  0.9251
   185    47   191  3.4290  0.9193
   182    43   191  3.4046  0.9102
   182    41   193  3.3981  0.9076
   190    47   193  3.3967  0.9071
   183    39   193  3.3687  0.8966
   186    47   191  3.3663  0.8959
   182    42   191  3.3535  0.8912
   182    40   193  3.3287  0.8819
   182    44   194  3.3231  0.8797
   182    45   194  3.3229  0.8797
   182    43   194  3.3086  0.8744
   182    46   194  3.3080  0.8742
   187    47   191  3.2907  0.8681
   182    41   191  3.2886  0.8673
   182    42   194  3.2778  0.8632
   182    47   194  3.2766  0.8627
   182    39   193  3.2489  0.8527
   183    47   194  3.2438  0.8508
   182    41   194  3.2282  0.8452
   182    40   191  3.2076  0.8379
   188    47   191  3.2059  0.8373
   185    39   191  3.2007  0.8354
   186    39   191  3.1954  0.8335
   184    47   194  3.1914  0.8319
   186    39   192  3.1886  0.8310
   184    39   191  3.1864  0.8303
   190    43   191  3.1823  0.8288
   187    39   192  3.1791  0.8276
   190    44   191  3.1741  0.8259
   187    39   191  3.1689  0.8240
   185    39   192  3.1653  0.8227
   190    42   191  3.1653  0.8227
   182    40   194  3.1579  0.8199
   183    39   191  3.1552  0.8191
   190    45   191  3.1416  0.8143
   188    39   192  3.1410  0.8140
   188    39   195  3.1327  0.8110
   190    41   195  3.1293  0.8097
   185    47   194  3.1227  0.8074
   190    41   191  3.1226  0.8076
   188    39   191  3.1209  0.8070
   190    42   195  3.1190  0.8061
   189    39   195  3.1190  0.8061
   190    40   195  3.1174  0.8055
   187    39   195  3.1171  0.8054
   189    47   191  3.1136  0.8044
   182    39   191  3.1102  0.8032
   184    39   192  3.1087  0.8026
   186    39   194  3.1076  0.8021
   185    39   194  3.1073  0.8020
   184    39   194  3.0995  0.7992
   187    39   194  3.0989  0.7990
   190    43   195  3.0911  0.7962
   188    39   196  3.0884  0.7953
   190    46   191  3.0870  0.7950
   183    39   194  3.0858  0.7944
   189    39   196  3.0850  0.7941
   189    39   192  3.0810  0.7928
   188    39   194  3.0802  0.7924
   190    39   195  3.0774  0.7915
   186    39   195  3.0721  0.7896
   184    47   196  3.0720  0.7895
   190    40   196  3.0710  0.7892
   183    47   196  3.0702  0.7889
   190    41   196  3.0698  0.7888
   182    39   194  3.0665  0.7876
   187    39   196  3.0618  0.7860
   185    47   196  3.0561  0.7840
   190    40   191  3.0551  0.7838
   189    39   191  3.0522  0.7828
   189    39   194  3.0516  0.7824
   182    47   196  3.0515  0.7824
   190    42   196  3.0511  0.7823
   190    39   196  3.0498  0.7818
   190    44   195  3.0477  0.7811
   186    47   194  3.0428  0.7794
   190    40   194  3.0350  0.7766
   183    47   192  3.0338  0.7763
   190    41   194  3.0324  0.7757
   182    46   196  3.0286  0.7744
   184    47   192  3.0263  0.7737
   186    47   196  3.0236  0.7727
   183    39   192  3.0224  0.7724
   190    43   196  3.0193  0.7712
   182    46   192  3.0186  0.7710
   182    45   192  3.0158  0.7701
   190    39   194  3.0142  0.7694
   190    47   191  3.0137  0.7694
   182    47   192  3.0128  0.7690
   190    42   194  3.0113  0.7684
   182    44   192  3.0108  0.7683
   186    39   196  3.0095  0.7678
   182    43   192  3.0059  0.7666
   190    39   192  3.0055  0.7665
   185    39   195  3.0006  0.7647
   182    42   192  2.9990  0.7642
   182    45   196  2.9962  0.7632
   185    47   192  2.9924  0.7620
   190    45   195  2.9897  0.7609
   184    47   195  2.9895  0.7609
   183    47   195  2.9865  0.7598
   182    41   192  2.9851  0.7595
   185    47   195  2.9824  0.7584
   190    44   196  2.9770  0.7566
   187    47   196  2.9769  0.7566
   190    40   192  2.9757  0.7562
   190    43   194  2.9755  0.7561
   182    47   195  2.9714  0.7546
   182    46   195  2.9696  0.7540
   186    47   195  2.9673  0.7532
   190    39   191  2.9648  0.7526
   182    44   196  2.9585  0.7502
   182    40   192  2.9583  0.7503
   182    45   195  2.9573  0.7498
   187    47   194  2.9569  0.7497
   187    47   195  2.9453  0.7457
   190    41   192  2.9392  0.7437
   185    39   196  2.9385  0.7434
   186    47   192  2.9379  0.7433
   182    44   195  2.9361  0.7426
   190    44   194  2.9265  0.7393
   190    45   196  2.9242  0.7385
   188    47   196  2.9193  0.7369
   182    43   196  2.9174  0.7362
   190    46   195  2.9171  0.7361
   188    47   195  2.9166  0.7359
   182    39   192  2.9139  0.7351
   184    39   195  2.9087  0.7332
   182    43   195  2.9069  0.7326
   190    42   192  2.9003  0.7305
   189    47   195  2.8792  0.7233
   182    42   196  2.8723  0.7210
   187    47   192  2.8704  0.7204
   182    42   195  2.8698  0.7201
   188    47   194  2.8691  0.7199
   190    45   194  2.8639  0.7181
   190    43   192  2.8604  0.7170
   190    46   196  2.8594  0.7166
   184    39   196  2.8569  0.7158
   189    47   196  2.8534  0.7146
   190    47   195  2.8303  0.7068
   182    41   195  2.8239  0.7047
   182    41   196  2.8210  0.7037
   190    44   192  2.8186  0.7030
   183    39   195  2.8050  0.6984
   188    47   192  2.7965  0.6957
   190    46   194  2.7859  0.6921
   189    47   194  2.7807  0.6904
   190    47   196  2.7806  0.6903
   183    39   196  2.7724  0.6876
   190    45   192  2.7715  0.6874
   182    40   195  2.7674  0.6859
   182    40   196  2.7606  0.6837
   189    47   192  2.7201  0.6705
   190    46   192  2.7141  0.6685
   182    39   195  2.6981  0.6632
   190    47   194  2.6902  0.6607
   182    39   196  2.6894  0.6604
   190    47   192  2.6411  0.6449
   184    48   193  3.6812  1.0163
   183    48   193  3.6777  1.0149
   185    48   193  3.6602  1.0081
   182    48   193  3.6505  1.0042
   186    48   193  3.6170  0.9911
   181    48   193  3.6032  0.9858
   181    47   193  3.5908  0.9809
   181    46   193  3.5568  0.9678
   187    48   193  3.5555  0.9673
   187    38   193  3.5378  0.9605
   191    42   193  3.5374  0.9604
   191    43   193  3.5301  0.9575
   188    38   193  3.5284  0.9569
   191    41   193  3.5220  0.9544
   186    38   193  3.5132  0.9511
   181    45   193  3.5088  0.9494
   191    44   193  3.5019  0.9467
   182    48   191  3.4922  0.9432
   189    38   193  3.4850  0.9403
   191    40   193  3.4805  0.9386
   183    48   191  3.4805  0.9388
   188    48   193  3.4801  0.9385
   181    47   191  3.4800  0.9386
   181    48   191  3.4798  0.9385
   181    46   191  3.4637  0.9324
   185    38   193  3.4573  0.9298
   181    44   193  3.4533  0.9283
   191    45   193  3.4533  0.9283
   184    48   191  3.4447  0.9252
   181    45   191  3.4350  0.9216
   190    38   193  3.4099  0.9120
   191    39   193  3.4096  0.9119
   181    44   191  3.3971  0.9074
   181    43   193  3.3944  0.9062
   189    48   193  3.3934  0.9058
   185    48   191  3.3874  0.9037
   191    46   193  3.3844  0.9025
   184    38   193  3.3750  0.8990
   181    43   191  3.3512  0.8903
   181    42   193  3.3333  0.8835
   186    48   191  3.3129  0.8762
   181    45   194  3.3125  0.8758
   181    46   194  3.3081  0.8742
   191    38   193  3.3071  0.8739
   181    44   194  3.3042  0.8728
   181    42   191  3.2962  0.8701
   190    48   193  3.2959  0.8698
   191    47   193  3.2950  0.8695
   181    47   194  3.2885  0.8671
   181    43   194  3.2839  0.8654
   183    38   193  3.2728  0.8613
   181    41   193  3.2692  0.8600
   181    48   194  3.2502  0.8531
   181    42   194  3.2499  0.8530
   181    41   191  3.2298  0.8459
   187    48   191  3.2262  0.8446
   182    48   194  3.2262  0.8444
   181    40   193  3.1999  0.8350
   181    41   194  3.1994  0.8348
   191    48   193  3.1862  0.8301
   183    48   194  3.1811  0.8282
   182    38   193  3.1579  0.8199
   187    38   192  3.1561  0.8194
   186    38   192  3.1520  0.8179
   181    40   191  3.1494  0.8171
   188    38   192  3.1326  0.8110
   188    48   191  3.1316  0.8108
   181    40   194  3.1300  0.8100
   181    39   193  3.1231  0.8076
   185    38   192  3.1174  0.8056
   184    48   194  3.1172  0.8055
   189    38   192  3.0864  0.7947
   185    38   191  3.0843  0.7940
   191    43   191  3.0823  0.7934
   186    38   191  3.0798  0.7925
   191    44   191  3.0734  0.7902
   184    38   191  3.0704  0.7892
   183    48   196  3.0649  0.7871
   191    42   191  3.0646  0.7871
   191    41   195  3.0630  0.7864
   182    48   196  3.0598  0.7853
   188    38   195  3.0555  0.7838
   187    38   191  3.0550  0.7838
   191    42   195  3.0550  0.7836
   181    39   191  3.0540  0.7834
   184    38   192  3.0524  0.7828
   184    48   196  3.0521  0.7826
   191    40   195  3.0500  0.7819
   189    38   195  3.0431  0.7795
   183    38   191  3.0410  0.7789
   181    39   194  3.0401  0.7784
   191    45   191  3.0390  0.7782
   185    48   194  3.0389  0.7780
   181    48   196  3.0383  0.7778
   187    38   195  3.0383  0.7778
   188    38   196  3.0373  0.7774
   181    38   193  3.0372  0.7775
   189    38   196  3.0368  0.7773
   189    48   191  3.0315  0.7756
   191    43   195  3.0294  0.7747
   190    38   192  3.0229  0.7725
   185    48   196  3.0212  0.7719
   191    41   191  3.0206  0.7718
   181    47   196  3.0177  0.7707
   187    38   194  3.0154  0.7698
   186    38   194  3.0129  0.7690
   191    39   195  3.0106  0.7682
   188    38   194  3.0090  0.7676
   188    38   191  3.0089  0.7678
   187    38   196  3.0061  0.7666
   191    40   196  3.0054  0.7664
   191    41   196  3.0050  0.7662
   185    38   194  3.0038  0.7658
   190    38   195  3.0032  0.7656
   190    38   196  3.0028  0.7655
   182    38   191  2.9985  0.7642
   183    48   192  2.9980  0.7639
   189    38   194  2.9926  0.7620
   186    38   195  2.9916  0.7616
   184    38   194  2.9906  0.7613
   182    48   192  2.9897  0.7611
   191    44   195  2.9875  0.7602
   191    42   196  2.9869  0.7600
   191    39   196  2.9835  0.7588
   181    46   196  2.9828  0.7586
   191    40   194  2.9816  0.7582
   191    46   191  2.9814  0.7583
   184    48   192  2.9781  0.7570
   183    38   194  2.9748  0.7558
   186    48   196  2.9741  0.7556
   191    41   194  2.9721  0.7549
   191    39   194  2.9689  0.7538
   190    38   194  2.9659  0.7528
   181    47   192  2.9659  0.7528
   183    38   192  2.9610  0.7512
   182    48   195  2.9602  0.7508
   181    46   192  2.9590  0.7505
   183    48   195  2.9580  0.7500
   182    38   194  2.9557  0.7493
   191    43   196  2.9548  0.7490
   181    48   192  2.9544  0.7489
   191    40   191  2.9517  0.7481
   186    48   194  2.9512  0.7477
   181    48   195  2.9485  0.7468
   186    38   196  2.9482  0.7467
   191    38   192  2.9461  0.7461
   191    42   194  2.9453  0.7457
   181    38   191  2.9448  0.7457
   184    48   195  2.9442  0.7453
   181    45   192  2.9437  0.7453
   181    47   195  2.9431  0.7450
   189    38   191  2.9420  0.7447
   181    45   196  2.9402  0.7440
   191    38   195  2.9388  0.7435
   191    38   196  2.9360  0.7425
   185    48   192  2.9331  0.7416
   181    38   194  2.9306  0.7407
   191    45   195  2.9296  0.7404
   191    38   194  2.9293  0.7403
   181    44   192  2.9267  0.7395
   190    48   191  2.9262  0.7394
   181    46   195  2.9256  0.7390
   185    48   195  2.9221  0.7378
   191    39   192  2.9196  0.7370
   185    38   195  2.9185  0.7366
   187    48   196  2.9138  0.7350
   181    43   192  2.9108  0.7341
   191    44   196  2.9108  0.7340
   191    47   191  2.9048  0.7321
   191    43   194  2.9043  0.7317
   181    45   195  2.8993  0.7301
   186    48   195  2.8946  0.7285
   181    44   196  2.8945  0.7284
   181    42   192  2.8944  0.7285
   191    40   192  2.8848  0.7252
   181    41   192  2.8727  0.7212
   185    38   196  2.8712  0.7206
   186    48   192  2.8695  0.7201
   181    44   195  2.8661  0.7188
   187    48   195  2.8630  0.7178
   191    39   191  2.8611  0.7173
   187    48   194  2.8591  0.7165
   190    38   191  2.8559  0.7156
   191    46   195  2.8556  0.7153
   191    45   196  2.8548  0.7150
   191    44   194  2.8500  0.7135
   182    38   192  2.8497  0.7134
   191    41   192  2.8478  0.7128
   181    43   196  2.8477  0.7127
   188    48   196  2.8440  0.7114
   181    40   192  2.8402  0.7102
   188    48   195  2.8268  0.7057
   181    43   195  2.8268  0.7057
   184    38   195  2.8254  0.7052
   191    48   191  2.8149  0.7018
   191    42   192  2.8117  0.7007
   181    42   196  2.7988  0.6964
   187    48   192  2.7948  0.6951
   181    39   192  2.7922  0.6943
   191    46   196  2.7852  0.6919
   184    38   196  2.7839  0.6914
   189    48   195  2.7835  0.6913
   191    45   194  2.7815  0.6906
   181    42   195  2.7811  0.6905
   191    43   192  2.7763  0.6890
   189    48   196  2.7677  0.6860
   191    47   195  2.7659  0.6855
   188    48   194  2.7658  0.6854
   191    38   191  2.7535  0.6815
   181    41   196  2.7447  0.6785
   191    44   192  2.7383  0.6765
   190    48   195  2.7296  0.6735
   181    41   195  2.7281  0.6730
   181    38   192  2.7266  0.6726
   183    38   195  2.7210  0.6707
   188    48   192  2.7149  0.6688
   191    47   196  2.7008  0.6641
   191    46   194  2.6968  0.6628
   183    38   196  2.6943  0.6620
   191    45   192  2.6927  0.6616
   190    48   196  2.6866  0.6595
   181    40   196  2.6820  0.6580
   189    48   194  2.6718  0.6547
   181    40   195  2.6665  0.6530
   191    48   195  2.6612  0.6512
   191    46   192  2.6340  0.6426
   189    48   192  2.6329  0.6422
   182    38   195  2.6139  0.6360
   181    39   196  2.6085  0.6343
   182    38   196  2.6075  0.6340
   191    48   196  2.6012  0.6320
   181    39   195  2.5947  0.6299
   191    47   194  2.5939  0.6297
   190    48   194  2.5752  0.6237
   191    47   192  2.5571  0.6180
   190    48   192  2.5486  0.6153
   181    38   196  2.5245  0.6076
   181    38   195  2.5109  0.6034
   183    49   193  3.6361  0.9986
   184    49   193  3.6261  0.9947
   182    49   193  3.6220  0.9931
   185    49   193  3.5922  0.9815
   181    49   193  3.5863  0.9792
   180    48   193  3.5415  0.9619
   186    49   193  3.5372  0.9603
   180    49   193  3.5336  0.9589
   180    47   193  3.5175  0.9527
   180    46   193  3.4707  0.9349
   187    49   193  3.4651  0.9328
   182    49   191  3.4648  0.9328
   181    49   191  3.4584  0.9304
   180    48   191  3.4463  0.9258
   183    49   191  3.4451  0.9254
   180    47   191  3.4406  0.9237
   180    49   191  3.4284  0.9191
   192    42   193  3.4281  0.9188
   192    43   193  3.4240  0.9173
   180    46   191  3.4170  0.9148
   187    37   193  3.4108  0.9124
   180    45   193  3.4100  0.9121
   192    41   193  3.4076  0.9112
   184    49   191  3.3998  0.9084
   188    37   193  3.3995  0.9081
   192    44   193  3.3966  0.9070
   186    37   193  3.3887  0.9041
   180    45   191  3.3810  0.9014
   188    49   193  3.3799  0.9008
   192    40   193  3.3609  0.8937
   189    37   193  3.3542  0.8913
   192    45   193  3.3461  0.8883
   180    44   193  3.3432  0.8872
   180    44   191  3.3367  0.8850
   185    37   193  3.3365  0.8847
   185    49   191  3.3320  0.8832
   180    46   194  3.2893  0.8673
   180    43   191  3.2859  0.8663
   192    39   193  3.2857  0.8661
   180    45   194  3.2848  0.8657
   189    49   193  3.2839  0.8654
   180    47   194  3.2801  0.8640
   190    37   193  3.2775  0.8631
   180    43   193  3.2754  0.8623
   192    46   193  3.2727  0.8613
   180    44   194  3.2698  0.8602
   184    37   193  3.2593  0.8564
   180    48   194  3.2526  0.8540
   186    49   191  3.2469  0.8521
   180    43   194  3.2451  0.8513
   180    42   191  3.2282  0.8453
   180    42   194  3.2094  0.8384
   180    42   193  3.2085  0.8381
   180    49   194  3.2023  0.8358
   181    49   194  3.1895  0.8312
   192    38   193  3.1815  0.8284
   190    49   193  3.1778  0.8271
   192    47   193  3.1773  0.8269
   191    37   193  3.1741  0.8257
   183    37   193  3.1636  0.8220
   180    41   191  3.1611  0.8212
   180    41   194  3.1592  0.8204
   182    49   194  3.1541  0.8186
   187    49   191  3.1501  0.8173
   180    41   193  3.1418  0.8142
   187    37   192  3.1072  0.8020
   188    37   192  3.0998  0.7994
   183    49   194  3.0974  0.7985
   180    40   194  3.0913  0.7963
   186    37   192  3.0892  0.7957
   180    40   191  3.0816  0.7931
   180    40   193  3.0728  0.7899
   189    37   192  3.0701  0.7890
   192    48   193  3.0620  0.7861
   191    49   193  3.0605  0.7856
   182    37   193  3.0558  0.7839
   192    37   193  3.0503  0.7820
   182    49   196  3.0481  0.7812
   188    49   191  3.0467  0.7809
   185    37   192  3.0440  0.7799
   183    49   196  3.0407  0.7786
   181    49   196  3.0377  0.7776
   184    49   194  3.0230  0.7725
   190    37   192  3.0214  0.7720
   184    49   196  3.0142  0.7694
   180    49   196  3.0111  0.7684
   180    39   194  3.0031  0.7656
   180    48   196  3.0025  0.7654
   180    39   193  2.9986  0.7640
   180    39   191  2.9880  0.7605
   192    41   195  2.9726  0.7551
   184    37   192  2.9725  0.7551
   180    47   196  2.9711  0.7546
   185    49   196  2.9693  0.7539
   192    42   195  2.9669  0.7531
   192    43   191  2.9662  0.7530
   189    37   196  2.9628  0.7517
   188    37   196  2.9624  0.7516
   192    40   195  2.9588  0.7503
   192    44   191  2.9569  0.7499
   191    37   192  2.9566  0.7497
   185    37   191  2.9552  0.7493
   186    37   191  2.9503  0.7476
   192    42   191  2.9481  0.7468
   192    43   195  2.9442  0.7453
   184    37   191  2.9432  0.7452
   181    37   193  2.9415  0.7445
   182    49   192  2.9401  0.7440
   188    37   195  2.9399  0.7439
   189    49   191  2.9397  0.7440
   181    49   195  2.9382  0.7433
   183    49   192  2.9377  0.7432
   185    49   194  2.9355  0.7424
   182    49   195  2.9338  0.7418
   192    49   193  2.9304  0.7407
   187    37   196  2.9296  0.7404
   190    37   196  2.9290  0.7401
   189    37   195  2.9284  0.7399
   180    49   195  2.9268  0.7394
   187    37   191  2.9263  0.7394
   180    46   196  2.9255  0.7390
   187    37   195  2.9229  0.7381
   180    48   195  2.9222  0.7378
   192    40   194  2.9221  0.7378
   192    45   191  2.9214  0.7377
   192    39   195  2.9210  0.7374
   180    38   193  2.9166  0.7360
   183    37   191  2.9165  0.7360
   192    39   194  2.9156  0.7356
   192    41   196  2.9156  0.7356
   183    49   195  2.9151  0.7354
   181    49   192  2.9148  0.7354
   192    40   196  2.9126  0.7346
   188    37   194  2.9109  0.7340
   186    49   196  2.9083  0.7331
   187    37   194  2.9073  0.7328
   184    49   192  2.9071  0.7328
   192    41   194  2.9070  0.7327
   189    37   194  2.9048  0.7319
   192    44   195  2.9048  0.7319
   192    41   191  2.9031  0.7315
   180    47   195  2.9018  0.7309
   192    42   196  2.9009  0.7306
   180    47   192  2.8992  0.7301
   180    48   192  2.8979  0.7297
   186    37   194  2.8964  0.7291
   180    38   194  2.8945  0.7284
   190    37   195  2.8906  0.7271
   192    39   196  2.8881  0.7263
   190    37   194  2.8878  0.7262
   184    49   195  2.8857  0.7254
   192    38   194  2.8828  0.7245
   188    37   191  2.8821  0.7244
   180    46   192  2.8818  0.7242
   185    37   194  2.8815  0.7240
   180    38   191  2.8809  0.7240
   183    37   192  2.8782  0.7230
   186    37   195  2.8774  0.7227
   192    37   192  2.8774  0.7227
   182    37   191  2.8769  0.7227
   192    42   194  2.8749  0.7218
   180    45   196  2.8738  0.7214
   192    43   196  2.8714  0.7206
   180    46   195  2.8706  0.7204
   186    37   196  2.8695  0.7200
   180    49   192  2.8668  0.7192
   184    37   194  2.8649  0.7185
   192    46   191  2.8626  0.7178
   191    37   196  2.8619  0.7174
   191    37   194  2.8594  0.7166
   192    38   192  2.8582  0.7163
   180    45   192  2.8561  0.7156
   192    38   195  2.8533  0.7145
   185    49   192  2.8524  0.7143
   185    49   195  2.8497  0.7133
   192    45   195  2.8481  0.7128
   183    37   194  2.8479  0.7127
   186    49   194  2.8402  0.7102
   192    38   196  2.8392  0.7098
   187    49   196  2.8349  0.7084
   192    40   191  2.8334  0.7080
   180    45   195  2.8327  0.7076
   190    49   191  2.8303  0.7070
   191    37   195  2.8300  0.7068
   180    44   192  2.8294  0.7066
   182    37   194  2.8289  0.7064
   192    44   196  2.8285  0.7063
   192    43   194  2.8283  0.7062
   181    37   191  2.8257  0.7055
   180    37   193  2.8255  0.7053
   192    39   192  2.8254  0.7053
   180    44   196  2.8214  0.7039
   192    37   194  2.8196  0.7033
   189    37   191  2.8176  0.7028
   186    49   195  2.8105  0.7002
   185    37   195  2.8067  0.6990
   180    43   192  2.8048  0.6984
   181    37   194  2.8039  0.6980
   180    44   195  2.7902  0.6935
   185    37   196  2.7898  0.6934
   192    40   192  2.7877  0.6928
   192    47   191  2.7854  0.6921
   180    42   192  2.7809  0.6905
   186    49   192  2.7806  0.6904
   192    46   195  2.7738  0.6881
   192    45   196  2.7718  0.6874
   180    43   196  2.7703  0.6869
   187    49   195  2.7695  0.6866
   192    44   194  2.7676  0.6860
   180    37   194  2.7671  0.6859
   182    37   192  2.7664  0.6857
   192    37   196  2.7649  0.6851
   180    37   191  2.7634  0.6848
   188    49   196  2.7533  0.6813
   180    41   192  2.7532  0.6814
   192    41   192  2.7512  0.6807
   192    37   195  2.7507  0.6805
   180    43   195  2.7435  0.6781
   192    39   191  2.7431  0.6781
   187    49   194  2.7418  0.6775
   190    37   191  2.7345  0.6753
   188    49   195  2.7254  0.6721
   180    42   196  2.7192  0.6701
   192    42   192  2.7181  0.6698
   191    49   191  2.7178  0.6698
   184    37   195  2.7169  0.6694
   180    40   192  2.7163  0.6692
   192    46   196  2.7002  0.6639
   184    37   196  2.6994  0.6637
   187    49   192  2.6988  0.6635
   192    48   191  2.6959  0.6627
   180    42   195  2.6921  0.6613
   192    45   194  2.6914  0.6611
   192    43   192  2.6863  0.6595
   192    47   195  2.6824  0.6581
   189    49   195  2.6754  0.6558
   189    49   196  2.6670  0.6532
   180    39   192  2.6655  0.6527
   180    41   196  2.6641  0.6522
   192    44   192  2.6510  0.6480
   181    37   192  2.6439  0.6457
   188    49   194  2.6427  0.6453
   192    38   191  2.6376  0.6438
   191    37   191  2.6355  0.6431
   180    41   195  2.6349  0.6428
   183    37   195  2.6164  0.6368
   190    49   195  2.6155  0.6365
   192    47   196  2.6129  0.6357
   188    49   192  2.6128  0.6357
   183    37   196  2.6068  0.6338
   192    45   192  2.6058  0.6335
   180    40   196  2.6009  0.6319
   192    49   191  2.6007  0.6320
   180    38   192  2.5988  0.6313
   192    46   194  2.5982  0.6310
   190    49   196  2.5784  0.6247
   192    48   195  2.5748  0.6236
   180    40   195  2.5706  0.6222
   192    46   192  2.5449  0.6141
   189    49   194  2.5432  0.6135
   191    49   195  2.5420  0.6132
   180    39   196  2.5270  0.6084
   189    49   192  2.5249  0.6079
   192    37   191  2.5239  0.6076
   182    37   196  2.5172  0.6053
   180    37   192  2.5164  0.6052
   182    37   195  2.5132  0.6041
   192    48   196  2.5106  0.6033
   183    50   193  3.5661  0.9714
   182    50   193  3.5613  0.9695
   184    50   193  3.5460  0.9636
   181    50   193  3.5335  0.9588
   185    50   193  3.5020  0.9468
   180    50   193  3.4866  0.9409
   179    48   193  3.4707  0.9349
   179    49   193  3.4690  0.9342
   179    47   193  3.4389  0.9229
   186    50   193  3.4373  0.9223
   179    50   193  3.4257  0.9179
   182    50   191  3.4151  0.9141
   181    50   191  3.4115  0.9128
   179    48   191  3.3963  0.9071
   183    50   191  3.3904  0.9049
   179    47   191  3.3868  0.9035
   179    46   193  3.3831  0.9020
   180    50   191  3.3820  0.9018
   179    49   191  3.3799  0.9010
   179    46   191  3.3580  0.8928
   187    50   193  3.3561  0.8920
   184    50   191  3.3383  0.8855
   179    50   191  3.3321  0.8832
   179    45   191  3.3163  0.8774
   179    45   193  3.3134  0.8762
   193    42   193  3.2950  0.8695
   193    43   193  3.2944  0.8693
   193    41   193  3.2700  0.8603
   193    44   193  3.2682  0.8597
   179    44   191  3.2667  0.8593
   185    50   191  3.2627  0.8578
   188    50   193  3.2623  0.8575
   187    36   193  3.2586  0.8562
   179    46   194  3.2537  0.8544
   179    47   194  3.2530  0.8541
   188    36   193  3.2428  0.8504
   186    36   193  3.2425  0.8504
   179    45   194  3.2420  0.8502
   179    44   193  3.2385  0.8489
   179    48   194  3.2346  0.8474
   179    44   194  3.2216  0.8428
   193    40   193  3.2189  0.8418
   193    45   193  3.2166  0.8410
   179    43   191  3.2119  0.8395
   185    36   193  3.1977  0.8342
   189    36   193  3.1947  0.8331
   179    43   194  3.1936  0.8327
   179    49   194  3.1931  0.8325
   186    50   191  3.1693  0.8242
   179    43   193  3.1642  0.8222
   189    50   193  3.1583  0.8201
   179    42   194  3.1562  0.8193
   179    42   191  3.1518  0.8179
   193    39   193  3.1414  0.8141
   193    46   193  3.1400  0.8136
   184    36   193  3.1291  0.8097
   180    50   194  3.1262  0.8087
   179    50   194  3.1250  0.8082
   190    36   193  3.1173  0.8055
   179    41   194  3.1059  0.8015
   181    50   194  3.1045  0.8010
   179    42   193  3.0928  0.7969
   179    41   191  3.0839  0.7939
   187    50   191  3.0647  0.7872
   182    50   194  3.0594  0.7851
   190    50   193  3.0447  0.7801
   183    36   193  3.0424  0.7792
   188    36   192  3.0416  0.7790
   193    47   193  3.0404  0.7786
   179    40   194  3.0384  0.7778
   193    38   193  3.0384  0.7779
   187    36   192  3.0333  0.7761
   189    36   192  3.0284  0.7744
   179    41   193  3.0236  0.7727
   191    36   193  3.0160  0.7701
   182    50   196  3.0124  0.7688
   181    50   196  3.0100  0.7680
   179    40   191  3.0049  0.7664
   186    36   192  3.0023  0.7654
   190    36   192  2.9952  0.7629
   183    50   196  2.9950  0.7628
   183    50   194  2.9928  0.7620
   180    50   196  2.9900  0.7610
   179    49   196  2.9708  0.7544
   184    50   196  2.9571  0.7498
   188    50   191  2.9547  0.7491
   179    50   196  2.9545  0.7489
   179    48   196  2.9544  0.7488
   179    40   193  2.9540  0.7487
   179    39   194  2.9507  0.7475
   185    36   192  2.9484  0.7468
   191    36   192  2.9433  0.7451
   182    36   193  2.9430  0.7450
   191    50   193  2.9212  0.7375
   193    48   193  2.9210  0.7375
   179    47   196  2.9137  0.7349
   193    37   193  2.9129  0.7347
   179    39   191  2.9124  0.7347
   180    50   195  2.9108  0.7340
   184    50   194  2.9090  0.7334
   181    50   195  2.9089  0.7333
   179    49   195  2.9002  0.7304
   185    50   196  2.8999  0.7303
   192    36   193  2.8980  0.7297
   179    50   195  2.8967  0.7292
   182    50   195  2.8905  0.7271
   179    48   195  2.8822  0.7243
   179    39   193  2.8804  0.7237
   192    36   192  2.8738  0.7215
   184    36   192  2.8725  0.7211
   188    36   196  2.8658  0.7187
   189    36   196  2.8650  0.7185
   193    41   195  2.8588  0.7164
   179    46   196  2.8586  0.7163
   183    50   195  2.8577  0.7160
   182    50   192  2.8576  0.7161
   193    42   195  2.8544  0.7149
   193    40   194  2.8537  0.7147
   193    39   194  2.8525  0.7143
   179    47   195  2.8487  0.7130
   183    50   192  2.8471  0.7126
   193    40   195  2.8458  0.7120
   189    50   191  2.8432  0.7113
   179    38   194  2.8415  0.7106
   181    50   192  2.8396  0.7100
   181    36   193  2.8359  0.7087
   187    36   196  2.8343  0.7082
   193    43   195  2.8340  0.7081
   193    41   194  2.8336  0.7079
   193    43   191  2.8326  0.7078
   190    36   196  2.8303  0.7068
   179    48   192  2.8288  0.7064
   186    50   196  2.8265  0.7056
   193    38   194  2.8252  0.7051
   193    44   191  2.8230  0.7046
   179    47   192  2.8217  0.7041
   185    36   191  2.8203  0.7036
   184    50   195  2.8147  0.7016
   193    42   191  2.8146  0.7018
   186    36   191  2.8139  0.7015
   185    50   194  2.8132  0.7011
   193    39   195  2.8117  0.7006
   184    36   191  2.8108  0.7005
   184    50   192  2.8085  0.6997
   179    38   191  2.8065  0.6991
   179    46   195  2.8060  0.6987
   179    49   192  2.8051  0.6985
   193    41   196  2.8026  0.6976
   179    38   193  2.8001  0.6968
   179    45   196  2.7986  0.6963
   180    50   192  2.7978  0.6961
   193    44   195  2.7970  0.6957
   193    42   194  2.7958  0.6954
   179    46   192  2.7956  0.6954
   193    40   196  2.7948  0.6950
   193    42   196  2.7931  0.6944
   187    36   191  2.7902  0.6936
   189    36   194  2.7899  0.6934
   188    36   194  2.7886  0.6930
   193    45   191  2.7873  0.6927
   193    36   192  2.7873  0.6926
   183    36   191  2.7871  0.6926
   192    50   193  2.7869  0.6925
   188    36   195  2.7869  0.6924
   193    49   193  2.7864  0.6923
   193    37   192  2.7843  0.6916
   190    36   194  2.7803  0.6902
   187    36   194  2.7785  0.6896
   183    36   192  2.7774  0.6893
   189    36   195  2.7753  0.6886
   186    36   196  2.7753  0.6886
   187    36   195  2.7720  0.6875
   193    36   193  2.7709  0.6871
   193    41   191  2.7699  0.6869
   193    43   196  2.7682  0.6862
   193    37   194  2.7678  0.6861
   193    39   196  2.7669  0.6858
   185    50   195  2.7665  0.6856
   191    36   196  2.7629  0.6845
   186    36   194  2.7628  0.6844
   179    45   192  2.7616  0.6841
   193    38   192  2.7596  0.6835
   191    36   194  2.7588  0.6831
   179    45   195  2.7587  0.6831
   193    38   195  2.7505  0.6804
   182    36   191  2.7504  0.6805
   188    36   191  2.7478  0.6796
   185    50   192  2.7464  0.6791
   185    36   194  2.7448  0.6785
   193    43   194  2.7425  0.6778
   193    45   195  2.7421  0.6776
   179    50   192  2.7415  0.6775
   187    50   196  2.7412  0.6773
   179    44   196  2.7399  0.6769
   190    36   195  2.7395  0.6768
   190    50   191  2.7318  0.6744
   186    36   195  2.7307  0.6739
   193    46   191  2.7292  0.6735
   193    44   196  2.7286  0.6732
   179    44   192  2.7274  0.6729
   184    36   194  2.7269  0.6726
   192    36   194  2.7250  0.6720
   180    36   193  2.7248  0.6720
   193    39   192  2.7231  0.6715
   193    38   196  2.7166  0.6693
   186    50   195  2.7165  0.6692
   179    37   194  2.7122  0.6678
   179    37   193  2.7112  0.6675
   186    50   194  2.7109  0.6674
   183    36   194  2.7093  0.6669
   179    44   195  2.7091  0.6668
   181    36   191  2.7012  0.6644
   193    40   191  2.7010  0.6643
   185    36   196  2.6962  0.6626
   179    43   192  2.6961  0.6627
   179    37   191  2.6898  0.6607
   182    36   194  2.6897  0.6605
   189    36   191  2.6866  0.6596
   179    43   196  2.6849  0.6590
   193    40   192  2.6840  0.6587
   191    36   195  2.6833  0.6584
   193    36   194  2.6788  0.6570
   193    45   196  2.6736  0.6553
   193    44   194  2.6736  0.6553
   193    46   195  2.6686  0.6536
   186    50   192  2.6680  0.6535
   182    36   192  2.6672  0.6533
   192    36   196  2.6666  0.6530
   179    42   192  2.6664  0.6530
   185    36   195  2.6661  0.6528
   187    50   195  2.6659  0.6528
   181    36   194  2.6633  0.6520
   179    43   195  2.6576  0.6501
   193    37   195  2.6568  0.6498
   193    47   191  2.6538  0.6490
   188    50   196  2.6490  0.6473
   193    41   192  2.6482  0.6471
   193    37   196  2.6429  0.6453
   193    50   193  2.6417  0.6450
   180    36   191  2.6398  0.6445
   179    41   192  2.6339  0.6425
   179    42   196  2.6319  0.6418
   180    36   194  2.6242  0.6393
   191    50   191  2.6202  0.6382
   193    42   192  2.6170  0.6371
   188    50   195  2.6133  0.6358
   179    36   193  2.6130  0.6358
   193    39   191  2.6127  0.6358
   192    36   195  2.6111  0.6351
   190    36   191  2.6080  0.6343
   187    50   194  2.6062  0.6336
   184    36   196  2.6058  0.6334
   179    42   195  2.6031  0.6326
   193    46   196  2.6026  0.6324
   179    40   192  2.5932  0.6295
   193    45   194  2.5881  0.6278
   193    43   192  2.5873  0.6276
   184    36   195  2.5838  0.6264
   187    50   192  2.5806  0.6255
   193    47   195  2.5768  0.6242
   179    41   196  2.5764  0.6241
   193    48   191  2.5675  0.6214
   179    36   191  2.5664  0.6210
   179    36   194  2.5663  0.6209
   189    50   195  2.5554  0.6174
   189    50   196  2.5540  0.6170
   193    44   192  2.5528  0.6167
   193    36   196  2.5468  0.6147
   181    36   192  2.5468  0.6147
   179    41   195  2.5441  0.6138
   179    39   192  2.5398  0.6125
   193    36   195  2.5271  0.6085
   193    47   196  2.5154  0.6048
   191    36   191  2.5146  0.6047
   179    40   196  2.5137  0.6043
   183    36   196  2.5121  0.6038
   193    38   191  2.5109  0.6035
   193    45   192  2.5066  0.6021
   192    50   191  2.5061  0.6020
   188    50   194  2.5014  0.6004
   182    51   193  3.4648  0.9327
   183    51   193  3.4646  0.9326
   181    51   193  3.4406  0.9235
   184    51   193  3.4385  0.9227
   178    49   193  3.3966  0.9070
   180    51   193  3.3959  0.9068
   178    48   193  3.3950  0.9064
   185    51   193  3.3879  0.9038
   178    47   193  3.3588  0.8930
   178    50   193  3.3555  0.8918
   182    51   191  3.3410  0.8866
   181    51   191  3.3365  0.8849
   179    51   193  3.3363  0.8847
   178    48   191  3.3357  0.8846
   178    47   191  3.3239  0.8802
   178    49   191  3.3194  0.8786
   186    51   193  3.3165  0.8774
   183    51   191  3.3151  0.8770
   180    51   191  3.3040  0.8729
   178    46   193  3.2981  0.8706
   178    46   191  3.2910  0.8682
   178    50   191  3.2690  0.8601
   178    51   193  3.2673  0.8594
   184    51   191  3.2599  0.8568
   179    51   191  3.2495  0.8531
   178    45   191  3.2445  0.8512
   187    51   193  3.2288  0.8454
   178    45   193  3.2234  0.8435
   178    47   194  3.2095  0.8384
   178    46   194  3.2034  0.8362
   178    48   194  3.1983  0.8344
   178    44   191  3.1900  0.8316
   178    45   194  3.1858  0.8299
   178    51   191  3.1816  0.8286
   185    51   191  3.1799  0.8279
   178    49   194  3.1643  0.8222
   178    44   194  3.1606  0.8209
   178    44   193  3.1438  0.8149
   194    43   193  3.1380  0.8129
   194    42   193  3.1363  0.8123
   178    43   191  3.1311  0.8106
   178    43   194  3.1289  0.8096
   188    51   193  3.1286  0.8096
   194    44   193  3.1130  0.8040
   194    41   193  3.1087  0.8025
   178    50   194  3.1034  0.8006
   178    42   194  3.0888  0.7955
   187    35   193  3.0872  0.7949
   186    51   191  3.0818  0.7932
   186    35   193  3.0794  0.7922
   178    42   191  3.0680  0.7883
   188    35   193  3.0655  0.7873
   178    43   193  3.0653  0.7873
   194    45   193  3.0612  0.7858
   194    40   193  3.0564  0.7841
   185    35   193  3.0445  0.7800
   178    41   194  3.0364  0.7772
   179    51   194  3.0294  0.7747
   180    51   194  3.0243  0.7729
   189    51   193  3.0187  0.7710
   189    35   193  3.0148  0.7697
   178    51   194  3.0145  0.7695
   178    41   191  2.9984  0.7641
   181    51   194  2.9958  0.7631
   178    42   193  2.9904  0.7612
   184    35   193  2.9866  0.7599
   194    46   193  2.9834  0.7588
   194    39   193  2.9805  0.7578
   187    51   191  2.9728  0.7553
   178    40   194  2.9673  0.7532
   189    35   192  2.9595  0.7507
   188    35   192  2.9581  0.7502
   181    51   196  2.9522  0.7481
   182    51   196  2.9503  0.7474
   182    51   194  2.9434  0.7451
   190    35   192  2.9403  0.7441
   190    35   193  2.9384  0.7434
   187    35   192  2.9365  0.7428
   180    51   196  2.9347  0.7421
   183    51   196  2.9268  0.7394
   178    40   191  2.9188  0.7369
   178    49   196  2.9186  0.7366
   178    41   193  2.9183  0.7366
   183    35   193  2.9104  0.7339
   178    50   196  2.9061  0.7324
   179    51   196  2.9008  0.7306
   191    35   192  2.9005  0.7306
   190    51   193  2.8999  0.7303
   178    48   196  2.8960  0.7290
   186    35   192  2.8952  0.7287
   194    38   193  2.8833  0.7247
   194    47   193  2.8824  0.7244
   184    51   196  2.8810  0.7239
   178    39   194  2.8777  0.7228
   180    51   195  2.8717  0.7207
   178    50   195  2.8694  0.7200
   183    51   194  2.8693  0.7199
   179    51   195  2.8680  0.7195
   178    49   195  2.8612  0.7172
   188    51   191  2.8597  0.7169
   181    51   195  2.8593  0.7165
   178    51   196  2.8537  0.7147
   178    51   195  2.8511  0.7138
   178    47   196  2.8476  0.7126
   178    40   193  2.8465  0.7123
   191    35   193  2.8423  0.7109
   192    35   192  2.8406  0.7104
   185    35   192  2.8349  0.7085
   178    48   195  2.8311  0.7071
   182    51   195  2.8302  0.7068
   178    39   191  2.8267  0.7058
   182    35   193  2.8204  0.7036
   185    51   196  2.8145  0.7016
   183    51   195  2.7867  0.6923
   178    47   195  2.7862  0.6922
   178    46   196  2.7842  0.6915
   184    51   194  2.7781  0.6895
   194    39   194  2.7763  0.6889
   191    51   193  2.7725  0.6877
   194    40   194  2.7722  0.6876
   178    39   193  2.7715  0.6873
   194    37   193  2.7684  0.6863
   178    38   194  2.7662  0.6856
   194    48   193  2.7623  0.6843
   193    35   192  2.7612  0.6840
   178    48   192  2.7572  0.6827
   184    35   192  2.7570  0.6826
   194    38   194  2.7544  0.6817
   188    35   196  2.7506  0.6804
   189    51   191  2.7469  0.6793
   189    35   196  2.7468  0.6792
   194    41   194  2.7465  0.6791
   178    47   192  2.7426  0.6779
   182    51   192  2.7404  0.6772
   178    49   192  2.7404  0.6771
   192    35   193  2.7339  0.6750
   178    46   195  2.7336  0.6748
   184    51   195  2.7332  0.6747
   186    51   196  2.7311  0.6740
   181    51   192  2.7263  0.6725
   183    51   192  2.7255  0.6723
   194    41   195  2.7236  0.6716
   187    35   196  2.7228  0.6713
   178    38   191  2.7213  0.6710
   181    35   193  2.7206  0.6706
   194    42   195  2.7184  0.6698
   178    45   196  2.7164  0.6692
   194    40   195  2.7140  0.6684
   190    35   196  2.7101  0.6671
   178    46   192  2.7089  0.6668
   194    37   194  2.7027  0.6647
   194    42   194  2.7022  0.6646
   194    43   195  2.6987  0.6634
   178    38   193  2.6903  0.6607
   180    51   192  2.6877  0.6599
   194    39   195  2.6861  0.6593
   185    35   191  2.6853  0.6592
   194    36   192  2.6850  0.6590
   178    50   192  2.6823  0.6582
   184    51   192  2.6822  0.6581
   194    43   191  2.6804  0.6576
   178    45   195  2.6785  0.6568
   184    35   191  2.6784  0.6570
   194    37   192  2.6777  0.6567
   186    35   191  2.6774  0.6566
   185    51   194  2.6754  0.6559
   185    51   195  2.6747  0.6556
   194    44   191  2.6706  0.6544
   178    45   192  2.6679  0.6535
   186    35   196  2.6678  0.6534
   194    41   196  2.6676  0.6533
   194    35   192  2.6642  0.6523
   194    42   196  2.6639  0.6521
   194    42   191  2.6636  0.6522
   194    44   195  2.6633  0.6519
   183    35   192  2.6632  0.6520
   183    35   191  2.6575  0.6502
   194    40   196  2.6549  0.6492
   187    35   191  2.6536  0.6490
   189    35   194  2.6516  0.6482
   178    44   196  2.6515  0.6481
   194    38   192  2.6500  0.6477
   190    35   194  2.6467  0.6466
   188    35   194  2.6463  0.6464
   194    43   196  2.6447  0.6459
   191    35   196  2.6421  0.6451
   194    36   193  2.6413  0.6449
   194    43   194  2.6410  0.6447
   192    51   193  2.6363  0.6433
   190    51   191  2.6363  0.6434
   187    51   196  2.6361  0.6432
   194    45   191  2.6359  0.6432
   179    51   192  2.6343  0.6427
   194    38   195  2.6343  0.6426
   178    37   194  2.6342  0.6426
   187    35   194  2.6333  0.6423
   191    35   194  2.6301  0.6412
   194    49   193  2.6284  0.6407
   178    44   192  2.6275  0.6405
   194    39   196  2.6241  0.6393
   178    44   195  2.6234  0.6391
   182    35   191  2.6230  0.6391
   194    41   191  2.6209  0.6384
   193    35   193  2.6208  0.6383
   194    36   194  2.6197  0.6379
   186    35   194  2.6161  0.6367
   185    51   192  2.6157  0.6367
   180    35   193  2.6148  0.6364
   186    51   195  2.6146  0.6363
   188    35   191  2.6133  0.6360
   194    39   192  2.6118  0.6354
   194    45   195  2.6103  0.6349
   194    44   196  2.6099  0.6348
   178    37   191  2.6050  0.6333
   188    35   195  2.6025  0.6324
   192    35   194  2.6011  0.6320
   178    37   193  2.6011  0.6320
   185    35   194  2.5977  0.6309
   185    35   196  2.5923  0.6291
   178    43   196  2.5922  0.6291
   187    35   195  2.5917  0.6289
   178    43   192  2.5907  0.6287
   189    35   195  2.5894  0.6282
   194    46   191  2.5802  0.6254
   184    35   194  2.5799  0.6252
   178    51   192  2.5784  0.6248
   181    35   191  2.5750  0.6238
   194    38   196  2.5733  0.6231
   194    40   192  2.5722  0.6228
   178    43   195  2.5686  0.6216
   186    51   194  2.5668  0.6210
   194    44   194  2.5628  0.6197
   183    35   194  2.5620  0.6195
   193    35   194  2.5600  0.6189
   194    45   196  2.5588  0.6185
   186    35   195  2.5571  0.6179
   189    35   191  2.5564  0.6178
   182    35   192  2.5562  0.6177
   178    42   192  2.5561  0.6177
   194    40   191  2.5551  0.6174
   190    35   195  2.5548  0.6172
   187    51   195  2.5542  0.6170
   194    37   195  2.5521  0.6164
   192    35   196  2.5471  0.6148
   182    35   194  2.5411  0.6129
   194    46   195  2.5383  0.6120
   194    41   192  2.5368  0.6116
   178    42   196  2.5367  0.6115
   188    51   196  2.5351  0.6110
   186    51   192  2.5335  0.6106
   191    51   191  2.5271  0.6086
   178    41   192  2.5192  0.6060
   180    35   191  2.5139  0.6044
   178    42   195  2.5126  0.6039
   181    35   194  2.5123  0.6038
   194    47   191  2.5090  0.6029
   194    35   193  2.5089  0.6028
   194    35   194  2.5070  0.6021
   194    42   192  2.5062  0.6020
   179    35   193  2.5061  0.6019
   184    35   196  2.5043  0.6013
   178    36   193  2.5032  0.6010
   191    35   195  2.5023  0.6007
   194    37   196  2.5017  0.6005
   185    35   195  2.5013  0.6004
   182    52   193  3.3312  0.8828
   183    52   193  3.3304  0.8825
   177    49   193  3.3190  0.8783
   177    48   193  3.3161  0.8772
   181    52   193  3.3066  0.8737
   184    52   193  3.3026  0.8723
   177    50   193  3.2795  0.8638
   177    47   193  3.2786  0.8635
   177    48   191  3.2702  0.8606
   180    52   193  3.2609  0.8570
   177    47   191  3.2564  0.8556
   177    49   191  3.2537  0.8546
   185    52   193  3.2496  0.8529
   182    52   191  3.2422  0.8504
   181    52   191  3.2329  0.8470
   177    46   191  3.2198  0.8423
   183    52   191  3.2191  0.8420
   177    46   193  3.2167  0.8410
   177    50   191  3.2010  0.8355
   179    52   193  3.2005  0.8352
   180    52   191  3.1940  0.8330
   177    51   193  3.1933  0.8326
   186    52   193  3.1751  0.8261
   177    45   191  3.1683  0.8238
   184    52   191  3.1649  0.8226
   177    47   194  3.1517  0.8177
   177    48   194  3.1469  0.8160
   177    45   193  3.1407  0.8138
   177    46   194  3.1398  0.8135
   179    52   191  3.1325  0.8110
   178    52   193  3.1318  0.8107
   177    49   194  3.1198  0.8064
   177    45   194  3.1168  0.8053
   177    51   191  3.1096  0.8030
   177    44   191  3.1085  0.8026
   177    44   194  3.0865  0.7946
   185    52   191  3.0849  0.7942
   187    52   193  3.0840  0.7938
   177    50   194  3.0662  0.7875
   177    52   193  3.0603  0.7855
   177    44   193  3.0596  0.7852
   178    52   191  3.0579  0.7848
   177    43   194  3.0498  0.7818
   177    43   191  3.0444  0.7801
   177    42   194  3.0050  0.7663
   186    52   191  2.9862  0.7599
   177    51   194  2.9849  0.7593
   177    52   191  2.9811  0.7581
   188    52   193  2.9806  0.7579
   177    43   193  2.9790  0.7573
   177    42   191  2.9770  0.7567
   195    43   193  2.9542  0.7488
   195    42   193  2.9522  0.7481
   177    41   194  2.9481  0.7467
   195    44   193  2.9301  0.7405
   195    41   193  2.9256  0.7390
   179    52   194  2.9090  0.7333
   186    34   193  2.9056  0.7322
   187    34   193  2.9048  0.7320
   177    41   191  2.9044  0.7319
   177    42   193  2.9013  0.7308
   178    52   194  2.9000  0.7303
   180    52   194  2.8992  0.7300
   185    34   193  2.8813  0.7240
   195    45   193  2.8791  0.7233
   177    52   194  2.8783  0.7230
   188    34   193  2.8778  0.7228
   187    52   191  2.8773  0.7228
   195    40   193  2.8766  0.7224
   177    40   194  2.8746  0.7217
   189    52   193  2.8677  0.7194
   181    52   194  2.8665  0.7190
   181    52   196  2.8637  0.7181
   189    34   192  2.8634  0.7180
   182    52   196  2.8620  0.7175
   177    49   196  2.8571  0.7158
   190    34   192  2.8553  0.7153
   188    34   192  2.8510  0.7139
   177    50   196  2.8478  0.7127
   180    52   196  2.8449  0.7117
   183    52   196  2.8368  0.7090
   184    34   193  2.8346  0.7083
   177    50   195  2.8327  0.7076
   177    48   196  2.8298  0.7067
   177    41   193  2.8260  0.7055
   189    34   193  2.8258  0.7054
   191    34   192  2.8257  0.7054
   177    51   195  2.8253  0.7052
   177    40   191  2.8232  0.7046
   187    34   192  2.8198  0.7034
   179    52   195  2.8139  0.7014
   177    49   195  2.8133  0.7012
   180    52   195  2.8099  0.7001
   182    52   194  2.8098  0.7000
   179    52   196  2.8094  0.6999
   195    39   193  2.8076  0.6993
   178    52   195  2.8057  0.6986
   195    46   193  2.8026  0.6977
   177    51   196  2.7970  0.6958
   181    52   195  2.7906  0.6936
   177    52   195  2.7899  0.6934
   184    52   196  2.7873  0.6925
   177    39   194  2.7809  0.6904
   177    47   196  2.7752  0.6885
   192    34   192  2.7744  0.6884
   177    48   195  2.7723  0.6876
   186    34   192  2.7717  0.6874
   183    34   193  2.7692  0.6866
   188    52   191  2.7651  0.6853
   178    52   196  2.7614  0.6840
   182    52   195  2.7549  0.6818
   190    34   193  2.7527  0.6811
   177    40   193  2.7506  0.6805
   190    52   193  2.7467  0.6792
   183    52   194  2.7312  0.6741
   177    39   191  2.7305  0.6740
   195    38   193  2.7216  0.6710
   177    47   195  2.7172  0.6695
   185    52   196  2.7153  0.6689
   185    34   192  2.7082  0.6666
   177    52   196  2.7054  0.6656
   177    46   196  2.7049  0.6654
   183    52   195  2.7046  0.6653
   195    47   193  2.7036  0.6651
   193    34   192  2.7025  0.6647
   177    48   192  2.6921  0.6613
   182    34   193  2.6887  0.6602
   195    39   194  2.6832  0.6584
   177    49   192  2.6827  0.6583
   195    40   194  2.6730  0.6551
   177    39   193  2.6721  0.6548
   177    47   192  2.6697  0.6541
   195    38   194  2.6676  0.6533
   177    38   194  2.6658  0.6528
   191    34   193  2.6646  0.6524
   177    46   195  2.6558  0.6495
   189    52   191  2.6546  0.6493
   184    52   195  2.6437  0.6456
   195    41   194  2.6407  0.6447
   184    52   194  2.6353  0.6429
   177    50   192  2.6310  0.6416
   184    34   192  2.6307  0.6415
   177    45   196  2.6301  0.6412
   177    46   192  2.6287  0.6409
   177    38   191  2.6255  0.6399
   186    52   196  2.6253  0.6397
   195    37   194  2.6228  0.6389
   195    37   193  2.6223  0.6388
   188    34   196  2.6193  0.6378
   191    52   193  2.6180  0.6374
   194    34   192  2.6120  0.6355
   189    34   196  2.6111  0.6351
   187    34   196  2.5971  0.6307
   181    34   193  2.5966  0.6305
   177    45   195  2.5939  0.6296
   182    52   192  2.5928  0.6294
   195    42   194  2.5890  0.6281
   177    38   193  2.5879  0.6278
   195    48   193  2.5868  0.6274
   177    45   192  2.5810  0.6256
   181    52   192  2.5787  0.6249
   183    52   192  2.5774  0.6245
   185    52   195  2.5768  0.6242
   190    34   196  2.5717  0.6226
   195    41   195  2.5704  0.6222
   195    36   192  2.5686  0.6217
   192    34   193  2.5686  0.6216
   195    40   195  2.5670  0.6211
   195    42   195  2.5615  0.6193
   177    44   196  2.5589  0.6185
   195    37   192  2.5588  0.6185
   185    34   191  2.5540  0.6171
   195    35   192  2.5521  0.6164
   184    34   191  2.5489  0.6155
   186    34   196  2.5482  0.6151
   195    39   195  2.5481  0.6151
   190    52   191  2.5474  0.6150
   195    36   194  2.5471  0.6148
   186    34   191  2.5451  0.6143
   195    43   195  2.5405  0.6127
   180    52   192  2.5400  0.6126
   183    34   192  2.5399  0.6126
   177    44   192  2.5346  0.6109
   177    44   195  2.5342  0.6107
   184    52   192  2.5334  0.6105
   177    51   192  2.5319  0.6101
   177    37   194  2.5309  0.6097
   183    34   191  2.5299  0.6095
   195    38   192  2.5299  0.6094
   185    52   194  2.5278  0.6087
   187    52   196  2.5234  0.6073
   187    34   191  2.5220  0.6070
   195    43   194  2.5191  0.6060
   195    42   196  2.5154  0.6048
   195    36   193  2.5141  0.6044
   195    41   196  2.5138  0.6043
   195    43   191  2.5100  0.6032
   177    37   191  2.5097  0.6031
   195    38   195  2.5080  0.6025
   186    52   195  2.5074  0.6023
   195    34   192  2.5060  0.6019
   195    44   195  2.5053  0.6016
   191    34   196  2.5031  0.6009
   195    43   196  2.5020  0.6006
   176    49   193  3.2376  0.8486
   176    48   193  3.2343  0.8474
   176    48   191  3.2043  0.8367
   176    50   193  3.2000  0.8350
   176    47   193  3.1978  0.8342
   176    49   191  3.1885  0.8310
   176    47   191  3.1880  0.8309
   183    53   193  3.1649  0.8224
   182    53   193  3.1624  0.8216
   176    46   191  3.1470  0.8162
   184    53   193  3.1395  0.8134
   176    46   193  3.1375  0.8127
   176    50   191  3.1349  0.8119
   181    53   193  3.1341  0.8115
   182    53   191  3.1204  0.8068
   176    51   193  3.1173  0.8055
   183    53   191  3.1040  0.8010
   181    53   191  3.1030  0.8006
   176    45   191  3.0898  0.7960
   185    53   193  3.0878  0.7952
   180    53   193  3.0850  0.7942
   176    48   194  3.0839  0.7938
   176    47   194  3.0822  0.7932
   176    46   194  3.0643  0.7869
   176    49   194  3.0641  0.7868
   176    45   193  3.0634  0.7866
   184    53   191  3.0553  0.7839
   180    53   191  3.0551  0.7838
   176    51   191  3.0418  0.7792
   176    45   194  3.0352  0.7767
   176    44   191  3.0234  0.7728
   179    53   193  3.0225  0.7723
   176    50   194  3.0188  0.7710
   186    53   193  3.0140  0.7694
   176    44   194  2.9985  0.7640
   176    52   193  2.9896  0.7610
   179    53   191  2.9847  0.7594
   176    44   193  2.9833  0.7588
   185    53   191  2.9796  0.7576
   176    43   194  2.9552  0.7491
   178    53   193  2.9540  0.7487
   176    43   191  2.9527  0.7484
   176    51   194  2.9470  0.7463
   187    53   193  2.9233  0.7382
   176    52   191  2.9116  0.7344
   176    42   194  2.9033  0.7314
   178    53   191  2.9028  0.7314
   176    43   193  2.9026  0.7312
   177    53   193  2.8858  0.7255
   186    53   191  2.8850  0.7254
   176    42   191  2.8795  0.7235
   176    52   194  2.8507  0.7137
   176    41   194  2.8394  0.7099
   176    42   193  2.8231  0.7045
   176    53   193  2.8219  0.7041
   177    53   191  2.8214  0.7040
   188    53   193  2.8201  0.7035
   176    41   191  2.8024  0.6977
   176    51   195  2.7944  0.6949
   176    50   195  2.7904  0.6936
   176    49   196  2.7895  0.6933
   176    50   196  2.7833  0.6912
   187    53   191  2.7805  0.6904
   176    52   195  2.7703  0.6869
   179    53   194  2.7690  0.6865
   178    53   194  2.7653  0.6853
   176    49   195  2.7601  0.6835
   176    40   194  2.7593  0.6833
   176    48   196  2.7586  0.6831
   180    53   194  2.7561  0.6822
   177    53   194  2.7516  0.6807
   176    53   191  2.7511  0.6807
   182    53   196  2.7499  0.6802
   181    53   196  2.7477  0.6795
   196    42   193  2.7469  0.6792
   196    43   193  2.7466  0.6791
   176    41   193  2.7444  0.6784
   189    33   192  2.7422  0.6777
   190    33   192  2.7419  0.6776
   179    53   195  2.7384  0.6764
   178    53   195  2.7368  0.6759
   176    51   196  2.7353  0.6754
   176    53   194  2.7347  0.6752
   180    53   195  2.7297  0.6735
   177    53   195  2.7296  0.6735
   186    33   193  2.7279  0.6730
   183    53   196  2.7272  0.6727
   196    41   193  2.7253  0.6722
   180    53   196  2.7243  0.6718
   188    33   192  2.7228  0.6714
   196    44   193  2.7224  0.6712
   181    53   194  2.7216  0.6709
   176    53   195  2.7206  0.6706
   187    33   193  2.7204  0.6705
   191    33   192  2.7202  0.6705
   176    40   191  2.7186  0.6701
   185    33   193  2.7127  0.6680
   176    48   195  2.7090  0.6668
   189    53   193  2.7077  0.6664
   181    53   195  2.7069  0.6661
   176    47   196  2.6996  0.6637
   188    33   193  2.6902  0.6607
   187    33   192  2.6863  0.6595
   196    40   193  2.6848  0.6590
   179    53   196  2.6847  0.6589
   184    53   196  2.6783  0.6568
   192    33   192  2.6767  0.6563
   184    33   193  2.6762  0.6561
   196    45   193  2.6734  0.6552
   188    53   191  2.6734  0.6553
   182    53   195  2.6682  0.6535
   176    40   193  2.6645  0.6524
   182    53   194  2.6637  0.6521
   176    39   194  2.6601  0.6509
   176    52   196  2.6465  0.6465
   176    47   195  2.6449  0.6460
   176    48   192  2.6395  0.6443
   189    33   193  2.6393  0.6442
   176    49   192  2.6389  0.6441
   186    33   192  2.6354  0.6430
   178    53   196  2.6343  0.6426
   196    39   193  2.6283  0.6407
   176    39   191  2.6250  0.6397
   176    46   196  2.6242  0.6393
   183    33   193  2.6208  0.6383
   183    53   195  2.6145  0.6362
   193    33   192  2.6124  0.6356
   176    47   192  2.6086  0.6344
   185    53   196  2.6050  0.6332
   196    46   193  2.6007  0.6318
   176    50   192  2.5954  0.6302
   190    53   193  2.5875  0.6276
   183    53   194  2.5840  0.6265
   176    39   193  2.5813  0.6257
   177    53   196  2.5784  0.6247
   176    46   195  2.5757  0.6238
   190    33   193  2.5719  0.6227
   185    33   192  2.5719  0.6227
   196    39   194  2.5708  0.6223
   189    53   191  2.5684  0.6217
   196    38   194  2.5633  0.6199
   176    46   192  2.5597  0.6188
   196    38   193  2.5587  0.6185
   196    40   194  2.5529  0.6166
   182    33   193  2.5493  0.6155
   184    53   195  2.5490  0.6154
   176    45   196  2.5437  0.6137
   176    38   194  2.5410  0.6128
   194    33   192  2.5298  0.6094
   196    37   194  2.5272  0.6085
   176    53   196  2.5227  0.6071
   176    38   191  2.5204  0.6065
   196    41   194  2.5129  0.6040
   186    53   196  2.5122  0.6038
   176    45   195  2.5076  0.6023
   196    47   193  2.5073  0.6023
   176    45   192  2.5049  0.6016
   176    51   192  2.5035  0.6011
   175    49   193  3.1530  0.8182
   175    48   193  3.1497  0.8170
   175    48   191  3.1407  0.8140
   175    49   191  3.1273  0.8092
   175    47   191  3.1204  0.8068
   175    50   193  3.1182  0.8059
   175    47   193  3.1153  0.8048
   175    50   191  3.0754  0.7909
   175    46   191  3.0739  0.7904
   175    46   193  3.0588  0.7850
   175    51   193  3.0413  0.7789
   175    48   194  3.0135  0.7692
   175    45   191  3.0098  0.7681
   175    47   194  3.0041  0.7659
   175    49   194  3.0023  0.7653
   175    45   193  2.9886  0.7606
   175    51   191  2.9839  0.7591
   182    54   191  2.9797  0.7577
   175    46   194  2.9788  0.7572
   183    54   191  2.9733  0.7555
   183    54   193  2.9715  0.7547
   175    50   194  2.9670  0.7532
   182    54   193  2.9633  0.7519
   181    54   191  2.9517  0.7481
   184    54   193  2.9515  0.7479
   175    45   194  2.9421  0.7446
   175    44   191  2.9357  0.7426
   184    54   191  2.9336  0.7419
   181    54   193  2.9293  0.7403
   175    52   193  2.9219  0.7378
   175    44   193  2.9117  0.7343
   175    51   194  2.9068  0.7326
   185    54   193  2.9046  0.7319
   175    44   194  2.8971  0.7293
   180    54   191  2.8934  0.7282
   180    54   193  2.8759  0.7222
   185    54   191  2.8664  0.7191
   175    43   191  2.8572  0.7160
   175    52   191  2.8561  0.7156
   175    43   194  2.8449  0.7117
   186    54   193  2.8348  0.7084
   175    43   193  2.8324  0.7076
   175    52   194  2.8232  0.7045
   179    54   191  2.8139  0.7015
   179    54   193  2.8111  0.7005
   175    42   194  2.7840  0.6914
   186    54   191  2.7802  0.6903
   175    42   191  2.7770  0.6893
   175    53   193  2.7644  0.6850
   175    51   195  2.7610  0.6838
   175    42   193  2.7520  0.6809
   175    52   195  2.7493  0.6800
   187    54   193  2.7478  0.6795
   175    50   195  2.7454  0.6787
   178    54   193  2.7434  0.6781
   178    54   191  2.7252  0.6722
   175    53   194  2.7204  0.6705
   175    49   196  2.7204  0.6705
   175    50   196  2.7175  0.6696
   175    53   195  2.7119  0.6677
   175    41   194  2.7113  0.6675
   175    49   195  2.7046  0.6653
   175    53   191  2.6991  0.6637
   175    41   191  2.6945  0.6622
   175    48   196  2.6866  0.6595
   187    54   191  2.6840  0.6588
   177    54   193  2.6796  0.6572
   175    51   196  2.6740  0.6554
   175    41   193  2.6701  0.6542
   175    54   195  2.6535  0.6488
   178    54   195  2.6513  0.6480
   176    54   195  2.6512  0.6480
   177    54   195  2.6510  0.6480
   179    54   195  2.6482  0.6471
   188    54   193  2.6482  0.6471
   175    48   195  2.6443  0.6458
   177    54   191  2.6404  0.6447
   180    54   195  2.6371  0.6435
   175    47   196  2.6247  0.6395
   176    54   193  2.6236  0.6392
   175    40   194  2.6236  0.6391
   182    54   196  2.6183  0.6374
   178    54   194  2.6181  0.6374
   179    54   194  2.6169  0.6370
   181    54   195  2.6134  0.6359
   177    54   194  2.6123  0.6355
   175    49   192  2.6113  0.6353
   181    54   196  2.6096  0.6347
   175    40   191  2.6074  0.6341
   176    54   194  2.6061  0.6335
   175    54   194  2.6045  0.6330
   190    32   192  2.6043  0.6330
   175    48   192  2.6018  0.6322
   180    54   194  2.6016  0.6321
   183    54   196  2.6012  0.6320
   189    32   192  2.5999  0.6316
   175    52   196  2.5908  0.6286
   191    32   192  2.5887  0.6281
   175    40   193  2.5857  0.6270
   188    54   191  2.5854  0.6271
   180    54   196  2.5799  0.6252
   175    50   192  2.5781  0.6247
   175    54   193  2.5774  0.6244
   188    32   192  2.5774  0.6245
   182    54   195  2.5744  0.6234
   175    47   195  2.5722  0.6227
   176    54   191  2.5707  0.6224
   181    54   194  2.5671  0.6211
   175    47   192  2.5615  0.6194
   184    54   196  2.5564  0.6177
   186    32   193  2.5525  0.6165
   192    32   192  2.5524  0.6165
   175    46   196  2.5459  0.6144
   185    32   193  2.5434  0.6136
   187    32   193  2.5415  0.6130
   187    32   192  2.5395  0.6125
   189    54   193  2.5393  0.6124
   179    54   196  2.5351  0.6110
   197    42   193  2.5277  0.6087
   175    54   191  2.5234  0.6074
   197    43   193  2.5223  0.6070
   183    54   195  2.5197  0.6061
   175    39   194  2.5186  0.6058
   197    41   193  2.5153  0.6048
   184    32   193  2.5144  0.6045
   175    39   191  2.5129  0.6041
   188    32   193  2.5111  0.6035
   182    54   194  2.5107  0.6033
   175    46   192  2.5040  0.6013
   174    48   191  3.0797  0.7924
   174    49   191  3.0712  0.7895
   174    49   193  3.0664  0.7876
   174    48   193  3.0627  0.7863
   174    47   191  3.0539  0.7834
   174    50   193  3.0358  0.7769
   174    47   193  3.0311  0.7753
   174    50   191  3.0241  0.7730
   174    46   191  3.0007  0.7649
   174    46   193  2.9793  0.7574
   174    51   193  2.9666  0.7531
   174    48   194  2.9397  0.7438
   174    49   194  2.9389  0.7435
   174    51   191  2.9381  0.7434
   174    45   191  2.9287  0.7402
   174    47   194  2.9208  0.7374
   174    50   194  2.9156  0.7356
   174    45   193  2.9145  0.7353
   174    46   194  2.8861  0.7256
   174    51   194  2.8690  0.7198
   174    52   193  2.8583  0.7163
   174    44   191  2.8462  0.7123
   174    44   193  2.8422  0.7109
   174    45   194  2.8396  0.7100
   183    55   191  2.8310  0.7072
   182    55   191  2.8254  0.7054
   174    52   191  2.8169  0.7025
   184    55   191  2.8033  0.6980
   174    52   194  2.8001  0.6968
   181    55   191  2.7858  0.6922
   174    44   194  2.7843  0.6916
   174    43   193  2.7654  0.6853
   174    43   191  2.7594  0.6835
   183    55   193  2.7558  0.6822
   185    55   191  2.7478  0.6796
   184    55   193  2.7427  0.6778
   182    55   193  2.7411  0.6773
   174    52   195  2.7281  0.6730
   174    51   195  2.7268  0.6726
   174    43   194  2.7214  0.6708
   180    55   191  2.7173  0.6696
   174    53   193  2.7140  0.6685
   174    53   194  2.7123  0.6679
   174    53   195  2.7041  0.6652
   185    55   193  2.7024  0.6647
   181    55   193  2.7017  0.6644
   174    50   195  2.6994  0.6637
   174    42   193  2.6849  0.6590
   186    55   191  2.6730  0.6552
   174    42   191  2.6718  0.6548
   174    53   191  2.6679  0.6536
   174    54   195  2.6582  0.6503
   174    50   196  2.6563  0.6497
   174    49   196  2.6545  0.6491
   174    42   194  2.6499  0.6476
   174    49   195  2.6487  0.6472
   180    55   193  2.6446  0.6459
   186    55   193  2.6392  0.6442
   179    55   191  2.6297  0.6412
   174    51   196  2.6192  0.6377
   174    48   196  2.6179  0.6373
   174    54   194  2.6103  0.6349
   174    41   193  2.6004  0.6318
   174    49   192  2.5979  0.6310
   174    55   195  2.5957  0.6302
   187    55   191  2.5882  0.6279
   174    41   191  2.5837  0.6265
   175    55   195  2.5810  0.6255
   174    48   195  2.5803  0.6253
   179    55   193  2.5790  0.6249
   174    48   192  2.5773  0.6244
   174    50   192  2.5768  0.6243
   176    55   195  2.5697  0.6219
   174    41   194  2.5678  0.6214
   177    55   195  2.5622  0.6196
   187    55   193  2.5583  0.6184
   178    55   195  2.5571  0.6179
   174    47   196  2.5540  0.6170
   179    55   195  2.5509  0.6160
   174    52   196  2.5443  0.6139
   174    54   193  2.5413  0.6130
   180    55   195  2.5385  0.6121
   178    55   191  2.5361  0.6114
   174    47   192  2.5271  0.6085
   181    55   195  2.5151  0.6047
   178    55   193  2.5137  0.6043
   174    40   193  2.5116  0.6036
   174    51   192  2.5072  0.6023
   174    47   195  2.5016  0.6005
   174    54   191  2.5009  0.6004
   188    55   191  2.5003  0.6002
   173    48   191  3.0202  0.7717
   173    49   191  3.0188  0.7712
   173    47   191  2.9872  0.7603
   173    49   193  2.9797  0.7575
   173    50   191  2.9796  0.7577
   173    48   193  2.9749  0.7559
   173    50   193  2.9543  0.7488
   173    47   193  2.9460  0.7460
   173    46   191  2.9265  0.7395
   173    51   191  2.9029  0.7315
   173    46   193  2.8993  0.7301
   173    51   193  2.8948  0.7286
   173    49   194  2.8774  0.7226
   173    50   194  2.8677  0.7194
   173    48   194  2.8660  0.7188
   173    45   191  2.8465  0.7124
   173    45   193  2.8405  0.7103
   173    51   194  2.8361  0.7088
   173    47   194  2.8357  0.7086
   173    52   193  2.7997  0.6967
   173    52   191  2.7927  0.6945
   173    46   194  2.7897  0.6933
   173    52   194  2.7832  0.6912
   173    44   193  2.7734  0.6880
   173    44   191  2.7556  0.6822
   173    45   194  2.7315  0.6741
   173    53   194  2.7112  0.6675
   173    52   195  2.7070  0.6661
   173    43   193  2.6998  0.6638
   173    53   195  2.6969  0.6629
   173    51   195  2.6924  0.6614
   183    56   191  2.6814  0.6580
   173    53   193  2.6711  0.6545
   184    56   191  2.6671  0.6533
   173    54   195  2.6642  0.6522
   173    44   194  2.6640  0.6522
   182    56   191  2.6632  0.6521
   173    43   191  2.6609  0.6513
   173    53   191  2.6558  0.6497
   173    50   195  2.6536  0.6488
   185    56   191  2.6251  0.6398
   173    54   194  2.6236  0.6392
   173    42   193  2.6197  0.6379
   181    56   191  2.6126  0.6358
   173    55   195  2.6126  0.6356
   173    50   196  2.6044  0.6330
   173    49   196  2.5964  0.6304
   173    49   195  2.5936  0.6295
   173    49   192  2.5930  0.6294
   173    43   194  2.5890  0.6281
   173    50   192  2.5851  0.6269
   173    51   196  2.5762  0.6240
   173    42   191  2.5664  0.6210
   186    56   191  2.5637  0.6202
   173    48   192  2.5612  0.6193
   173    48   196  2.5559  0.6176
   173    56   195  2.5474  0.6149
   180    56   191  2.5354  0.6112
   173    41   193  2.5332  0.6104
   173    51   192  2.5302  0.6095
   173    55   194  2.5249  0.6078
   183    56   193  2.5247  0.6078
   174    56   195  2.5230  0.6072
   173    48   195  2.5182  0.6056
   184    56   193  2.5179  0.6056
   173    54   193  2.5149  0.6047
   173    52   196  2.5121  0.6037
   173    42   194  2.5065  0.6020
   182    56   193  2.5049  0.6015
   173    47   192  2.5015  0.6005
   175    56   195  2.5012  0.6003
   173    54   191  2.5010  0.6004
   172    49   191  2.9671  0.7533
   172    48   191  2.9594  0.7507
   172    50   191  2.9386  0.7436
   172    47   191  2.9184  0.7367
   172    49   193  2.8948  0.7286
   172    48   193  2.8884  0.7264
   172    50   193  2.8757  0.7221
   172    51   191  2.8745  0.7218
   172    47   193  2.8618  0.7174
   172    46   191  2.8500  0.7136
   172    51   193  2.8270  0.7058
   172    50   194  2.8241  0.7048
   172    46   193  2.8200  0.7034
   172    49   194  2.8193  0.7032
   172    51   194  2.8082  0.6995
   172    48   194  2.7946  0.6950
   172    52   191  2.7787  0.6898
   172    52   194  2.7717  0.6874
   172    45   193  2.7671  0.6859
   172    45   191  2.7624  0.6845
   172    47   194  2.7517  0.6808
   172    52   193  2.7466  0.6791
   172    53   194  2.7158  0.6690
   172    44   193  2.7052  0.6656
   172    46   194  2.6931  0.6616
   172    53   195  2.6898  0.6605
   172    52   195  2.6860  0.6593
   172    54   195  2.6703  0.6542
   172    44   191  2.6642  0.6524
   172    51   195  2.6585  0.6504
   172    53   191  2.6574  0.6502
   172    54   194  2.6427  0.6453
   172    53   193  2.6352  0.6429
   172    43   193  2.6349  0.6428
   172    55   195  2.6300  0.6412
   172    45   194  2.6220  0.6386
   172    50   195  2.6086  0.6343
   172    50   192  2.5950  0.6301
   172    49   192  2.5896  0.6283
   172    56   195  2.5727  0.6229
   172    50   196  2.5646  0.6203
   172    43   191  2.5628  0.6199
   172    51   192  2.5562  0.6177
   172    55   194  2.5558  0.6175
   172    42   193  2.5557  0.6175
   172    49   196  2.5483  0.6151
   172    51   196  2.5474  0.6149
   172    48   192  2.5471  0.6149
   172    44   194  2.5415  0.6130
   172    49   195  2.5400  0.6125
   183    57   191  2.5279  0.6089
   184    57   191  2.5268  0.6085
   172    54   191  2.5176  0.6056
   172    57   195  2.5036  0.6011
   172    48   196  2.5024  0.6007
   171    49   191  2.9127  0.7348
   171    50   191  2.8967  0.7293
   171    48   191  2.8948  0.7287
   171    51   191  2.8476  0.7128
   171    47   191  2.8453  0.7120
   171    49   193  2.8134  0.7012
   171    48   193  2.8049  0.6984
   171    50   193  2.8010  0.6971
   171    50   194  2.7837  0.6914
   171    51   194  2.7833  0.6912
   171    47   193  2.7800  0.6901
   171    46   191  2.7697  0.6868
   171    52   191  2.7688  0.6866
   171    49   194  2.7644  0.6850
   171    51   193  2.7635  0.6847
   171    52   194  2.7629  0.6845
   171    46   193  2.7426  0.6778
   171    48   194  2.7263  0.6725
   171    53   194  2.7228  0.6713
   171    52   193  2.6984  0.6634
   171    45   193  2.6951  0.6623
   171    53   195  2.6820  0.6580
   171    45   191  2.6757  0.6561
   171    54   195  2.6755  0.6559
   171    47   194  2.6707  0.6543
   171    53   191  2.6654  0.6527
   171    52   195  2.6650  0.6525
   171    54   194  2.6640  0.6522
   171    55   195  2.6466  0.6465
   171    44   193  2.6381  0.6438
   171    51   195  2.6251  0.6396
   171    53   193  2.6050  0.6332
   171    46   194  2.5994  0.6314
   171    50   192  2.5986  0.6312
   171    56   195  2.5978  0.6309
   171    55   194  2.5888  0.6280
   171    49   192  2.5803  0.6254
   171    51   192  2.5762  0.6241
   171    44   191  2.5718  0.6227
   171    43   193  2.5708  0.6223
   171    50   195  2.5648  0.6204
   171    54   191  2.5428  0.6136
   171    50   196  2.5358  0.6112
   171    57   195  2.5334  0.6104
   171    51   196  2.5315  0.6098
   171    48   192  2.5284  0.6089
   171    45   194  2.5155  0.6048
   171    52   192  2.5113  0.6036
   171    49   196  2.5094  0.6029
   170    49   191  2.8528  0.7145
   170    50   191  2.8502  0.7137
   170    48   191  2.8241  0.7049
   170    51   191  2.8173  0.7027
   170    47   191  2.7663  0.6857
   170    51   194  2.7580  0.6829
   170    52   191  2.7568  0.6826
   170    52   194  2.7527  0.6811
   170    50   194  2.7439  0.6782
   170    49   193  2.7356  0.6755
   170    50   193  2.7298  0.6736
   170    53   194  2.7274  0.6728
   170    48   193  2.7248  0.6720
   170    49   194  2.7112  0.6675
   170    51   193  2.7034  0.6650
   170    47   193  2.7013  0.6643
   170    46   191  2.6843  0.6589
   170    54   194  2.6825  0.6582
   170    54   195  2.6785  0.6568
   170    53   195  2.6726  0.6549
   170    53   191  2.6725  0.6550
   170    46   193  2.6677  0.6534
   170    55   195  2.6607  0.6511
   170    48   194  2.6606  0.6511
   170    52   193  2.6531  0.6487
   170    52   195  2.6433  0.6455
   170    45   193  2.6249  0.6396
   170    56   195  2.6210  0.6383
   170    55   194  2.6191  0.6377
   170    47   194  2.5932  0.6294
   170    51   195  2.5920  0.6290
   170    50   192  2.5891  0.6282
   170    45   191  2.5854  0.6271
   170    51   192  2.5827  0.6261
   170    53   193  2.5774  0.6244
   170    44   193  2.5722  0.6228
   170    54   191  2.5684  0.6216
   170    57   195  2.5623  0.6196
   170    49   192  2.5591  0.6186
   170    56   194  2.5389  0.6122
   170    52   192  2.5376  0.6119
   170    51   196  2.5227  0.6071
   170    50   195  2.5220  0.6069
   170    50   196  2.5137  0.6042
   170    46   194  2.5104  0.6032
   170    43   193  2.5076  0.6024
   170    52   196  2.5006  0.6001
   169    50   191  2.7964  0.6957
   169    49   191  2.7854  0.6921
   169    51   191  2.7797  0.6902
   169    48   191  2.7462  0.6791
   169    52   191  2.7374  0.6762
   169    52   194  2.7357  0.6755
   169    51   194  2.7277  0.6729
   169    53   194  2.7240  0.6717
   169    50   194  2.7010  0.6642
   169    54   194  2.6922  0.6613
   169    47   191  2.6807  0.6577
   169    54   195  2.6765  0.6562
   169    53   191  2.6722  0.6549
   169    55   195  2.6697  0.6540
   169    50   193  2.6600  0.6509
   169    49   193  2.6599  0.6509
   169    53   195  2.6592  0.6506
   169    49   194  2.6566  0.6498
   169    48   193  2.6472  0.6468
   169    51   193  2.6436  0.6456
   169    55   194  2.6407  0.6446
   169    56   195  2.6395  0.6442
   169    47   193  2.6249  0.6396
   169    52   195  2.6188  0.6376
   169    52   193  2.6070  0.6339
   169    48   194  2.5955  0.6302
   169    46   193  2.5947  0.6299
   169    46   191  2.5934  0.6296
   169    57   195  2.5878  0.6277
   169    54   191  2.5868  0.6275
   169    56   194  2.5702  0.6221
   169    51   192  2.5697  0.6220
   169    50   192  2.5617  0.6195
   169    51   195  2.5575  0.6181
   169    45   193  2.5561  0.6177
   169    53   193  2.5479  0.6151
   169    52   192  2.5435  0.6137
   169    49   192  2.5217  0.6068
   169    58   195  2.5186  0.6058
   169    47   194  2.5183  0.6057
   169    51   196  2.5127  0.6039
   169    44   193  2.5071  0.6022
   169    52   196  2.5046  0.6014
   168    50   191  2.7336  0.6750
   168    51   191  2.7321  0.6745
   168    49   191  2.7098  0.6672
   168    52   191  2.7069  0.6662
   168    52   194  2.7064  0.6659
   168    53   194  2.7064  0.6659
   168    51   194  2.6874  0.6598
   168    54   194  2.6865  0.6595
   168    55   195  2.6688  0.6537
   168    54   195  2.6652  0.6525
   168    48   191  2.6607  0.6512
   168    53   191  2.6596  0.6509
   168    50   194  2.6506  0.6478
   168    56   195  2.6484  0.6471
   168    55   194  2.6466  0.6466
   168    53   195  2.6378  0.6437
   168    57   195  2.6049  0.6332
   168    49   194  2.5972  0.6307
   168    54   191  2.5922  0.6292
   168    47   191  2.5881  0.6279
   168    52   195  2.5881  0.6278
   168    50   193  2.5880  0.6278
   168    56   194  2.5867  0.6273
   168    49   193  2.5832  0.6263
   168    51   193  2.5799  0.6252
   168    48   193  2.5693  0.6218
   168    52   193  2.5553  0.6174
   168    47   193  2.5486  0.6153
   168    58   195  2.5413  0.6129
   168    51   192  2.5338  0.6106
   168    48   194  2.5280  0.6088
   168    52   192  2.5240  0.6076
   168    46   193  2.5217  0.6068
   168    51   195  2.5185  0.6057
   168    50   192  2.5136  0.6043
   168    53   193  2.5110  0.6034
   168    57   194  2.5064  0.6020
   168    55   191  2.5062  0.6020
   167    51   191  2.6731  0.6553
   167    53   194  2.6691  0.6538
   167    52   191  2.6630  0.6520
   167    50   191  2.6610  0.6513
   167    52   194  2.6599  0.6509
   167    54   194  2.6594  0.6507
   167    55   195  2.6516  0.6481
   167    56   195  2.6410  0.6447
   167    54   195  2.6385  0.6439
   167    51   194  2.6327  0.6421
   167    53   191  2.6318  0.6419
   167    55   194  2.6304  0.6413
   167    49   191  2.6257  0.6399
   167    57   195  2.6068  0.6338
   167    53   195  2.6027  0.6325
   167    50   194  2.5887  0.6280
   167    56   194  2.5814  0.6257
   167    54   191  2.5806  0.6256
   167    48   191  2.5676  0.6214
   167    58   195  2.5506  0.6159
   167    52   195  2.5459  0.6144
   167    49   194  2.5290  0.6091
   167    57   194  2.5116  0.6036
   167    55   191  2.5106  0.6034
   167    50   193  2.5099  0.6031
   167    51   193  2.5082  0.6026
   167    49   193  2.5021  0.6006
   166    55   195  2.6113  0.6352
   166    56   195  2.6101  0.6348
   166    53   194  2.6083  0.6343
   166    54   194  2.6067  0.6337
   166    52   191  2.6049  0.6333
   166    51   191  2.6022  0.6324
   166    52   194  2.5925  0.6292
   166    54   195  2.5901  0.6284
   166    53   191  2.5874  0.6277
   166    55   194  2.5872  0.6275
   166    57   195  2.5859  0.6271
   166    50   191  2.5783  0.6248
   166    51   194  2.5599  0.6188
   166    54   191  2.5505  0.6160
   166    56   194  2.5490  0.6154
   166    53   195  2.5481  0.6151
   166    58   195  2.5390  0.6122
   166    49   191  2.5330  0.6104
   166    50   194  2.5114  0.6036
   165    56   195  2.5506  0.6159
   165    55   195  2.5431  0.6135
   165    57   195  2.5367  0.6115
   165    52   191  2.5331  0.6105
   165    53   191  2.5269  0.6085
   165    54   194  2.5269  0.6084
   165    53   194  2.5225  0.6070
   165    51   191  2.5196  0.6062
   165    54   195  2.5156  0.6048
   165    55   194  2.5153  0.6048
   165    52   194  2.5024  0.6007
   165    54   191  2.5021  0.6007
   165    58   195  2.5004  0.6001
