#   X     Y     Z      S       D
   153   146   329  3.5387  1.2386
   152   146   329  3.5363  1.2374
   153   147   329  3.5245  1.2312
   152   147   329  3.5018  1.2193
   154   147   329  3.4921  1.2142
   152   145   329  3.4899  1.2130
   154   146   329  3.4880  1.2120
   153   145   329  3.4797  1.2077
   154   145   329  3.4187  1.1762
   153   146   328  2.9527  0.9471
   153   147   328  2.9477  0.9448
   152   146   328  2.9432  0.9427
   154   147   328  2.9283  0.9359
   153   146   330  2.9277  0.9407
   152   146   330  2.9261  0.9400
   152   147   328  2.9218  0.9330
   154   146   328  2.9182  0.9313
   152   145   328  2.9110  0.9281
   153   145   328  2.9106  0.9278
   153   147   330  2.9015  0.9287
   152   145   330  2.8971  0.9267
   153   145   330  2.8909  0.9239
   152   147   330  2.8858  0.9216
   154   146   330  2.8826  0.9201
   154   147   330  2.8689  0.9139
   154   145   328  2.8678  0.9085
   154   145   330  2.8398  0.9008
   151   146   329  3.4834  1.2097
   151   145   329  3.4509  1.1928
   153   148   329  3.4409  1.1876
   154   148   329  3.4324  1.1833
   151   147   329  3.4281  1.1810
   155   147   329  3.4020  1.1676
   152   148   329  3.3930  1.1631
   155   146   329  3.3827  1.1578
   155   148   329  3.3635  1.1480
   152   144   329  3.3586  1.1455
   153   144   329  3.3450  1.1387
   151   144   329  3.3250  1.1286
   155   145   329  3.3061  1.1191
   151   148   329  3.2949  1.1135
   154   144   329  3.2832  1.1077
   153   146   327  3.2044  1.0630
   152   146   327  3.1966  1.0592
   153   147   327  3.1907  1.0563
   152   147   327  3.1726  1.0476
   155   144   329  3.1724  1.0533
   153   145   327  3.1632  1.0431
   154   146   327  3.1631  1.0430
   152   145   327  3.1601  1.0416
   154   147   327  3.1594  1.0412
   151   146   327  3.1401  1.0320
   153   148   327  3.1270  1.0258
   154   145   327  3.1174  1.0212
   154   148   327  3.1098  1.0176
   151   145   327  3.1081  1.0168
   151   147   327  3.1070  1.0163
   152   148   327  3.0950  1.0106
   155   147   327  3.0768  1.0020
   155   146   327  3.0718  0.9997
   153   144   327  3.0624  0.9953
   152   144   327  3.0584  0.9934
   155   148   327  3.0400  0.9848
   155   145   327  3.0228  0.9768
   154   144   327  3.0183  0.9747
   151   148   327  3.0176  0.9744
   151   144   327  3.0059  0.9690
   155   144   327  2.9263  0.9325
   154   148   328  2.9002  0.9231
   153   148   328  2.8996  0.9229
   151   146   328  2.8919  0.9194
   151   146   330  2.8816  0.9197
   151   145   328  2.8706  0.9098
   155   147   328  2.8618  0.9059
   151   145   330  2.8617  0.9107
   151   147   328  2.8545  0.9026
   152   148   328  2.8534  0.9021
   155   148   328  2.8514  0.9012
   155   146   328  2.8392  0.8958
   151   147   330  2.8274  0.8952
   152   144   328  2.8210  0.8876
   153   144   328  2.8179  0.8862
   153   148   330  2.8176  0.8909
   154   148   330  2.8028  0.8843
   152   144   330  2.7952  0.8809
   153   144   330  2.7876  0.8775
   155   146   330  2.7869  0.8772
   151   144   328  2.7852  0.8718
   152   148   330  2.7837  0.8757
   155   145   328  2.7833  0.8709
   155   147   330  2.7833  0.8756
   154   144   328  2.7746  0.8671
   151   148   328  2.7673  0.8639
   151   144   330  2.7632  0.8667
   155   145   330  2.7407  0.8568
   154   144   330  2.7374  0.8553
   155   148   330  2.7330  0.8534
   151   148   330  2.7082  0.8426
   155   144   328  2.6922  0.8312
   155   144   330  2.6417  0.8139
   150   146   329  3.3829  1.1579
   150   145   329  3.3643  1.1485
   154   149   329  3.3115  1.1219
   150   147   329  3.3082  1.1202
   153   149   329  3.2939  1.1130
   155   149   329  3.2672  1.0998
   156   147   329  3.2539  1.0932
   150   144   329  3.2456  1.0891
   156   148   329  3.2330  1.0829
   156   146   329  3.2231  1.0780
   152   149   329  3.2198  1.0765
   156   149   329  3.1588  1.0468
   150   148   329  3.1533  1.0441
   156   145   329  3.1426  1.0390
   152   143   329  3.1422  1.0388
   153   143   329  3.1343  1.0350
   151   143   329  3.1060  1.0215
   151   149   329  3.0977  1.0175
   154   143   329  3.0808  1.0095
   151   146   326  3.0559  0.9895
   151   145   326  3.0410  0.9825
   152   146   326  3.0366  0.9805
   150   146   326  3.0357  0.9801
   150   146   327  3.0354  0.9826
   150   143   329  3.0274  0.9843
   150   145   326  3.0272  0.9762
   153   149   327  3.0190  0.9750
   154   149   327  3.0175  0.9743
   152   145   326  3.0147  0.9704
   156   144   329  3.0134  0.9778
   151   147   326  3.0100  0.9682
   150   145   327  3.0069  0.9694
   152   147   326  3.0037  0.9653
   150   147   327  2.9959  0.9643
   155   143   329  2.9810  0.9627
   153   146   326  2.9809  0.9548
   150   147   326  2.9793  0.9541
   152   149   327  2.9721  0.9534
   155   149   327  2.9629  0.9492
   153   147   326  2.9617  0.9460
   151   144   326  2.9594  0.9450
   153   145   326  2.9519  0.9415
   150   144   326  2.9478  0.9397
   156   147   327  2.9426  0.9399
   150   149   329  2.9369  0.9424
   152   144   326  2.9320  0.9325
   156   146   327  2.9310  0.9346
   152   148   326  2.9248  0.9292
   156   148   327  2.9164  0.9280
   151   148   326  2.9139  0.9244
   150   144   327  2.9050  0.9228
   153   148   326  2.9017  0.9188
   153   143   327  2.8998  0.9205
   150   148   327  2.8988  0.9200
   154   146   326  2.8906  0.9139
   152   143   327  2.8898  0.9160
   154   147   326  2.8845  0.9111
   151   149   327  2.8829  0.9129
   156   145   327  2.8803  0.9117
   150   148   326  2.8700  0.9046
   153   144   326  2.8691  0.9042
   154   143   327  2.8629  0.9039
   154   145   326  2.8554  0.8981
   156   149   327  2.8528  0.8994
   154   148   326  2.8430  0.8926
   154   149   328  2.8356  0.8941
   156   143   329  2.8353  0.8964
   151   143   327  2.8330  0.8906
   153   149   328  2.8131  0.8841
   151   143   326  2.8110  0.8785
   152   149   326  2.8109  0.8784
   153   149   326  2.8091  0.8776
   155   149   328  2.8074  0.8816
   150   146   328  2.8026  0.8795
   150   143   326  2.7984  0.8729
   150   146   330  2.7978  0.8820
   150   145   328  2.7923  0.8749
   156   144   327  2.7877  0.8706
   152   143   326  2.7875  0.8682
   150   145   330  2.7870  0.8772
   151   149   326  2.7813  0.8654
   155   143   327  2.7791  0.8668
   154   144   326  2.7734  0.8620
   155   147   326  2.7719  0.8613
   154   149   326  2.7716  0.8612
   155   146   326  2.7669  0.8592
   150   149   327  2.7579  0.8575
   156   148   328  2.7524  0.8574
   150   147   328  2.7508  0.8567
   156   147   328  2.7491  0.8559
   155   148   326  2.7463  0.8502
   152   149   328  2.7458  0.8545
   150   147   330  2.7310  0.8525
   153   143   326  2.7304  0.8433
   150   143   327  2.7302  0.8455
   155   145   326  2.7270  0.8418
   156   149   328  2.7257  0.8458
   150   149   326  2.7238  0.8404
   156   146   328  2.7181  0.8424
   150   144   328  2.7135  0.8405
   155   149   326  2.6938  0.8276
   150   144   330  2.6934  0.8362
   154   149   330  2.6898  0.8346
   153   149   330  2.6839  0.8320
   153   143   328  2.6730  0.8230
   152   143   328  2.6721  0.8226
   156   145   328  2.6602  0.8175
   156   143   327  2.6496  0.8109
   150   148   328  2.6483  0.8124
   155   144   326  2.6470  0.8076
   154   143   326  2.6419  0.8054
   156   147   330  2.6417  0.8139
   151   149   328  2.6416  0.8096
   155   149   330  2.6399  0.8131
   156   146   330  2.6384  0.8124
   154   143   328  2.6366  0.8074
   151   143   328  2.6353  0.8069
   152   149   330  2.6301  0.8089
   156   147   326  2.6235  0.7977
   152   143   330  2.6211  0.8050
   153   143   330  2.6176  0.8035
   156   146   326  2.6106  0.7923
   156   148   326  2.6104  0.7922
   156   148   330  2.6045  0.7980
   150   148   330  2.5980  0.7952
   156   145   330  2.5919  0.7926
   151   143   330  2.5876  0.7908
   154   143   330  2.5743  0.7852
   156   144   328  2.5742  0.7811
   156   149   326  2.5733  0.7766
   156   145   326  2.5682  0.7745
   150   143   328  2.5663  0.7778
   155   143   328  2.5636  0.7766
   151   149   330  2.5377  0.7698
   156   149   330  2.5293  0.7663
   155   143   326  2.5236  0.7561
   150   143   330  2.5192  0.7621
   150   149   328  2.5097  0.7542
   153   146   325  3.2691  1.0884
   153   147   325  3.2659  1.0868
   154   147   325  3.2582  1.0830
   154   146   325  3.2489  1.0785
   152   146   325  3.2426  1.0754
   149   146   329  3.2373  1.0850
   149   145   329  3.2317  1.0823
   152   147   325  3.2251  1.0669
   154   148   325  3.2217  1.0653
   153   145   325  3.2177  1.0634
   153   148   325  3.2115  1.0604
   152   145   325  3.1994  1.0546
   155   147   325  3.1982  1.0540
   154   145   325  3.1915  1.0508
   155   146   325  3.1790  1.0448
   155   148   325  3.1771  1.0439
   151   146   325  3.1734  1.0421
   152   148   325  3.1520  1.0319
   149   147   329  3.1465  1.0408
   151   147   325  3.1414  1.0269
   154   149   325  3.1412  1.0268
   151   145   325  3.1396  1.0260
   154   150   329  3.1355  1.0356
   149   144   329  3.1213  1.0287
   155   145   325  3.1185  1.0160
   155   150   329  3.1164  1.0264
   155   149   325  3.1157  1.0147
   153   149   325  3.1103  1.0122
   153   144   325  3.1091  1.0116
   153   150   329  3.0929  1.0152
   152   144   325  3.0927  1.0039
   156   147   325  3.0845  1.0001
   154   144   325  3.0836  0.9996
   156   148   325  3.0756  0.9959
   150   146   325  3.0661  0.9915
   156   146   325  3.0589  0.9881
   157   147   329  3.0510  0.9954
   151   148   325  3.0507  0.9843
   157   148   329  3.0441  0.9921
   150   145   325  3.0417  0.9802
   151   144   325  3.0368  0.9779
   156   150   329  3.0326  0.9867
   156   149   325  3.0308  0.9751
   152   149   325  3.0305  0.9749
   150   147   325  3.0213  0.9707
   154   150   325  3.0191  0.9697
   155   150   325  3.0142  0.9674
   155   144   325  3.0141  0.9674
   157   146   329  3.0124  0.9773
   156   145   325  2.9982  0.9601
   152   150   329  2.9960  0.9697
   157   149   329  2.9891  0.9665
   149   148   329  2.9755  0.9602
   149   146   326  2.9738  0.9515
   149   145   326  2.9707  0.9501
   153   150   325  2.9679  0.9463
   156   150   325  2.9487  0.9375
   150   144   325  2.9447  0.9357
   153   143   325  2.9434  0.9351
   157   145   329  2.9314  0.9399
   149   146   325  2.9257  0.9271
   154   143   325  2.9242  0.9264
   152   143   325  2.9238  0.9262
   157   147   325  2.9199  0.9245
   157   148   325  2.9199  0.9245
   150   148   325  2.9165  0.9230
   151   149   325  2.9118  0.9209
   149   147   326  2.9104  0.9228
   149   145   325  2.9098  0.9200
   149   143   329  2.9075  0.9290
   156   144   325  2.9002  0.9157
   149   144   326  2.8949  0.9158
   157   146   325  2.8910  0.9115
   157   149   325  2.8889  0.9106
   154   150   327  2.8874  0.9149
   157   150   329  2.8863  0.9193
   149   146   327  2.8842  0.9134
   153   150   327  2.8740  0.9089
   149   147   325  2.8712  0.9027
   152   150   325  2.8700  0.9022
   151   143   325  2.8679  0.9012
   155   143   325  2.8642  0.8996
   149   145   327  2.8578  0.9016
   151   150   329  2.8551  0.9053
   153   142   329  2.8515  0.9037
   155   150   327  2.8482  0.8973
   152   142   329  2.8469  0.9016
   149   147   327  2.8421  0.8946
   157   145   325  2.8330  0.8858
   157   150   325  2.8245  0.8820
   149   144   325  2.8197  0.8799
   152   150   327  2.8144  0.8823
   154   142   329  2.8142  0.8870
   157   144   329  2.8094  0.8848
   151   142   329  2.8024  0.8817
   149   148   326  2.7935  0.8708
   150   143   325  2.7789  0.8620
   150   149   325  2.7654  0.8562
   156   143   325  2.7626  0.8550
   157   147   327  2.7596  0.8583
   149   148   325  2.7577  0.8528
   149   144   327  2.7570  0.8571
   156   150   327  2.7532  0.8554
   149   143   326  2.7478  0.8509
   149   149   329  2.7470  0.8573
   157   144   325  2.7439  0.8469
   157   146   327  2.7438  0.8514
   149   148   327  2.7432  0.8511
   157   148   327  2.7416  0.8504
   151   150   325  2.7379  0.8443
   154   150   328  2.7371  0.8507
   155   142   329  2.7331  0.8512
   155   150   328  2.7295  0.8474
   153   142   325  2.7260  0.8392
   150   142   329  2.7206  0.8458
   151   150   327  2.7168  0.8397
   154   142   325  2.7167  0.8352
   152   142   325  2.7005  0.8282
   153   150   328  2.6941  0.8321
   157   145   327  2.6934  0.8296
   153   150   326  2.6924  0.8270
   157   149   327  2.6897  0.8280
   150   150   329  2.6819  0.8290
   149   145   328  2.6805  0.8262
   149   146   328  2.6803  0.8261
   153   142   327  2.6775  0.8228
   149   146   330  2.6770  0.8290
   154   150   326  2.6757  0.8198
   149   145   330  2.6745  0.8280
   152   150   326  2.6740  0.8191
   155   142   325  2.6703  0.8153
   156   150   328  2.6668  0.8204
   149   143   325  2.6601  0.8110
   152   142   327  2.6586  0.8147
   154   142   327  2.6516  0.8117
   157   143   329  2.6464  0.8137
   151   142   325  2.6430  0.8038
   149   149   326  2.6408  0.8050
   151   150   326  2.6274  0.7993
   155   150   326  2.6171  0.7950
   149   147   328  2.6170  0.7991
   149   144   328  2.6102  0.7962
   152   150   328  2.6086  0.7956
   156   142   329  2.6083  0.7975
   157   144   327  2.6060  0.7924
   157   148   328  2.6056  0.7943
   157   150   327  2.6044  0.7917
   151   142   326  2.6036  0.7893
   149   149   327  2.6036  0.7914
   149   142   329  2.6034  0.7954
   149   149   325  2.6016  0.7864
   149   147   330  2.6006  0.7963
   151   142   327  2.5960  0.7882
   157   147   328  2.5937  0.7893
   157   149   328  2.5919  0.7885
   150   150   327  2.5898  0.7856
   150   142   326  2.5883  0.7829
   152   142   326  2.5870  0.7824
   149   144   330  2.5869  0.7905
   156   142   325  2.5858  0.7798
   150   150   325  2.5848  0.7794
   149   143   327  2.5836  0.7830
   155   142   327  2.5804  0.7816
   157   146   328  2.5593  0.7748
   150   150   326  2.5587  0.7706
   150   142   325  2.5567  0.7677
   157   150   328  2.5489  0.7705
   149   142   326  2.5403  0.7629
   153   142   326  2.5397  0.7627
   154   150   330  2.5380  0.7699
   156   150   326  2.5131  0.7517
   153   150   330  2.5113  0.7588
   155   150   330  2.5097  0.7581
   149   148   328  2.5043  0.7520
   157   145   328  2.5039  0.7518
   148   145   329  3.0543  0.9969
   148   146   329  3.0493  0.9946
   148   144   329  2.9531  0.9498
   148   147   329  2.9475  0.9473
   155   151   329  2.9195  0.9345
   154   151   329  2.9156  0.9326
   155   151   325  2.8751  0.9044
   148   145   326  2.8709  0.9050
   148   146   326  2.8700  0.9046
   154   151   325  2.8608  0.8981
   156   151   329  2.8606  0.9077
   153   151   329  2.8528  0.9043
   156   151   325  2.8298  0.8844
   158   148   329  2.8042  0.8825
   148   147   326  2.8037  0.8752
   158   147   329  2.8005  0.8809
   148   144   326  2.8000  0.8736
   153   151   325  2.7929  0.8682
   148   148   329  2.7680  0.8665
   158   149   329  2.7659  0.8656
   158   146   329  2.7577  0.8620
   148   146   325  2.7574  0.8527
   148   145   325  2.7483  0.8488
   148   143   329  2.7476  0.8575
   152   151   329  2.7401  0.8543
   157   151   329  2.7399  0.8542
   154   151   327  2.7272  0.8442
   157   151   325  2.7260  0.8391
   158   148   325  2.7180  0.8357
   158   147   325  2.7118  0.8331
   153   151   327  2.7023  0.8334
   155   151   327  2.7016  0.8331
   158   149   325  2.6985  0.8274
   148   147   325  2.6978  0.8270
   148   146   327  2.6911  0.8286
   148   148   326  2.6856  0.8240
   158   150   329  2.6849  0.8303
   152   151   325  2.6826  0.8206
   158   146   325  2.6820  0.8203
   158   145   329  2.6791  0.8278
   148   144   325  2.6658  0.8134
   148   145   327  2.6651  0.8174
   148   143   326  2.6594  0.8128
   148   147   327  2.6508  0.8114
   158   150   325  2.6504  0.8069
   152   151   327  2.6348  0.8046
   158   145   325  2.6289  0.7978
   156   151   327  2.6217  0.7990
   157   143   325  2.6211  0.7946
   155   151   328  2.6197  0.8003
   154   151   328  2.6094  0.7959
   151   151   329  2.5894  0.7895
   148   148   325  2.5822  0.7783
   156   151   328  2.5752  0.7815
   158   151   325  2.5719  0.7740
   148   144   327  2.5668  0.7760
   158   144   329  2.5666  0.7799
   158   151   329  2.5647  0.7791
   154   151   326  2.5608  0.7714
   153   151   326  2.5603  0.7713
   148   148   327  2.5571  0.7719
   153   151   328  2.5506  0.7712
   158   144   325  2.5504  0.7651
   151   151   325  2.5443  0.7626
   148   145   328  2.5407  0.7671
   148   149   329  2.5368  0.7674
   158   147   327  2.5354  0.7629
   151   151   327  2.5345  0.7625
   148   149   326  2.5343  0.7605
   148   146   328  2.5311  0.7631
   152   151   326  2.5261  0.7571
   148   145   330  2.5251  0.7645
   158   148   327  2.5233  0.7579
   148   146   330  2.5211  0.7629
   155   151   326  2.5191  0.7542
   158   146   327  2.5176  0.7556
   148   143   325  2.5153  0.7507
   153   141   329  2.5087  0.7558
   147   145   329  2.8345  0.8960
   147   146   329  2.8221  0.8905
   147   144   329  2.7428  0.8555
   147   145   326  2.7303  0.8433
   147   146   326  2.7268  0.8418
   147   147   329  2.7161  0.8438
   155   152   325  2.7052  0.8302
   155   152   329  2.6908  0.8328
   156   152   325  2.6788  0.8189
   154   152   325  2.6755  0.8176
   154   152   329  2.6685  0.8232
   147   144   326  2.6657  0.8156
   147   147   326  2.6618  0.8139
   156   152   329  2.6545  0.8172
   153   152   325  2.5970  0.7845
   157   152   325  2.5961  0.7841
   153   152   329  2.5930  0.7910
   147   146   325  2.5675  0.7722
   147   145   325  2.5626  0.7702
   157   152   329  2.5599  0.7771
   147   143   329  2.5495  0.7728
   147   148   326  2.5489  0.7665
   154   152   327  2.5477  0.7680
   147   148   329  2.5372  0.7676
   147   143   326  2.5352  0.7608
   155   152   327  2.5326  0.7617
   159   148   329  2.5255  0.7627
   153   152   327  2.5165  0.7551
   159   147   329  2.5140  0.7580
   147   147   325  2.5077  0.7476
   159   149   329  2.5014  0.7527
   146   145   329  2.5768  0.7842
   146   146   329  2.5610  0.7776
   146   145   326  2.5545  0.7688
   146   146   326  2.5500  0.7670
   155   153   325  2.5158  0.7509
   156   153   325  2.5050  0.7465
