#   X     Y     Z      S       D
   130   228   189  3.6743  1.0141
   130   229   189  3.6678  1.0115
   131   228   189  3.6662  1.0109
   131   229   189  3.6577  1.0076
   129   228   189  3.6524  1.0055
   129   229   189  3.6477  1.0036
   130   227   189  3.6408  1.0009
   131   227   189  3.6342  0.9983
   129   227   189  3.6184  0.9921
   131   227   188  3.5323  0.9590
   130   227   188  3.5279  0.9573
   131   228   188  3.5073  0.9494
   130   228   188  3.5055  0.9488
   129   227   188  3.5050  0.9486
   129   228   188  3.4832  0.9403
   130   229   188  3.4496  0.9275
   131   229   188  3.4471  0.9266
   129   229   188  3.4299  0.9201
   130   227   190  3.3530  0.8911
   131   227   190  3.3457  0.8884
   129   227   190  3.3335  0.8839
   130   228   190  3.2881  0.8672
   131   228   190  3.2761  0.8628
   129   228   190  3.2722  0.8614
   130   229   190  3.1936  0.8330
   129   229   190  3.1815  0.8286
   131   229   190  3.1776  0.8272
   130   230   189  3.6269  0.9955
   132   228   189  3.6254  0.9949
   132   229   189  3.6143  0.9905
   131   230   189  3.6124  0.9898
   129   230   189  3.6113  0.9894
   128   228   189  3.6059  0.9873
   128   229   189  3.6032  0.9862
   132   227   189  3.5965  0.9836
   128   227   189  3.5719  0.9741
   128   230   189  3.5718  0.9740
   132   230   189  3.5648  0.9713
   130   226   189  3.5645  0.9712
   131   226   189  3.5607  0.9697
   129   226   189  3.5414  0.9623
   132   226   189  3.5282  0.9573
   131   226   188  3.5247  0.9561
   130   226   188  3.5186  0.9538
   132   227   188  3.5170  0.9532
   132   226   188  3.5134  0.9518
   129   226   188  3.4966  0.9454
   128   226   189  3.4960  0.9450
   132   228   188  3.4875  0.9419
   128   227   188  3.4637  0.9329
   128   226   188  3.4585  0.9309
   128   228   188  3.4403  0.9240
   132   229   188  3.4220  0.9171
   128   229   188  3.3881  0.9044
   130   226   190  3.3850  0.9030
   131   226   190  3.3825  0.9021
   129   226   190  3.3621  0.8945
   130   230   188  3.3600  0.8940
   132   226   190  3.3536  0.8913
   131   230   188  3.3514  0.8908
   129   230   188  3.3455  0.8886
   132   230   188  3.3199  0.8792
   128   226   190  3.3145  0.8769
   132   227   190  3.3109  0.8756
   128   230   188  3.3077  0.8747
   128   227   190  3.2877  0.8671
   132   228   187  3.2424  0.8511
   132   228   190  3.2364  0.8484
   132   229   187  3.2331  0.8477
   128   228   190  3.2290  0.8457
   132   227   187  3.2209  0.8433
   131   228   187  3.2196  0.8428
   131   229   187  3.2046  0.8374
   131   227   187  3.2046  0.8374
   132   227   191  3.1957  0.8336
   132   226   191  3.1920  0.8323
   131   227   191  3.1917  0.8322
   132   230   187  3.1916  0.8327
   131   226   191  3.1874  0.8307
   130   228   187  3.1767  0.8274
   132   226   187  3.1716  0.8255
   130   227   187  3.1693  0.8247
   132   228   191  3.1647  0.8225
   130   227   191  3.1637  0.8222
   131   228   191  3.1627  0.8218
   131   226   187  3.1624  0.8223
   130   226   191  3.1608  0.8211
   131   230   187  3.1586  0.8209
   130   229   187  3.1557  0.8199
   128   229   190  3.1414  0.8143
   130   226   187  3.1359  0.8128
   130   228   191  3.1356  0.8122
   132   229   190  3.1343  0.8118
   129   227   187  3.1203  0.8073
   129   228   187  3.1193  0.8069
   129   226   191  3.1125  0.8040
   129   227   191  3.1123  0.8039
   130   230   187  3.1055  0.8021
   131   229   191  3.1038  0.8009
   132   229   191  3.1017  0.8002
   129   226   187  3.0966  0.7989
   129   229   187  3.0919  0.7972
   129   228   191  3.0838  0.7939
   130   229   191  3.0801  0.7926
   130   230   190  3.0761  0.7913
   129   230   190  3.0677  0.7883
   128   227   187  3.0619  0.7867
   131   230   190  3.0568  0.7845
   128   228   187  3.0523  0.7834
   128   226   187  3.0481  0.7819
   128   226   191  3.0442  0.7800
   128   227   191  3.0395  0.7784
   129   230   187  3.0374  0.7782
   128   230   190  3.0313  0.7756
   129   229   191  3.0311  0.7755
   131   230   191  3.0189  0.7712
   128   229   187  3.0182  0.7715
   132   230   190  3.0119  0.7689
   132   230   191  3.0111  0.7685
   128   228   191  3.0095  0.7680
   130   230   191  3.0014  0.7652
   128   230   187  2.9593  0.7512
   128   229   191  2.9586  0.7504
   129   230   191  2.9583  0.7503
   128   230   191  2.8913  0.7275
   130   231   189  3.5576  0.9686
   133   228   189  3.5527  0.9667
   129   231   189  3.5505  0.9658
   127   228   189  3.5420  0.9626
   127   229   189  3.5418  0.9625
   133   229   189  3.5379  0.9610
   131   231   189  3.5351  0.9599
   133   227   189  3.5287  0.9575
   128   231   189  3.5194  0.9539
   127   230   189  3.5157  0.9525
   127   227   189  3.5084  0.9497
   131   225   188  3.4895  0.9427
   133   230   189  3.4843  0.9405
   132   225   188  3.4821  0.9398
   130   225   188  3.4820  0.9398
   133   226   188  3.4816  0.9396
   132   231   189  3.4802  0.9389
   133   227   188  3.4795  0.9388
   127   231   189  3.4716  0.9357
   133   226   189  3.4682  0.9344
   129   225   188  3.4612  0.9319
   133   225   188  3.4562  0.9300
   131   225   189  3.4481  0.9268
   130   225   189  3.4468  0.9263
   133   228   188  3.4444  0.9256
   127   226   189  3.4349  0.9218
   128   225   188  3.4268  0.9189
   132   225   189  3.4241  0.9177
   129   225   189  3.4219  0.9169
   127   227   188  3.4034  0.9101
   127   226   188  3.4031  0.9101
   133   231   189  3.3939  0.9064
   131   225   190  3.3859  0.9033
   130   225   190  3.3838  0.9025
   128   225   189  3.3778  0.9005
   127   228   188  3.3771  0.9003
   127   225   188  3.3770  0.9003
   133   225   189  3.3756  0.8996
   133   229   188  3.3732  0.8989
   132   225   190  3.3628  0.8947
   129   225   190  3.3581  0.8930
   127   229   188  3.3248  0.8810
   127   225   189  3.3206  0.8793
   133   225   190  3.3130  0.8763
   128   225   190  3.3091  0.8749
   133   226   190  3.2973  0.8706
   133   230   188  3.2656  0.8593
   133   227   190  3.2487  0.8529
   127   230   188  3.2477  0.8528
   127   226   190  3.2419  0.8504
   133   228   187  3.2402  0.8503
   130   231   188  3.2386  0.8495
   133   229   187  3.2364  0.8489
   127   225   190  3.2362  0.8483
   129   231   188  3.2316  0.8469
   131   231   188  3.2223  0.8436
   127   227   190  3.2161  0.8411
   133   227   187  3.2132  0.8405
   128   231   188  3.2007  0.8358
   133   230   187  3.2003  0.8358
   132   231   188  3.1837  0.8297
   133   227   191  3.1763  0.8267
   133   226   191  3.1748  0.8261
   133   228   190  3.1700  0.8245
   127   228   190  3.1591  0.8206
   133   226   187  3.1582  0.8208
   132   225   191  3.1519  0.8180
   131   225   191  3.1481  0.8166
   127   231   188  3.1470  0.8166
   133   228   191  3.1421  0.8145
   133   225   191  3.1364  0.8125
   133   231   187  3.1329  0.8117
   130   225   191  3.1245  0.8082
   133   231   188  3.1240  0.8084
   132   231   187  3.1190  0.8068
   132   225   187  3.0986  0.7996
   131   225   187  3.0970  0.7990
   131   231   187  3.0827  0.7940
   129   225   191  3.0815  0.7931
   133   225   187  3.0799  0.7930
   130   225   187  3.0797  0.7930
   133   229   191  3.0750  0.7908
   127   229   190  3.0745  0.7907
   133   229   190  3.0662  0.7878
   129   225   187  3.0509  0.7829
   130   231   187  3.0272  0.7746
   128   225   191  3.0203  0.7717
   128   225   187  3.0128  0.7696
   127   227   187  2.9966  0.7640
   127   226   187  2.9919  0.7624
   133   230   191  2.9796  0.7576
   127   228   187  2.9791  0.7580
   127   230   190  2.9682  0.7538
   127   225   187  2.9661  0.7535
   127   226   191  2.9593  0.7507
   129   231   187  2.9571  0.7504
   127   227   191  2.9490  0.7471
   133   230   190  2.9446  0.7457
   130   231   190  2.9444  0.7457
   127   225   191  2.9438  0.7454
   129   231   190  2.9394  0.7440
   127   229   187  2.9388  0.7441
   131   231   190  2.9230  0.7384
   127   228   191  2.9166  0.7361
   131   231   191  2.9131  0.7349
   128   231   190  2.9071  0.7329
   130   231   191  2.9040  0.7318
   131   226   192  2.9028  0.7313
   131   225   192  2.8993  0.7302
   132   231   191  2.8982  0.7299
   132   226   192  2.8982  0.7298
   132   225   192  2.8948  0.7286
   131   227   192  2.8937  0.7282
   132   227   192  2.8902  0.7271
   130   226   192  2.8897  0.7269
   130   225   192  2.8876  0.7262
   132   231   190  2.8781  0.7232
   130   227   192  2.8777  0.7228
   128   231   187  2.8774  0.7233
   127   230   187  2.8761  0.7229
   133   226   192  2.8755  0.7221
   131   228   192  2.8751  0.7220
   132   228   192  2.8738  0.7215
   133   225   192  2.8733  0.7214
   129   231   191  2.8699  0.7203
   133   227   192  2.8673  0.7193
   127   229   191  2.8667  0.7192
   129   225   192  2.8616  0.7174
   133   231   191  2.8616  0.7175
   129   226   192  2.8609  0.7172
   130   228   192  2.8553  0.7153
   133   228   192  2.8514  0.7140
   132   229   192  2.8513  0.7140
   131   229   192  2.8499  0.7135
   127   231   190  2.8484  0.7132
   129   227   192  2.8448  0.7118
   133   229   192  2.8298  0.7068
   130   229   192  2.8261  0.7055
   128   225   192  2.8245  0.7050
   132   230   192  2.8241  0.7049
   131   230   192  2.8201  0.7035
   128   226   192  2.8198  0.7034
   129   228   192  2.8175  0.7027
   133   231   190  2.8141  0.7017
   128   231   191  2.8115  0.7007
   127   230   191  2.8040  0.6982
   133   230   192  2.8037  0.6981
   128   227   192  2.7988  0.6964
   127   231   187  2.7928  0.6950
   130   230   192  2.7927  0.6944
   132   231   192  2.7923  0.6943
   131   231   192  2.7865  0.6924
   129   229   192  2.7833  0.6913
   127   225   192  2.7789  0.6898
   133   231   192  2.7730  0.6879
   127   226   192  2.7696  0.6868
   128   228   192  2.7661  0.6856
   130   231   192  2.7566  0.6825
   129   230   192  2.7458  0.6789
   127   227   192  2.7434  0.6781
   127   231   191  2.7322  0.6745
   128   229   192  2.7269  0.6727
   129   231   192  2.7071  0.6662
   127   228   192  2.7057  0.6658
   130   225   186  2.6906  0.6615
   131   225   186  2.6892  0.6611
   130   226   186  2.6863  0.6601
   128   230   192  2.6855  0.6592
   131   226   186  2.6819  0.6587
   129   225   186  2.6751  0.6565
   129   226   186  2.6721  0.6555
   132   225   186  2.6707  0.6550
   127   229   192  2.6622  0.6517
   130   227   186  2.6597  0.6515
   132   226   186  2.6588  0.6512
   131   227   186  2.6516  0.6489
   129   227   186  2.6479  0.6477
   128   231   192  2.6444  0.6459
   128   225   186  2.6437  0.6463
   128   226   186  2.6404  0.6452
   133   225   186  2.6353  0.6436
   132   227   186  2.6240  0.6400
   133   226   186  2.6182  0.6381
   127   230   192  2.6176  0.6373
   128   227   186  2.6175  0.6379
   130   228   186  2.6097  0.6354
   129   228   186  2.6014  0.6327
   127   225   186  2.5977  0.6315
   131   228   186  2.5977  0.6315
   127   226   186  2.5931  0.6301
   133   227   186  2.5787  0.6255
   127   231   192  2.5746  0.6236
   128   228   186  2.5742  0.6240
   127   227   186  2.5708  0.6229
   132   228   186  2.5660  0.6214
   130   229   186  2.5382  0.6126
   129   229   186  2.5345  0.6114
   127   228   186  2.5303  0.6101
   131   229   186  2.5222  0.6076
   133   228   186  2.5168  0.6059
   128   229   186  2.5122  0.6044
   129   232   189  3.4712  0.9355
   126   229   189  3.4709  0.9354
   126   228   189  3.4685  0.9345
   130   232   189  3.4658  0.9335
   134   228   189  3.4521  0.9283
   128   232   189  3.4521  0.9283
   126   230   189  3.4505  0.9277
   126   227   189  3.4351  0.9219
   134   227   189  3.4349  0.9218
   131   224   188  3.4332  0.9214
   134   229   189  3.4328  0.9210
   131   232   189  3.4311  0.9204
   132   224   188  3.4300  0.9201
   134   226   188  3.4251  0.9183
   130   224   188  3.4239  0.9178
   134   227   188  3.4164  0.9150
   127   232   189  3.4151  0.9144
   126   231   189  3.4142  0.9141
   133   224   188  3.4103  0.9128
   134   225   188  3.4072  0.9116
   129   224   188  3.4036  0.9103
   134   226   189  3.3846  0.9030
   134   228   188  3.3755  0.8998
   134   230   189  3.3755  0.8996
   128   224   188  3.3722  0.8985
   134   224   188  3.3693  0.8975
   126   232   189  3.3671  0.8964
   132   232   189  3.3653  0.8958
   126   226   189  3.3650  0.8957
   131   224   190  3.3573  0.8927
   130   224   190  3.3517  0.8906
   132   224   190  3.3392  0.8860
   126   226   188  3.3289  0.8825
   127   224   188  3.3274  0.8819
   129   224   190  3.3238  0.8803
   126   227   188  3.3236  0.8806
   126   225   188  3.3095  0.8754
   134   225   189  3.3061  0.8739
   131   224   189  3.3037  0.8730
   134   229   188  3.2996  0.8717
   133   224   190  3.2955  0.8699
   130   224   189  3.2948  0.8698
   126   228   188  3.2941  0.8697
   132   224   189  3.2912  0.8685
   134   231   189  3.2812  0.8648
   128   224   190  3.2739  0.8620
   133   232   189  3.2708  0.8610
   129   224   189  3.2668  0.8596
   126   224   188  3.2665  0.8596
   133   224   189  3.2577  0.8563
   126   225   189  3.2567  0.8559
   126   229   188  3.2418  0.8506
   134   225   190  3.2360  0.8483
   134   224   190  3.2252  0.8444
   128   224   189  3.2238  0.8440
   134   226   190  3.2140  0.8403
   134   229   187  3.2115  0.8399
   134   228   187  3.2093  0.8391
   134   224   189  3.2055  0.8374
   127   224   190  3.2009  0.8356
   134   230   188  3.1883  0.8313
   130   227   185  3.1849  0.8307
   134   230   187  3.1824  0.8294
   130   228   185  3.1810  0.8293
   134   227   187  3.1772  0.8276
   129   227   185  3.1756  0.8274
   127   224   189  3.1715  0.8252
   126   230   188  3.1680  0.8241
   131   227   185  3.1680  0.8247
   129   228   185  3.1680  0.8247
   131   228   185  3.1653  0.8237
   134   227   190  3.1608  0.8212
   130   226   185  3.1577  0.8210
   134   232   189  3.1535  0.8188
   129   226   185  3.1524  0.8191
   126   226   190  3.1446  0.8155
   130   229   185  3.1405  0.8148
   131   226   185  3.1399  0.8146
   126   225   190  3.1389  0.8135
   128   227   185  3.1382  0.8140
   134   226   191  3.1369  0.8126
   134   227   191  3.1344  0.8118
   132   227   185  3.1272  0.8101
   129   229   185  3.1253  0.8095
   131   229   185  3.1253  0.8095
   128   228   185  3.1252  0.8094
   132   228   185  3.1229  0.8086
   134   231   187  3.1226  0.8081
   128   226   185  3.1214  0.8081
   126   227   190  3.1195  0.8065
   134   226   187  3.1183  0.8066
   126   224   189  3.1153  0.8052
   130   225   185  3.1071  0.8030
   129   225   185  3.1050  0.8023
   126   224   190  3.1041  0.8011
   134   225   191  3.1023  0.8004
   132   226   185  3.1016  0.8011
   134   228   191  3.0963  0.7983
   129   232   188  3.0904  0.7965
   131   225   185  3.0894  0.7967
   130   232   188  3.0884  0.7959
   132   229   185  3.0818  0.7941
   134   228   190  3.0800  0.7926
   128   225   185  3.0797  0.7934
   128   229   185  3.0796  0.7933
   132   224   191  3.0763  0.7913
   131   224   191  3.0741  0.7905
   126   231   188  3.0736  0.7906
   127   227   185  3.0724  0.7908
   128   232   188  3.0684  0.7888
   133   227   185  3.0652  0.7883
   126   228   190  3.0644  0.7872
   131   232   188  3.0634  0.7871
   127   226   185  3.0631  0.7875
   133   224   191  3.0621  0.7863
   130   230   185  3.0612  0.7869
   133   228   185  3.0565  0.7852
   130   224   191  3.0550  0.7838
   132   225   185  3.0545  0.7845
   127   228   185  3.0532  0.7841
   129   230   185  3.0467  0.7818
   131   230   185  3.0453  0.7813
   133   226   185  3.0452  0.7813
   134   231   188  3.0444  0.7804
   130   224   185  3.0412  0.7799
   129   224   185  3.0406  0.7797
   133   232   187  3.0371  0.7780
   134   225   187  3.0369  0.7780
   134   232   187  3.0346  0.7772
   134   224   191  3.0320  0.7758
   127   225   185  3.0289  0.7756
   134   229   191  3.0255  0.7735
   131   224   185  3.0248  0.7742
   127   232   188  3.0234  0.7731
   128   224   185  3.0196  0.7724
   129   224   191  3.0191  0.7713
   132   232   187  3.0187  0.7716
   132   232   188  3.0176  0.7711
   131   224   187  3.0131  0.7697
   133   229   185  3.0127  0.7700
   132   224   187  3.0073  0.7677
   130   224   187  3.0051  0.7669
   133   225   185  3.0045  0.7671
   127   229   185  3.0043  0.7670
   128   230   185  3.0014  0.7660
   132   230   185  3.0009  0.7659
   132   224   185  2.9942  0.7636
   129   224   187  2.9865  0.7605
   134   227   185  2.9848  0.7603
   133   224   187  2.9838  0.7596
   126   229   190  2.9829  0.7589
   131   232   187  2.9803  0.7584
   126   227   185  2.9793  0.7584
   126   226   185  2.9778  0.7579
   134   229   190  2.9773  0.7569
   127   224   185  2.9752  0.7570
   134   226   185  2.9728  0.7562
   134   228   185  2.9698  0.7551
   128   224   191  2.9672  0.7534
   128   224   187  2.9588  0.7510
   126   232   188  2.9585  0.7507
   126   228   185  2.9543  0.7498
   133   232   188  2.9534  0.7490
   126   225   185  2.9520  0.7490
   133   224   185  2.9509  0.7486
   134   225   185  2.9407  0.7452
   134   224   187  2.9386  0.7441
   126   226   187  2.9278  0.7404
   127   230   185  2.9268  0.7404
   134   230   191  2.9266  0.7395
   126   227   187  2.9253  0.7395
   130   232   187  2.9243  0.7392
   134   229   185  2.9225  0.7389
   127   224   187  2.9215  0.7382
   126   225   187  2.9098  0.7343
   126   224   185  2.9064  0.7334
   126   229   185  2.9026  0.7322
   127   224   191  2.9015  0.7310
   126   228   187  2.9015  0.7314
   134   224   185  2.8953  0.7297
   126   230   190  2.8810  0.7241
   131   224   192  2.8808  0.7239
   132   224   192  2.8775  0.7228
   126   224   187  2.8731  0.7219
   134   232   188  2.8731  0.7217
   130   224   192  2.8691  0.7199
   126   226   191  2.8625  0.7178
   134   230   190  2.8600  0.7171
   133   224   192  2.8580  0.7162
   126   229   187  2.8564  0.7162
   126   225   191  2.8559  0.7156
   129   232   187  2.8545  0.7156
   126   227   191  2.8462  0.7123
   129   224   192  2.8445  0.7117
   134   226   192  2.8363  0.7089
   134   225   192  2.8359  0.7088
   134   227   192  2.8267  0.7057
   126   224   191  2.8250  0.7052
   134   224   192  2.8228  0.7044
   126   228   191  2.8108  0.7005
   128   224   192  2.8100  0.7002
   134   228   192  2.8099  0.7001
   130   232   190  2.8083  0.6997
   129   232   190  2.8061  0.6990
   134   231   191  2.8060  0.6989
   130   232   191  2.7933  0.6947
   131   232   191  2.7926  0.6944
   126   230   187  2.7909  0.6943
   134   229   192  2.7879  0.6928
   131   232   190  2.7859  0.6923
   128   232   190  2.7777  0.6896
   128   232   187  2.7757  0.6893
   129   232   191  2.7703  0.6871
   132   232   191  2.7700  0.6870
   127   224   192  2.7681  0.6863
   126   231   190  2.7664  0.6859
   134   230   192  2.7616  0.6841
   126   229   191  2.7613  0.6841
   132   232   192  2.7552  0.6820
   131   232   192  2.7486  0.6799
   132   232   190  2.7426  0.6780
   134   231   190  2.7366  0.6760
   133   232   192  2.7365  0.6759
   134   231   192  2.7310  0.6741
   133   232   191  2.7287  0.6734
   126   225   192  2.7262  0.6725
   127   232   190  2.7238  0.6718
   128   232   191  2.7232  0.6716
   126   224   192  2.7199  0.6704
   130   232   192  2.7179  0.6698
   126   226   192  2.7121  0.6679
   126   231   187  2.7070  0.6667
   126   230   191  2.7023  0.6647
   134   232   192  2.6948  0.6622
   127   232   187  2.6923  0.6619
   133   232   190  2.6837  0.6588
   126   227   192  2.6812  0.6578
   131   224   186  2.6767  0.6570
   130   224   186  2.6758  0.6567
   134   232   191  2.6716  0.6548
   129   232   192  2.6676  0.6534
   132   224   186  2.6621  0.6523
   129   224   186  2.6601  0.6516
   127   232   191  2.6545  0.6492
   126   232   190  2.6473  0.6470
   126   228   192  2.6393  0.6443
   126   231   191  2.6373  0.6437
   133   224   186  2.6316  0.6424
   128   224   186  2.6303  0.6420
   134   232   190  2.6148  0.6365
   126   232   187  2.6082  0.6348
   128   232   192  2.6043  0.6330
   126   229   192  2.5925  0.6293
   127   224   186  2.5872  0.6282
   134   224   186  2.5848  0.6274
   134   225   186  2.5840  0.6271
   126   232   191  2.5689  0.6218
   134   226   186  2.5623  0.6202
   126   230   192  2.5458  0.6144
   126   225   186  2.5386  0.6128
   127   232   192  2.5340  0.6107
   126   226   186  2.5323  0.6108
   126   224   186  2.5312  0.6104
   134   227   186  2.5187  0.6065
   126   227   186  2.5104  0.6038
   126   231   192  2.5018  0.6006
   125   229   189  3.3969  0.9076
   125   228   189  3.3915  0.9055
   125   230   189  3.3819  0.9020
   129   233   189  3.3773  0.9003
   128   233   189  3.3730  0.8986
   132   223   188  3.3637  0.8954
   131   223   188  3.3623  0.8949
   125   227   189  3.3585  0.8933
   130   233   189  3.3559  0.8923
   125   231   189  3.3528  0.8912
   133   223   188  3.3505  0.8905
   130   223   188  3.3503  0.8904
   127   233   189  3.3486  0.8896
   135   226   188  3.3408  0.8869
   135   225   188  3.3311  0.8833
   135   228   189  3.3306  0.8829
   129   223   188  3.3295  0.8827
   135   227   188  3.3253  0.8812
   135   227   189  3.3217  0.8797
   134   223   188  3.3175  0.8783
   125   232   189  3.3132  0.8766
   126   233   189  3.3106  0.8756
   135   229   189  3.3061  0.8739
   131   233   189  3.3054  0.8737
   135   224   188  3.3022  0.8727
   131   223   190  3.3004  0.8717
   128   223   188  3.2995  0.8717
   130   227   184  3.2993  0.8725
   130   223   190  3.2926  0.8689
   125   226   189  3.2923  0.8689
   129   227   184  3.2921  0.8698
   130   228   184  3.2917  0.8697
   132   223   190  3.2858  0.8664
   131   227   184  3.2837  0.8668
   135   226   189  3.2835  0.8656
   129   228   184  3.2802  0.8655
   131   228   184  3.2801  0.8654
   135   228   188  3.2795  0.8644
   130   226   184  3.2781  0.8647
   129   226   184  3.2748  0.8635
   125   233   189  3.2642  0.8586
   129   223   190  3.2636  0.8583
   130   229   184  3.2610  0.8585
   135   223   188  3.2597  0.8571
   131   226   184  3.2594  0.8579
   128   227   184  3.2593  0.8579
   127   223   188  3.2583  0.8566
   131   229   184  3.2540  0.8559
   132   228   184  3.2479  0.8537
   132   227   184  3.2476  0.8536
   128   226   184  3.2469  0.8533
   133   223   190  3.2468  0.8522
   135   230   189  3.2459  0.8520
   129   229   184  3.2452  0.8527
   128   228   184  3.2431  0.8520
   125   226   188  3.2351  0.8482
   132   229   184  3.2266  0.8460
   132   233   189  3.2258  0.8447
   125   227   188  3.2250  0.8445
   129   225   184  3.2249  0.8454
   130   225   184  3.2246  0.8453
   125   225   188  3.2223  0.8436
   132   226   184  3.2206  0.8438
   135   225   189  3.2205  0.8428
   130   230   184  3.2143  0.8415
   128   223   190  3.2131  0.8400
   131   230   184  3.2120  0.8407
   128   229   184  3.2043  0.8379
   131   225   184  3.2038  0.8377
   128   225   184  3.2026  0.8373
   126   223   188  3.2026  0.8365
   135   229   188  3.2006  0.8358
   127   227   184  3.1984  0.8358
   133   228   184  3.1969  0.8353
   129   230   184  3.1946  0.8345
   125   228   188  3.1932  0.8331
   133   227   184  3.1927  0.8337
   127   226   184  3.1920  0.8335
   125   225   189  3.1911  0.8322
   132   230   184  3.1897  0.8327
   125   224   188  3.1865  0.8307
   134   223   190  3.1826  0.8290
   133   229   184  3.1806  0.8294
   127   228   184  3.1778  0.8284
   132   225   184  3.1635  0.8233
   133   226   184  3.1631  0.8232
   131   231   184  3.1604  0.8222
   130   231   184  3.1589  0.8216
   135   229   187  3.1574  0.8205
   127   225   184  3.1555  0.8204
   128   230   184  3.1507  0.8187
   135   231   189  3.1502  0.8176
   133   230   184  3.1491  0.8182
   135   228   187  3.1482  0.8172
   132   231   184  3.1428  0.8159
   129   224   184  3.1426  0.8158
   125   229   188  3.1418  0.8148
   127   223   190  3.1402  0.8139
   132   223   189  3.1398  0.8139
   130   224   184  3.1388  0.8145
   131   223   189  3.1387  0.8135
   135   224   189  3.1383  0.8133
   135   230   187  3.1374  0.8134
   127   229   184  3.1361  0.8135
   129   231   184  3.1361  0.8135
   135   225   190  3.1344  0.8119
   135   224   190  3.1301  0.8103
   125   223   188  3.1293  0.8103
   134   228   184  3.1286  0.8108
   128   224   184  3.1266  0.8101
   133   223   189  3.1232  0.8080
   133   233   189  3.1212  0.8073
   130   223   189  3.1209  0.8072
   134   227   184  3.1203  0.8079
   134   229   184  3.1174  0.8069
   131   224   184  3.1161  0.8064
   135   227   187  3.1114  0.8041
   126   226   184  3.1085  0.8037
   126   227   184  3.1080  0.8035
   135   226   190  3.1075  0.8023
   133   231   184  3.1073  0.8033
   133   225   184  3.1046  0.8023
   135   223   190  3.0944  0.7977
   134   230   184  3.0915  0.7977
   134   223   189  3.0901  0.7963
   128   231   184  3.0900  0.7972
   129   223   189  3.0889  0.7959
   127   224   184  3.0888  0.7968
   135   230   188  3.0886  0.7959
   135   231   187  3.0884  0.7960
   134   226   184  3.0878  0.7964
   126   228   184  3.0833  0.7949
   126   225   184  3.0819  0.7943
   127   230   184  3.0807  0.7939
   135   226   191  3.0795  0.7924
   132   224   184  3.0750  0.7919
   125   230   188  3.0721  0.7901
   135   227   191  3.0720  0.7897
   125   224   189  3.0593  0.7855
   135   227   190  3.0518  0.7828
   135   225   191  3.0507  0.7823
   135   226   187  3.0497  0.7825
   128   223   189  3.0470  0.7812
   135   228   184  3.0441  0.7811
   126   223   190  3.0440  0.7800
   135   223   189  3.0425  0.7796
   126   229   184  3.0399  0.7796
   135   229   184  3.0380  0.7790
   135   227   184  3.0314  0.7767
   129   223   184  3.0310  0.7765
   135   228   191  3.0297  0.7750
   126   224   184  3.0280  0.7755
   134   225   184  3.0273  0.7752
   125   226   190  3.0240  0.7731
   130   223   184  3.0232  0.7738
   135   232   189  3.0224  0.7726
   128   223   184  3.0220  0.7734
   127   231   184  3.0190  0.7724
   125   225   190  3.0183  0.7711
   135   230   184  3.0178  0.7719
   133   224   184  3.0153  0.7711
   135   232   187  3.0120  0.7693
   125   227   190  3.0000  0.7648
   127   223   189  3.0000  0.7649
   134   233   189  2.9991  0.7646
   131   223   184  2.9986  0.7653
   125   226   184  2.9969  0.7647
   135   226   184  2.9953  0.7642
   127   223   184  2.9951  0.7641
   125   227   184  2.9890  0.7620
   135   224   191  2.9868  0.7601
   125   224   190  2.9843  0.7594
   125   231   188  2.9843  0.7596
   126   230   184  2.9842  0.7603
   125   225   184  2.9820  0.7595
   135   228   190  2.9718  0.7551
   131   223   191  2.9697  0.7542
   132   223   191  2.9695  0.7542
   135   225   187  2.9672  0.7539
   130   223   185  2.9671  0.7542
   129   223   185  2.9664  0.7540
   125   228   184  2.9609  0.7523
   132   223   184  2.9565  0.7508
   133   223   191  2.9562  0.7496
   130   223   191  2.9562  0.7496
   135   229   191  2.9557  0.7494
   131   223   185  2.9533  0.7495
   126   223   189  2.9526  0.7486
   126   223   184  2.9492  0.7483
   128   223   185  2.9479  0.7476
   125   228   190  2.9476  0.7468
   135   231   188  2.9463  0.7465
   130   231   185  2.9460  0.7470
   125   224   184  2.9436  0.7463
   134   224   184  2.9367  0.7440
   129   231   185  2.9350  0.7432
   135   225   184  2.9321  0.7424
   133   230   185  2.9313  0.7419
   134   223   191  2.9302  0.7407
   129   223   191  2.9288  0.7402
   131   231   185  2.9278  0.7407
   132   223   185  2.9274  0.7406
   125   223   190  2.9256  0.7392
   129   233   188  2.9248  0.7392
   126   231   184  2.9230  0.7393
   134   233   187  2.9228  0.7387
   133   233   187  2.9180  0.7371
   130   223   187  2.9172  0.7368
   125   229   184  2.9171  0.7373
   131   223   187  2.9167  0.7366
   130   233   188  2.9135  0.7354
   128   233   188  2.9125  0.7350
   135   233   187  2.9115  0.7348
   127   223   185  2.9084  0.7341
   129   223   187  2.9080  0.7337
   125   223   189  2.9075  0.7332
   132   223   187  2.9043  0.7324
   133   223   184  2.8961  0.7302
   132   233   187  2.8961  0.7296
   128   231   185  2.8941  0.7293
   135   223   191  2.8919  0.7277
   133   223   185  2.8904  0.7280
   128   223   187  2.8898  0.7275
   135   227   185  2.8894  0.7277
   128   223   191  2.8880  0.7264
   135   226   185  2.8864  0.7267
   125   223   184  2.8833  0.7258
   132   231   185  2.8828  0.7255
   131   233   188  2.8803  0.7241
   125   232   188  2.8779  0.7233
   127   233   188  2.8775  0.7232
   133   223   187  2.8765  0.7230
   135   229   190  2.8737  0.7217
   125   229   190  2.8703  0.7205
   135   224   187  2.8690  0.7204
   135   233   189  2.8688  0.7201
   125   226   185  2.8687  0.7207
   135   228   185  2.8672  0.7202
   135   225   185  2.8638  0.7190
   125   227   185  2.8631  0.7188
   125   230   184  2.8628  0.7189
   127   223   187  2.8614  0.7179
   131   233   187  2.8570  0.7164
   135   230   191  2.8551  0.7153
   125   226   187  2.8547  0.7157
   125   225   185  2.8515  0.7149
   125   227   187  2.8473  0.7131
   126   223   185  2.8466  0.7133
   131   223   192  2.8465  0.7123
   132   223   192  2.8450  0.7118
   125   225   187  2.8425  0.7115
   134   223   185  2.8420  0.7117
   134   230   185  2.8409  0.7114
   135   224   184  2.8393  0.7110
   127   223   191  2.8350  0.7086
   130   223   192  2.8338  0.7081
   125   228   185  2.8331  0.7087
   134   223   187  2.8295  0.7072
   132   233   188  2.8283  0.7066
   133   223   192  2.8277  0.7061
   135   224   185  2.8269  0.7066
   126   230   185  2.8262  0.7064
   127   231   185  2.8243  0.7058
   126   233   188  2.8225  0.7047
   126   223   187  2.8209  0.7043
   125   228   187  2.8195  0.7038
   134   223   184  2.8164  0.7034
   135   229   185  2.8163  0.7031
   125   224   185  2.8148  0.7026
   133   231   185  2.8145  0.7025
   125   224   187  2.8122  0.7014
   129   223   192  2.8094  0.7000
   130   233   187  2.8023  0.6981
   134   223   192  2.7947  0.6951
   135   225   192  2.7844  0.6917
   135   226   192  2.7830  0.6912
   135   223   185  2.7806  0.6912
   125   229   185  2.7795  0.6909
   135   232   188  2.7790  0.6902
   128   223   192  2.7764  0.6890
   125   230   190  2.7739  0.6883
   135   224   192  2.7732  0.6880
   135   227   192  2.7718  0.6875
   126   223   191  2.7717  0.6875
   125   229   187  2.7716  0.6879
   125   223   187  2.7669  0.6864
   135   230   190  2.7646  0.6852
   125   223   185  2.7638  0.6857
   125   225   191  2.7611  0.6840
   133   233   188  2.7611  0.6843
   135   223   187  2.7607  0.6843
   125   226   191  2.7593  0.6834
   135   228   192  2.7534  0.6814
   125   233   188  2.7520  0.6813
   135   223   192  2.7468  0.6793
   125   224   191  2.7411  0.6774
   125   227   191  2.7372  0.6762
   127   223   192  2.7372  0.6761
   135   230   185  2.7357  0.6764
   129   233   187  2.7350  0.6759
   135   231   191  2.7346  0.6753
   135   229   192  2.7300  0.6737
   126   231   185  2.7289  0.6742
   135   223   184  2.7176  0.6707
   132   233   192  2.7114  0.6677
   131   233   192  2.7054  0.6657
   125   230   187  2.7049  0.6660
   125   230   185  2.7048  0.6663
   135   230   192  2.7025  0.6647
   125   223   191  2.7005  0.6641
   125   228   191  2.6989  0.6636
   133   233   192  2.6927  0.6615
   126   223   192  2.6926  0.6615
   134   233   188  2.6820  0.6584
   130   233   190  2.6757  0.6562
   130   233   192  2.6757  0.6560
   129   233   190  2.6757  0.6562
   130   233   191  2.6755  0.6560
   135   231   192  2.6711  0.6545
   125   225   192  2.6665  0.6531
   125   231   190  2.6657  0.6529
   125   224   192  2.6650  0.6526
   129   233   191  2.6645  0.6525
   131   233   191  2.6645  0.6525
   128   233   187  2.6592  0.6512
   131   233   190  2.6534  0.6490
   135   231   190  2.6517  0.6484
   134   233   192  2.6513  0.6481
   128   233   190  2.6509  0.6481
   125   229   191  2.6494  0.6476
   131   223   186  2.6483  0.6478
   125   226   192  2.6477  0.6470
   130   223   186  2.6465  0.6472
   125   223   192  2.6421  0.6452
   132   223   186  2.6365  0.6440
   135   232   192  2.6348  0.6428
   132   233   191  2.6345  0.6428
   129   223   186  2.6318  0.6425
   128   233   191  2.6301  0.6414
   129   233   192  2.6266  0.6402
   125   231   187  2.6216  0.6390
   132   233   190  2.6131  0.6360
   125   227   192  2.6128  0.6358
   133   223   186  2.6097  0.6354
   128   223   186  2.6047  0.6338
   135   232   191  2.6019  0.6323
   127   233   190  2.6016  0.6323
   135   233   188  2.5943  0.6302
   125   230   191  2.5932  0.6296
   135   233   192  2.5918  0.6291
   133   233   191  2.5891  0.6282
   127   233   187  2.5793  0.6255
   127   233   191  2.5736  0.6233
   125   228   192  2.5678  0.6214
   134   223   186  2.5666  0.6216
   127   223   186  2.5654  0.6212
   128   233   192  2.5642  0.6203
   133   233   190  2.5603  0.6192
   125   232   190  2.5531  0.6169
   135   232   190  2.5414  0.6132
   125   231   191  2.5338  0.6107
   134   233   191  2.5318  0.6101
   126   233   190  2.5306  0.6098
   125   232   187  2.5251  0.6083
   135   224   186  2.5217  0.6074
   125   229   192  2.5191  0.6060
   135   225   186  2.5179  0.6062
   126   223   186  2.5134  0.6048
   135   223   186  2.5059  0.6024
   134   233   190  2.5004  0.6003
   124   229   189  3.3232  0.8802
   124   228   189  3.3150  0.8772
   124   230   189  3.3133  0.8766
   124   231   189  3.2901  0.8681
   132   222   188  3.2880  0.8675
   128   234   189  3.2828  0.8654
   124   227   189  3.2823  0.8652
   131   222   188  3.2819  0.8652
   133   222   188  3.2810  0.8649
   127   234   189  3.2719  0.8614
   129   234   189  3.2708  0.8610
   130   222   188  3.2666  0.8596
   124   232   189  3.2564  0.8558
   134   222   188  3.2558  0.8557
   129   222   188  3.2439  0.8514
   126   234   189  3.2439  0.8513
   130   234   189  3.2314  0.8467
   136   226   188  3.2276  0.8455
   136   225   188  3.2257  0.8448
   131   222   190  3.2202  0.8426
   124   226   189  3.2200  0.8426
   128   222   188  3.2138  0.8405
   124   233   189  3.2125  0.8399
   130   222   190  3.2119  0.8395
   132   222   190  3.2071  0.8378
   135   222   188  3.2068  0.8380
   136   227   188  3.2063  0.8378
   136   224   188  3.2060  0.8377
   125   234   189  3.2043  0.8369
   136   227   189  3.1970  0.8343
   136   228   189  3.1968  0.8343
   129   222   190  3.1827  0.8291
   127   222   188  3.1742  0.8263
   136   223   188  3.1732  0.8259
   136   226   189  3.1714  0.8252
   133   222   190  3.1712  0.8250
   136   229   189  3.1670  0.8236
   131   234   189  3.1630  0.8222
   136   228   188  3.1573  0.8202
   124   234   189  3.1564  0.8198
   128   222   190  3.1322  0.8111
   136   222   188  3.1297  0.8105
   124   225   189  3.1263  0.8091
   136   225   189  3.1244  0.8084
   126   222   188  3.1222  0.8078
   124   226   188  3.1215  0.8076
   124   225   188  3.1142  0.8050
   134   222   190  3.1119  0.8039
   124   227   188  3.1083  0.8029
   136   230   189  3.1050  0.8016
   131   232   184  3.1039  0.8021
   130   232   184  3.0996  0.8006
   132   232   184  3.0897  0.7971
   124   224   188  3.0854  0.7948
   136   229   188  3.0780  0.7922
   124   228   188  3.0764  0.7916
   136   229   187  3.0755  0.7915
   129   232   184  3.0749  0.7919
   132   234   189  3.0681  0.7886
   136   230   187  3.0668  0.7885
   136   224   189  3.0601  0.7858
   127   222   190  3.0594  0.7854
   133   232   184  3.0586  0.7862
   136   228   187  3.0582  0.7854
   134   231   184  3.0553  0.7850
   125   222   188  3.0546  0.7840
   124   223   188  3.0360  0.7775
   136   231   187  3.0317  0.7762
   135   222   190  3.0304  0.7753
   124   229   188  3.0278  0.7747
   128   232   184  3.0276  0.7754
   136   227   187  3.0164  0.7709
   136   224   190  3.0155  0.7702
   136   225   190  3.0145  0.7698
   134   232   184  3.0119  0.7699
   136   231   189  3.0107  0.7686
   136   226   191  3.0051  0.7664
   124   224   189  3.0049  0.7666
   136   227   191  2.9918  0.7619
   135   231   184  2.9875  0.7615
   136   223   190  2.9869  0.7603
   136   226   190  2.9847  0.7595
   136   225   191  2.9834  0.7590
   136   223   189  2.9829  0.7590
   133   222   189  2.9823  0.7588
   132   222   189  2.9820  0.7587
   136   232   187  2.9707  0.7551
   124   222   188  2.9690  0.7543
   136   230   188  2.9688  0.7543
   134   222   189  2.9679  0.7538
   131   222   189  2.9675  0.7537
   126   222   190  2.9639  0.7523
   124   230   188  2.9636  0.7525
   127   232   184  2.9563  0.7507
   136   226   187  2.9529  0.7490
   133   234   189  2.9529  0.7487
   136   228   191  2.9453  0.7459
   136   228   184  2.9445  0.7467
   136   229   184  2.9436  0.7464
   130   222   189  2.9408  0.7445
   135   222   189  2.9391  0.7440
   131   229   183  2.9391  0.7450
   132   229   183  2.9327  0.7429
   131   228   183  2.9317  0.7425
   130   229   183  2.9315  0.7425
   136   222   190  2.9308  0.7410
   132   228   183  2.9299  0.7419
   136   227   190  2.9294  0.7405
   136   230   184  2.9291  0.7414
   136   224   191  2.9277  0.7399
   136   227   184  2.9271  0.7407
   130   228   183  2.9225  0.7394
   131   230   183  2.9171  0.7375
   133   228   183  2.9144  0.7366
   129   229   183  2.9118  0.7357
   130   230   183  2.9115  0.7356
   133   229   183  2.9105  0.7353
   132   230   183  2.9065  0.7339
   136   231   184  2.9051  0.7332
   129   222   189  2.9051  0.7324
   129   228   183  2.9044  0.7332
   136   222   189  2.8969  0.7296
   132   227   183  2.8969  0.7307
   129   222   184  2.8959  0.7301
   128   222   184  2.8947  0.7297
   131   227   183  2.8939  0.7296
   129   230   183  2.8908  0.7286
   130   222   185  2.8903  0.7280
   133   227   183  2.8885  0.7278
   129   222   185  2.8883  0.7273
   136   232   189  2.8870  0.7262
   136   226   184  2.8868  0.7270
   136   233   187  2.8855  0.7260
   124   226   190  2.8841  0.7252
   124   231   188  2.8833  0.7251
   130   222   184  2.8833  0.7258
   130   227   183  2.8831  0.7260
   134   228   183  2.8820  0.7256
   128   229   183  2.8810  0.7253
   127   222   184  2.8797  0.7246
   131   222   185  2.8797  0.7244
   133   230   183  2.8787  0.7245
   128   228   183  2.8785  0.7244
   124   225   190  2.8782  0.7232
   131   231   183  2.8709  0.7219
   136   225   187  2.8709  0.7211
   128   222   185  2.8708  0.7214
   134   229   183  2.8708  0.7218
   136   229   191  2.8692  0.7200
   130   231   183  2.8674  0.7207
   129   227   183  2.8671  0.7206
   124   223   189  2.8649  0.7188
   128   222   189  2.8645  0.7187
   134   227   183  2.8644  0.7197
   124   227   190  2.8621  0.7178
   126   232   184  2.8609  0.7183
   124   226   184  2.8607  0.7182
   132   222   185  2.8585  0.7173
   124   225   184  2.8582  0.7174
   132   231   183  2.8567  0.7171
   128   230   183  2.8562  0.7169
   131   222   184  2.8560  0.7166
   136   228   190  2.8536  0.7149
   126   222   184  2.8500  0.7146
   125   222   190  2.8473  0.7128
   128   227   183  2.8466  0.7137
   129   231   183  2.8466  0.7137
   124   224   190  2.8454  0.7122
   124   227   184  2.8454  0.7131
   127   228   183  2.8447  0.7130
   131   222   191  2.8431  0.7113
   136   223   191  2.8417  0.7108
   132   222   191  2.8399  0.7102
   127   229   183  2.8397  0.7114
   124   224   184  2.8372  0.7103
   132   226   183  2.8366  0.7103
   130   222   191  2.8360  0.7089
   133   226   183  2.8353  0.7099
   127   222   185  2.8349  0.7093
   134   230   183  2.8331  0.7091
   136   231   188  2.8325  0.7080
   135   228   183  2.8303  0.7082
   131   226   183  2.8287  0.7077
   133   222   191  2.8272  0.7060
   133   222   185  2.8272  0.7067
   134   234   189  2.8263  0.7059
   133   231   183  2.8248  0.7064
   127   222   189  2.8232  0.7048
   130   222   187  2.8222  0.7048
   129   222   187  2.8212  0.7044
   135   227   183  2.8210  0.7051
   127   227   183  2.8209  0.7051
   136   225   184  2.8200  0.7045
   134   226   183  2.8196  0.7046
   129   222   191  2.8182  0.7030
   130   226   183  2.8162  0.7035
   124   228   184  2.8147  0.7028
   131   222   187  2.8145  0.7022
   124   228   190  2.8135  0.7015
   132   222   184  2.8125  0.7020
   135   229   183  2.8122  0.7022
   128   222   187  2.8112  0.7011
   128   231   183  2.8095  0.7013
   127   230   183  2.8089  0.7011
   131   232   183  2.8087  0.7010
   130   232   183  2.8069  0.7004
   134   222   191  2.8052  0.6986
   125   222   184  2.8042  0.6993
   125   231   184  2.8037  0.6991
   130   232   185  2.8021  0.6984
   129   226   183  2.8019  0.6987
   126   228   183  2.8016  0.6986
   124   223   184  2.7977  0.6971
   132   222   192  2.7973  0.6959
   131   222   192  2.7972  0.6959
   129   232   185  2.7971  0.6967
   132   222   187  2.7963  0.6961
   134   234   187  2.7923  0.6948
   132   232   183  2.7921  0.6955
   135   234   187  2.7908  0.6943
   127   222   187  2.7907  0.6943
   128   222   191  2.7895  0.6934
   124   223   190  2.7893  0.6934
   136   226   185  2.7881  0.6937
   126   229   183  2.7878  0.6940
   126   227   183  2.7876  0.6940
   128   226   183  2.7865  0.6936
   129   232   183  2.7864  0.6936
   124   232   188  2.7859  0.6925
   135   226   183  2.7849  0.6931
   126   222   189  2.7847  0.6920
   134   222   185  2.7846  0.6926
   130   222   192  2.7834  0.6913
   136   227   185  2.7825  0.6919
   133   222   192  2.7819  0.6908
   133   234   187  2.7818  0.6913
   131   232   185  2.7805  0.6912
   126   222   185  2.7790  0.6907
   136   234   187  2.7786  0.6902
   134   231   183  2.7756  0.6900
   136   224   187  2.7747  0.6889
   136   225   185  2.7741  0.6891
   135   222   191  2.7739  0.6883
   124   226   187  2.7721  0.6881
   124   229   184  2.7718  0.6885
   135   230   183  2.7699  0.6881
   127   226   183  2.7687  0.6877
   136   230   191  2.7686  0.6865
   133   222   187  2.7648  0.6857
   128   232   185  2.7638  0.6857
   124   225   187  2.7637  0.6853
   136   229   190  2.7635  0.6849
   124   227   187  2.7619  0.6847
   133   225   183  2.7597  0.6847
   129   222   192  2.7588  0.6832
   136   228   183  2.7584  0.6843
   133   232   183  2.7580  0.6842
   126   222   187  2.7578  0.6834
   132   234   187  2.7578  0.6834
   127   231   183  2.7577  0.6840
   136   227   183  2.7562  0.6836
   132   225   183  2.7545  0.6830
   136   228   185  2.7538  0.6824
   134   225   183  2.7517  0.6821
   133   222   184  2.7510  0.6816
   125   222   189  2.7504  0.6807
   134   222   192  2.7504  0.6804
   127   222   191  2.7503  0.6805
   126   230   183  2.7495  0.6814
   128   232   183  2.7479  0.6808
   125   228   183  2.7467  0.6804
   126   226   183  2.7451  0.6799
   136   224   185  2.7447  0.6794
   125   232   184  2.7434  0.6792
   125   227   183  2.7429  0.6792
   131   225   183  2.7421  0.6789
   124   229   190  2.7418  0.6778
   124   226   185  2.7417  0.6784
   124   222   184  2.7415  0.6785
   136   233   189  2.7397  0.6772
   129   234   188  2.7387  0.6769
   124   224   187  2.7386  0.6771
   128   234   188  2.7357  0.6760
   132   232   185  2.7351  0.6762
   136   229   183  2.7351  0.6766
   136   222   191  2.7329  0.6748
   124   225   185  2.7326  0.6754
   124   228   187  2.7325  0.6750
   124   227   185  2.7298  0.6745
   135   222   185  2.7284  0.6740
   136   226   183  2.7280  0.6743
   134   231   185  2.7277  0.6738
   130   225   183  2.7276  0.6742
   128   222   192  2.7264  0.6726
   135   225   183  2.7250  0.6733
   136   224   184  2.7244  0.6729
   125   229   183  2.7238  0.6729
   136   225   192  2.7209  0.6708
   124   230   184  2.7207  0.6717
   124   222   189  2.7195  0.6705
   131   234   187  2.7195  0.6708
   130   234   188  2.7193  0.6706
   136   226   192  2.7182  0.6699
   134   222   187  2.7164  0.6698
   124   222   190  2.7149  0.6689
   129   225   183  2.7143  0.6698
   125   222   187  2.7112  0.6681
   125   226   183  2.7109  0.6687
   136   224   192  2.7109  0.6675
   127   234   188  2.7106  0.6677
   135   231   183  2.7103  0.6685
   134   232   183  2.7077  0.6676
   136   227   192  2.7057  0.6658
   124   224   185  2.7052  0.6664
   125   222   185  2.7043  0.6661
   136   223   185  2.7041  0.6661
   135   222   192  2.7035  0.6651
   128   225   183  2.7029  0.6660
   127   232   185  2.7025  0.6656
   126   222   191  2.7013  0.6644
   136   229   185  2.7001  0.6648
   124   223   187  2.6998  0.6644
   135   234   189  2.6982  0.6636
   124   228   185  2.6961  0.6635
   127   232   183  2.6928  0.6628
   126   231   183  2.6925  0.6627
   127   225   183  2.6917  0.6624
   136   230   183  2.6902  0.6619
   127   222   192  2.6888  0.6603
   136   228   192  2.6858  0.6593
   136   223   192  2.6855  0.6592
   124   229   187  2.6840  0.6592
   124   227   183  2.6825  0.6594
   131   234   188  2.6796  0.6576
   125   230   183  2.6780  0.6579
   124   228   183  2.6767  0.6575
   126   225   183  2.6767  0.6575
   136   225   183  2.6759  0.6572
   136   232   188  2.6742  0.6559
   134   222   184  2.6703  0.6553
   124   233   188  2.6702  0.6546
   133   232   185  2.6700  0.6550
   136   223   187  2.6691  0.6544
   133   224   183  2.6677  0.6546
   130   234   187  2.6676  0.6539
   126   234   188  2.6662  0.6533
   134   224   183  2.6656  0.6539
   136   230   190  2.6654  0.6528
   124   231   184  2.6652  0.6536
   124   223   185  2.6642  0.6531
   124   225   191  2.6639  0.6523
   124   226   183  2.6608  0.6524
   136   229   192  2.6606  0.6511
   132   234   192  2.6593  0.6507
   132   224   183  2.6575  0.6513
   136   222   185  2.6555  0.6503
   131   234   192  2.6552  0.6494
   124   226   191  2.6549  0.6494
   124   224   191  2.6531  0.6488
   124   230   190  2.6523  0.6486
   125   225   183  2.6523  0.6496
   124   222   187  2.6518  0.6488
   136   231   191  2.6505  0.6479
   135   222   187  2.6483  0.6477
   126   222   192  2.6468  0.6467
   124   229   183  2.6456  0.6475
   135   224   183  2.6452  0.6473
   125   222   191  2.6435  0.6457
   136   222   192  2.6429  0.6454
   124   229   185  2.6418  0.6458
   131   224   183  2.6413  0.6461
   133   234   192  2.6397  0.6444
   136   230   192  2.6315  0.6418
   136   231   183  2.6310  0.6427
   130   234   192  2.6283  0.6407
   135   231   185  2.6280  0.6414
   124   227   191  2.6280  0.6407
   130   224   183  2.6248  0.6408
   132   234   188  2.6235  0.6395
   124   223   191  2.6234  0.6392
   126   232   183  2.6233  0.6402
   136   230   185  2.6216  0.6394
   124   230   187  2.6177  0.6378
   126   232   185  2.6156  0.6374
   125   231   183  2.6149  0.6376
   124   222   185  2.6145  0.6371
   125   231   185  2.6128  0.6365
   124   225   183  2.6123  0.6367
   129   224   183  2.6116  0.6365
   131   222   186  2.6082  0.6349
   130   222   186  2.6072  0.6346
   125   234   188  2.6066  0.6341
   129   234   187  2.6045  0.6336
   128   224   183  2.6027  0.6336
   136   224   183  2.6024  0.6335
   124   224   192  2.6020  0.6323
   136   223   184  2.6008  0.6328
   125   222   192  2.5997  0.6316
   124   225   192  2.5989  0.6313
   136   231   192  2.5987  0.6313
   134   234   192  2.5987  0.6312
   132   222   186  2.5969  0.6313
   127   224   183  2.5962  0.6316
   129   222   186  2.5950  0.6307
   124   230   183  2.5933  0.6306
   134   232   185  2.5897  0.6291
   126   224   183  2.5877  0.6289
   124   228   191  2.5873  0.6277
   124   223   192  2.5837  0.6265
   129   234   192  2.5820  0.6259
   124   222   191  2.5780  0.6247
   136   234   189  2.5768  0.6245
   124   226   192  2.5760  0.6240
   133   222   186  2.5718  0.6233
   128   222   186  2.5717  0.6232
   125   224   183  2.5713  0.6236
   135   222   184  2.5705  0.6232
   124   230   185  2.5694  0.6227
   134   223   183  2.5656  0.6218
   136   231   190  2.5654  0.6208
   133   223   183  2.5644  0.6214
   136   232   192  2.5617  0.6195
   136   222   187  2.5594  0.6192
   129   234   191  2.5577  0.6183
   130   234   191  2.5567  0.6180
   133   234   188  2.5555  0.6179
   129   234   190  2.5530  0.6168
   124   231   190  2.5517  0.6164
   130   234   190  2.5517  0.6164
   132   223   183  2.5514  0.6173
   135   223   183  2.5489  0.6165
   124   222   192  2.5455  0.6143
   125   232   183  2.5411  0.6140
   135   234   192  2.5402  0.6127
   124   224   183  2.5401  0.6137
   124   227   192  2.5381  0.6120
   124   229   191  2.5377  0.6119
   127   222   186  2.5366  0.6121
   128   234   191  2.5363  0.6115
   124   231   187  2.5361  0.6118
   124   234   188  2.5359  0.6116
   131   234   191  2.5359  0.6114
   128   234   187  2.5335  0.6110
   131   223   183  2.5331  0.6115
   128   234   190  2.5313  0.6100
   134   222   186  2.5307  0.6102
   131   234   190  2.5304  0.6097
   124   231   183  2.5253  0.6090
   136   232   191  2.5224  0.6071
   128   234   192  2.5220  0.6069
   136   231   185  2.5213  0.6074
   136   233   192  2.5189  0.6060
   130   223   183  2.5153  0.6059
   136   223   183  2.5102  0.6043
   125   232   185  2.5079  0.6032
   129   223   183  2.5019  0.6017
   136   233   188  2.5007  0.6006
   123   229   189  3.2503  0.8536
   123   230   189  3.2445  0.8515
   123   228   189  3.2395  0.8496
   123   231   189  3.2259  0.8447
   123   227   189  3.2069  0.8379
   132   221   188  3.2047  0.8372
   133   221   188  3.2032  0.8367
   123   232   189  3.1963  0.8341
   131   221   188  3.1942  0.8334
   134   221   188  3.1846  0.8300
   127   235   189  3.1832  0.8294
   128   235   189  3.1811  0.8286
   130   221   188  3.1754  0.8267
   126   235   189  3.1645  0.8227
   123   233   189  3.1554  0.8194
   129   235   189  3.1527  0.8185
   129   221   188  3.1503  0.8178
   123   226   189  3.1483  0.8169
   135   221   188  3.1434  0.8153
   125   235   189  3.1304  0.8106
   131   221   190  3.1227  0.8077
   128   221   188  3.1189  0.8066
   130   221   190  3.1152  0.8050
   132   221   190  3.1094  0.8030
   123   234   189  3.1012  0.8002
   130   235   189  3.0951  0.7981
   137   225   188  3.0922  0.7972
   137   226   188  3.0877  0.7956
   129   221   190  3.0868  0.7950
   124   235   189  3.0852  0.7946
   137   224   188  3.0807  0.7931
   127   221   188  3.0795  0.7927
   133   221   190  3.0749  0.7908
   136   221   188  3.0748  0.7911
   137   227   189  3.0680  0.7886
   137   227   188  3.0625  0.7868
   123   225   189  3.0619  0.7864
   137   228   189  3.0591  0.7855
   137   223   188  3.0569  0.7848
   137   226   189  3.0546  0.7838
   131   233   184  3.0438  0.7810
   130   233   184  3.0383  0.7791
   128   221   190  3.0367  0.7775
   132   233   184  3.0320  0.7769
   123   235   189  3.0308  0.7756
   126   221   188  3.0298  0.7753
   137   229   189  3.0247  0.7734
   137   222   188  3.0227  0.7729
   137   225   189  3.0221  0.7726
   134   221   190  3.0191  0.7714
   129   233   184  3.0129  0.7702
   137   228   188  3.0128  0.7694
   131   235   189  3.0091  0.7680
   133   233   184  3.0045  0.7673
   123   226   188  2.9890  0.7612
   123   225   188  2.9853  0.7600
   137   221   188  2.9763  0.7568
   123   227   188  2.9750  0.7564
   137   224   189  2.9739  0.7559
   137   230   187  2.9737  0.7561
   137   229   187  2.9693  0.7546
   125   221   188  2.9669  0.7536
   128   233   184  2.9655  0.7539
   127   221   190  2.9642  0.7524
   123   224   188  2.9628  0.7522
   134   233   184  2.9627  0.7529
   137   230   189  2.9623  0.7519
   137   231   187  2.9550  0.7497
   123   224   189  2.9506  0.7479
   135   232   184  2.9503  0.7487
   123   228   188  2.9456  0.7463
   135   221   190  2.9436  0.7454
   137   228   187  2.9428  0.7455
   137   229   188  2.9363  0.7431
   123   223   188  2.9217  0.7382
   137   226   191  2.9170  0.7362
   137   223   189  2.9128  0.7350
   137   232   187  2.9123  0.7351
   135   233   184  2.9073  0.7340
   137   225   191  2.9031  0.7315
   123   229   188  2.9021  0.7315
   132   235   189  2.8994  0.7305
   137   227   191  2.8979  0.7297
   137   227   187  2.8961  0.7296
   127   233   184  2.8943  0.7296
   137   224   190  2.8905  0.7273
   124   221   188  2.8888  0.7270
   137   225   190  2.8860  0.7258
   136   232   184  2.8746  0.7229
   137   231   189  2.8719  0.7211
   126   221   190  2.8697  0.7203
   137   223   190  2.8680  0.7198
   123   222   188  2.8643  0.7187
   137   224   191  2.8564  0.7157
   137   226   190  2.8559  0.7157
   136   221   190  2.8521  0.7144
   137   228   191  2.8476  0.7128
   134   221   189  2.8460  0.7125
   137   233   187  2.8456  0.7126
   123   230   188  2.8450  0.7122
   133   221   189  2.8444  0.7119
   137   222   189  2.8416  0.7110
   137   229   184  2.8353  0.7097
   137   230   188  2.8336  0.7084
   135   221   189  2.8334  0.7082
   137   226   187  2.8312  0.7077
   137   228   184  2.8309  0.7082
   132   221   189  2.8297  0.7070
   137   230   184  2.8266  0.7068
   123   223   189  2.8223  0.7045
   137   222   190  2.8202  0.7037
   130   221   185  2.8139  0.7023
   129   221   185  2.8103  0.7011
   137   231   184  2.8090  0.7009
   137   227   184  2.8085  0.7007
   131   221   185  2.8065  0.6999
   136   221   189  2.8059  0.6991
   131   221   189  2.8039  0.6984
   137   227   190  2.8039  0.6983
   126   233   184  2.7995  0.6977
   123   221   188  2.7944  0.6954
   128   221   185  2.7930  0.6954
   132   221   185  2.7895  0.6942
   137   232   184  2.7856  0.6931
   137   223   191  2.7804  0.6904
   133   235   189  2.7746  0.6887
   123   231   188  2.7733  0.6884
   137   229   191  2.7703  0.6870
   130   221   189  2.7702  0.6872
   137   226   184  2.7635  0.6858
   137   221   189  2.7628  0.6848
   133   221   185  2.7628  0.6853
   127   221   185  2.7596  0.6843
   125   221   190  2.7558  0.6824
   137   234   187  2.7557  0.6827
   137   232   189  2.7556  0.6824
   128   221   184  2.7518  0.6819
   137   221   190  2.7508  0.6807
   137   225   187  2.7507  0.6810
   127   221   184  2.7492  0.6810
   129   221   184  2.7444  0.6795
   131   233   183  2.7398  0.6781
   130   233   183  2.7387  0.6778
   126   221   184  2.7360  0.6767
   132   221   192  2.7358  0.6756
   131   221   192  2.7351  0.6754
   137   228   190  2.7350  0.6755
   129   221   189  2.7322  0.6747
   129   221   187  2.7318  0.6748
   123   226   190  2.7316  0.6744
   128   221   187  2.7287  0.6738
   130   221   184  2.7263  0.6735
   130   221   187  2.7262  0.6730
   123   225   190  2.7256  0.6724
   134   221   185  2.7245  0.6728
   132   233   183  2.7224  0.6724
   130   221   192  2.7209  0.6708
   133   221   192  2.7208  0.6707
   129   233   183  2.7184  0.6711
   123   225   184  2.7157  0.6700
   127   221   187  2.7151  0.6694
   131   221   187  2.7124  0.6685
   123   224   184  2.7122  0.6689
   123   227   190  2.7122  0.6681
   125   221   184  2.7106  0.6684
   126   221   185  2.7088  0.6676
   137   231   188  2.7074  0.6667
   123   226   184  2.7057  0.6668
   131   221   191  2.7056  0.6658
   130   221   191  2.7053  0.6657
   132   221   191  2.6991  0.6637
   129   221   191  2.6975  0.6632
   129   221   192  2.6962  0.6627
   131   221   184  2.6955  0.6634
   123   224   190  2.6949  0.6624
   123   223   184  2.6943  0.6631
   128   221   189  2.6937  0.6621
   137   225   184  2.6925  0.6625
   134   221   192  2.6894  0.6605
   132   221   187  2.6893  0.6609
   126   221   187  2.6893  0.6609
   123   222   189  2.6888  0.6605
   133   233   183  2.6884  0.6613
   133   221   191  2.6867  0.6597
   123   232   188  2.6855  0.6596
   123   227   184  2.6836  0.6596
   125   233   184  2.6832  0.6594
   137   222   191  2.6821  0.6582
   128   221   191  2.6811  0.6579
   123   226   187  2.6807  0.6581
   137   226   185  2.6791  0.6579
   128   233   183  2.6788  0.6582
   123   225   187  2.6750  0.6563
   135   221   185  2.6718  0.6555
   137   225   185  2.6716  0.6555
   137   230   191  2.6713  0.6547
   124   221   184  2.6708  0.6554
   137   227   183  2.6703  0.6554
   123   227   187  2.6693  0.6544
   134   221   191  2.6685  0.6538
   123   228   190  2.6684  0.6538
   137   228   183  2.6674  0.6545
   137   227   185  2.6670  0.6540
   128   221   192  2.6641  0.6523
   123   222   184  2.6617  0.6525
   127   221   189  2.6582  0.6506
   137   224   187  2.6578  0.6507
   127   221   191  2.6556  0.6496
   137   229   190  2.6550  0.6495
   133   221   187  2.6545  0.6496
   123   224   187  2.6545  0.6496
   135   235   187  2.6541  0.6495
   136   235   187  2.6527  0.6491
   123   228   184  2.6511  0.6490
   125   221   187  2.6503  0.6483
   132   221   184  2.6497  0.6486
   137   226   183  2.6487  0.6484
   134   235   187  2.6484  0.6477
   137   224   185  2.6473  0.6476
   137   225   192  2.6470  0.6468
   134   235   189  2.6449  0.6463
   137   226   192  2.6440  0.6458
   135   221   191  2.6439  0.6458
   137   235   187  2.6437  0.6461
   135   232   183  2.6432  0.6467
   123   223   190  2.6430  0.6456
   135   221   192  2.6426  0.6453
   129   233   185  2.6421  0.6459
   137   229   183  2.6415  0.6461
   125   221   185  2.6413  0.6457
   130   233   185  2.6400  0.6453
   123   228   187  2.6399  0.6449
   134   233   183  2.6396  0.6455
   137   224   192  2.6374  0.6436
   133   235   187  2.6343  0.6431
   137   228   185  2.6336  0.6432
   137   227   192  2.6309  0.6416
   124   221   190  2.6284  0.6409
   126   221   189  2.6279  0.6408
   127   221   192  2.6273  0.6404
   123   223   187  2.6222  0.6392
   127   233   183  2.6214  0.6396
   126   221   191  2.6207  0.6383
   137   233   189  2.6184  0.6378
   128   233   185  2.6182  0.6383
   123   221   184  2.6146  0.6373
   131   233   185  2.6145  0.6371
   137   223   192  2.6125  0.6357
   136   221   191  2.6118  0.6355
   123   229   184  2.6105  0.6360
   137   228   192  2.6101  0.6349
   137   223   185  2.6099  0.6356
   132   235   187  2.6098  0.6353
   124   232   184  2.6081  0.6352
   134   221   187  2.6046  0.6336
   123   226   185  2.6044  0.6338
   123   229   190  2.6035  0.6329
   137   225   183  2.6034  0.6339
   125   221   189  2.6032  0.6329
   123   225   185  2.6029  0.6333
   123   227   183  2.6024  0.6335
   136   221   185  2.6007  0.6326
   124   221   187  2.5993  0.6319
   132   235   192  2.5970  0.6307
   137   230   183  2.5969  0.6318
   131   235   192  2.5960  0.6304
   137   224   184  2.5938  0.6306
   123   229   187  2.5924  0.6297
   123   226   183  2.5900  0.6296
   123   228   183  2.5885  0.6291
   123   227   185  2.5874  0.6284
   126   221   192  2.5867  0.6274
   133   221   184  2.5867  0.6283
   123   224   185  2.5849  0.6276
   137   229   192  2.5836  0.6264
   124   221   189  2.5825  0.6263
   123   222   187  2.5822  0.6264
   136   221   192  2.5821  0.6259
   123   233   188  2.5801  0.6256
   137   229   185  2.5789  0.6257
   135   233   183  2.5782  0.6258
   125   221   191  2.5760  0.6241
   133   235   192  2.5760  0.6240
   123   222   190  2.5747  0.6238
   131   235   187  2.5737  0.6238
   130   235   192  2.5731  0.6231
   137   221   191  2.5710  0.6225
   137   222   192  2.5704  0.6222
   132   233   185  2.5694  0.6227
   137   230   190  2.5694  0.6221
   127   233   185  2.5675  0.6220
   123   225   191  2.5673  0.6213
   136   232   183  2.5669  0.6222
   123   230   184  2.5639  0.6211
   123   224   191  2.5636  0.6201
   137   222   185  2.5625  0.6205
   137   232   188  2.5624  0.6200
   123   221   189  2.5623  0.6199
   130   221   186  2.5619  0.6201
   124   221   185  2.5607  0.6199
   131   221   186  2.5596  0.6194
   137   231   191  2.5573  0.6181
   137   223   187  2.5564  0.6183
   123   223   185  2.5543  0.6179
   129   221   186  2.5538  0.6176
   123   226   191  2.5531  0.6168
   137   230   192  2.5528  0.6166
   123   225   183  2.5513  0.6173
   123   228   185  2.5512  0.6169
   123   229   183  2.5511  0.6172
   124   233   184  2.5500  0.6167
   126   233   183  2.5485  0.6164
   132   221   186  2.5461  0.6151
   123   223   191  2.5421  0.6133
   125   221   192  2.5418  0.6132
   128   235   188  2.5416  0.6134
   137   231   183  2.5407  0.6139
   123   221   187  2.5390  0.6127
   129   235   188  2.5371  0.6120
   135   221   187  2.5368  0.6120
   137   224   183  2.5359  0.6124
   134   235   192  2.5352  0.6111
   128   221   186  2.5351  0.6116
   129   235   192  2.5309  0.6097
   123   224   192  2.5293  0.6092
   123   230   187  2.5278  0.6092
   130   235   187  2.5260  0.6086
   127   235   188  2.5257  0.6084
   123   227   191  2.5228  0.6073
   123   230   190  2.5222  0.6071
   123   225   192  2.5222  0.6070
   124   221   191  2.5218  0.6069
   135   235   189  2.5201  0.6065
   133   221   186  2.5199  0.6068
   137   231   192  2.5183  0.6058
   123   222   185  2.5155  0.6056
   123   223   192  2.5155  0.6049
   123   231   184  2.5135  0.6051
   130   235   188  2.5120  0.6041
   137   221   192  2.5102  0.6032
   133   233   185  2.5088  0.6035
   137   221   185  2.5073  0.6030
   123   222   191  2.5056  0.6019
   134   221   184  2.5051  0.6025
   127   221   186  2.5047  0.6021
   137   230   185  2.5044  0.6021
   122   229   189  3.1754  0.8266
   122   230   189  3.1726  0.8256
   122   228   189  3.1626  0.8220
   122   231   189  3.1572  0.8201
   122   227   189  3.1302  0.8105
   122   232   189  3.1301  0.8104
   133   220   188  3.1148  0.8052
   132   220   188  3.1123  0.8043
   134   220   188  3.1012  0.8004
   131   220   188  3.0985  0.7994
   122   233   189  3.0907  0.7965
   127   236   189  3.0804  0.7929
   130   220   188  3.0771  0.7919
   122   226   189  3.0748  0.7909
   126   236   189  3.0695  0.7891
   128   236   189  3.0667  0.7881
   135   220   188  3.0660  0.7880
   129   220   188  3.0499  0.7824
   125   236   189  3.0397  0.7787
   122   234   189  3.0371  0.7777
   129   236   189  3.0237  0.7731
   128   220   188  3.0171  0.7710
   131   220   190  3.0142  0.7697
   130   220   190  3.0083  0.7676
   136   220   188  3.0042  0.7665
   132   220   190  2.9996  0.7646
   124   236   189  2.9961  0.7635
   122   225   189  2.9948  0.7631
   129   220   190  2.9811  0.7583
   131   234   184  2.9784  0.7583
   127   220   188  2.9776  0.7573
   130   234   184  2.9725  0.7563
   132   234   184  2.9680  0.7547
   122   235   189  2.9665  0.7533
   133   220   190  2.9651  0.7527
   130   236   189  2.9500  0.7477
   129   234   184  2.9477  0.7477
   133   234   184  2.9436  0.7464
   123   236   189  2.9416  0.7448
   138   227   189  2.9397  0.7442
   138   226   189  2.9364  0.7430
   138   225   188  2.9352  0.7428
   128   220   190  2.9317  0.7413
   138   224   188  2.9297  0.7409
   126   220   188  2.9296  0.7408
   138   226   188  2.9268  0.7399
   138   228   189  2.9236  0.7387
   138   225   189  2.9160  0.7361
   138   223   188  2.9134  0.7353
   137   220   188  2.9133  0.7353
   134   220   190  2.9116  0.7345
   134   234   184  2.9066  0.7337
   128   234   184  2.9009  0.7318
   138   227   188  2.9005  0.7309
   122   224   189  2.8929  0.7283
   138   222   188  2.8872  0.7264
   138   229   189  2.8859  0.7259
   138   224   189  2.8806  0.7241
   122   236   189  2.8767  0.7228
   125   220   188  2.8711  0.7210
   138   230   187  2.8617  0.7180
   138   231   187  2.8604  0.7175
   127   220   190  2.8599  0.7170
   135   234   184  2.8576  0.7172
   138   228   188  2.8529  0.7149
   138   221   188  2.8488  0.7135
   131   236   189  2.8487  0.7133
   138   229   187  2.8433  0.7118
   135   220   190  2.8411  0.7107
   122   226   188  2.8392  0.7103
   136   233   184  2.8387  0.7108
   122   225   188  2.8375  0.7097
   138   232   187  2.8374  0.7098
   138   223   189  2.8321  0.7078
   127   234   184  2.8304  0.7080
   122   227   188  2.8270  0.7062
   138   230   189  2.8248  0.7053
   122   224   188  2.8204  0.7040
   138   226   191  2.8194  0.7034
   138   225   191  2.8129  0.7012
   138   228   187  2.8074  0.6998
   122   228   188  2.8022  0.6980
   124   220   188  2.8004  0.6973
   136   234   184  2.7966  0.6967
   138   227   191  2.7948  0.6952
   138   220   188  2.7935  0.6951
   138   233   187  2.7909  0.6943
   122   223   188  2.7879  0.6932
   138   229   188  2.7824  0.6914
   122   223   189  2.7759  0.6891
   138   224   191  2.7753  0.6887
   138   222   189  2.7723  0.6879
   126   220   190  2.7670  0.6861
   122   229   188  2.7658  0.6859
   138   224   190  2.7654  0.6855
   138   225   190  2.7597  0.6836
   137   233   184  2.7575  0.6838
   136   220   190  2.7574  0.6829
   138   227   187  2.7557  0.6827
   138   223   190  2.7475  0.6796
   122   222   188  2.7416  0.6779
   138   228   191  2.7415  0.6776
   138   231   189  2.7400  0.6773
   130   220   185  2.7388  0.6774
   126   234   184  2.7362  0.6768
   131   220   185  2.7340  0.6759
   129   220   185  2.7336  0.6757
   138   226   190  2.7318  0.6745
   134   220   189  2.7294  0.6738
   135   220   189  2.7286  0.6735
   132   236   189  2.7268  0.6729
   132   220   185  2.7202  0.6713
   138   234   187  2.7198  0.6709
   122   230   188  2.7173  0.6699
   123   220   188  2.7166  0.6697
   128   220   185  2.7165  0.6701
   133   220   189  2.7162  0.6695
   138   229   184  2.7145  0.6696
   136   220   189  2.7119  0.6681
   138   230   184  2.7117  0.6687
   138   223   191  2.7093  0.6670
   138   222   190  2.7070  0.6663
   138   228   184  2.7045  0.6664
   138   221   189  2.7027  0.6651
   138   231   184  2.7007  0.6651
   133   220   185  2.6967  0.6637
   132   220   189  2.6914  0.6614
   138   226   187  2.6898  0.6611
   138   230   188  2.6894  0.6608
   138   227   190  2.6853  0.6593
   127   220   185  2.6853  0.6599
   122   221   188  2.6846  0.6593
   138   232   184  2.6846  0.6599
   137   220   189  2.6778  0.6570
   138   227   184  2.6769  0.6574
   131   234   183  2.6723  0.6561
   130   234   183  2.6705  0.6555
   137   220   190  2.6658  0.6530
   138   233   184  2.6643  0.6533
   138   229   191  2.6638  0.6522
   131   220   192  2.6624  0.6517
   132   220   192  2.6619  0.6516
   134   220   185  2.6612  0.6521
   131   220   189  2.6584  0.6507
   125   220   190  2.6568  0.6501
   132   234   183  2.6562  0.6509
   122   231   188  2.6551  0.6497
   122   222   189  2.6541  0.6493
   129   234   183  2.6495  0.6487
   130   220   192  2.6492  0.6475
   138   221   190  2.6470  0.6469
   128   220   187  2.6467  0.6471
   133   220   192  2.6454  0.6462
   129   220   187  2.6441  0.6463
   127   220   187  2.6392  0.6447
   126   220   185  2.6388  0.6449
   138   232   189  2.6333  0.6426
   130   220   187  2.6331  0.6428
   138   226   184  2.6272  0.6413
   129   220   192  2.6251  0.6397
   138   228   190  2.6249  0.6398
   138   220   189  2.6245  0.6398
   133   234   183  2.6245  0.6406
   138   235   187  2.6235  0.6396
   138   222   191  2.6215  0.6386
   130   220   189  2.6209  0.6386
   125   234   184  2.6207  0.6392
   122   220   188  2.6205  0.6386
   126   220   187  2.6201  0.6386
   131   220   187  2.6143  0.6367
   126   220   184  2.6131  0.6368
   134   220   192  2.6125  0.6357
   138   225   187  2.6115  0.6358
   127   220   184  2.6104  0.6359
   135   220   185  2.6101  0.6357
   128   234   183  2.6087  0.6356
   125   220   184  2.6069  0.6348
   128   220   184  2.6007  0.6328
   133   236   189  2.5949  0.6303
   128   220   192  2.5935  0.6296
   125   220   187  2.5888  0.6285
   124   220   184  2.5884  0.6289
   132   220   187  2.5869  0.6280
   129   220   184  2.5845  0.6276
   122   226   187  2.5830  0.6267
   129   220   189  2.5828  0.6264
   122   225   187  2.5798  0.6257
   134   234   183  2.5793  0.6262
   125   220   185  2.5779  0.6254
   122   232   188  2.5772  0.6247
   129   220   191  2.5770  0.6244
   138   231   188  2.5767  0.6246
   122   223   184  2.5764  0.6251
   130   220   191  2.5756  0.6239
   122   226   190  2.5754  0.6239
   122   224   184  2.5741  0.6243
   138   220   190  2.5722  0.6229
   128   220   191  2.5720  0.6228
   122   227   187  2.5711  0.6229
   122   225   190  2.5698  0.6222
   131   220   191  2.5693  0.6219
   138   230   191  2.5673  0.6213
   138   227   183  2.5662  0.6220
   122   222   184  2.5660  0.6218
   135   220   192  2.5644  0.6203
   138   225   192  2.5640  0.6202
   122   224   187  2.5637  0.6206
   138   226   192  2.5617  0.6195
   122   225   184  2.5611  0.6202
   138   228   183  2.5607  0.6203
   130   220   184  2.5601  0.6199
   138   226   185  2.5598  0.6196
   132   220   191  2.5596  0.6189
   127   220   191  2.5591  0.6187
   122   227   190  2.5583  0.6185
   127   220   192  2.5569  0.6180
   138   229   190  2.5556  0.6177
   138   225   185  2.5553  0.6182
   123   220   184  2.5543  0.6180
   138   224   192  2.5540  0.6170
   138   225   184  2.5520  0.6173
   127   234   183  2.5493  0.6166
   138   226   183  2.5492  0.6166
   138   227   192  2.5491  0.6155
   133   220   187  2.5488  0.6158
   128   220   189  2.5476  0.6152
   133   220   191  2.5474  0.6150
   124   220   187  2.5466  0.6151
   138   227   185  2.5446  0.6148
   122   224   190  2.5426  0.6136
   122   228   187  2.5423  0.6138
   122   221   184  2.5415  0.6140
   122   226   184  2.5396  0.6134
   136   220   185  2.5392  0.6131
   122   221   189  2.5383  0.6123
   122   223   187  2.5381  0.6125
   126   220   191  2.5367  0.6116
   124   220   190  2.5361  0.6115
   138   229   183  2.5350  0.6121
   138   224   185  2.5328  0.6111
   134   220   191  2.5325  0.6103
   138   223   192  2.5292  0.6092
   138   228   192  2.5284  0.6090
   131   236   192  2.5254  0.6080
   131   220   184  2.5251  0.6088
   132   236   192  2.5229  0.6072
   135   234   183  2.5228  0.6082
   138   224   187  2.5227  0.6076
   138   221   191  2.5206  0.6065
   122   228   190  2.5197  0.6063
   127   220   189  2.5177  0.6058
   126   220   192  2.5168  0.6053
   135   220   191  2.5139  0.6044
   130   220   186  2.5130  0.6047
   122   227   184  2.5115  0.6045
   137   236   187  2.5112  0.6040
   136   236   187  2.5108  0.6038
   129   220   186  2.5107  0.6040
   138   228   185  2.5096  0.6038
   138   225   183  2.5096  0.6041
   138   233   189  2.5082  0.6028
   130   236   192  2.5071  0.6023
   122   222   187  2.5068  0.6026
   136   233   183  2.5067  0.6032
   124   220   185  2.5057  0.6025
   135   236   187  2.5052  0.6021
   131   220   186  2.5048  0.6021
   125   220   191  2.5039  0.6013
   136   220   192  2.5033  0.6010
   138   236   187  2.5025  0.6012
   122   220   184  2.5022  0.6016
   138   229   192  2.5012  0.6004
   133   236   192  2.5002  0.6001
   122   227   183  2.5000  0.6011
   121   229   189  3.0939  0.7976
   121   230   189  3.0929  0.7973
   121   228   189  3.0799  0.7927
   121   231   189  3.0791  0.7924
   121   232   189  3.0531  0.7833
   121   227   189  3.0479  0.7815
   121   233   189  3.0142  0.7698
   133   219   188  3.0114  0.7690
   132   219   188  3.0071  0.7675
   134   219   188  3.0004  0.7652
   121   226   189  2.9953  0.7633
   131   219   188  2.9922  0.7623
   130   219   188  2.9699  0.7547
   135   219   188  2.9690  0.7543
   127   237   189  2.9623  0.7519
   121   234   189  2.9604  0.7513
   126   237   189  2.9573  0.7502
   129   219   188  2.9421  0.7451
   128   237   189  2.9396  0.7441
   125   237   189  2.9304  0.7410
   121   225   189  2.9212  0.7379
   136   219   188  2.9123  0.7350
   128   219   188  2.9090  0.7338
   131   235   184  2.9024  0.7323
   131   219   190  2.9001  0.7306
   130   235   184  2.8968  0.7304
   130   219   190  2.8959  0.7292
   132   235   184  2.8933  0.7292
   121   235   189  2.8896  0.7271
   124   237   189  2.8874  0.7264
   129   237   189  2.8852  0.7257
   132   219   190  2.8839  0.7251
   129   235   184  2.8731  0.7224
   133   235   184  2.8722  0.7221
   127   219   188  2.8702  0.7207
   129   219   190  2.8700  0.7204
   133   219   190  2.8488  0.7133
   134   235   184  2.8404  0.7114
   123   237   189  2.8323  0.7079
   121   224   189  2.8280  0.7064
   128   235   184  2.8277  0.7071
   137   219   188  2.8277  0.7064
   126   219   188  2.8246  0.7054
   128   219   190  2.8215  0.7041
   139   226   189  2.8173  0.7029
   139   227   189  2.8135  0.7016
   139   225   189  2.8055  0.6989
   121   236   189  2.7995  0.6969
   130   237   189  2.7993  0.6969
   135   235   184  2.7982  0.6973
   134   219   190  2.7967  0.6959
   139   228   189  2.7927  0.6947
   139   224   189  2.7791  0.6902
   125   219   188  2.7708  0.6875
   122   237   189  2.7665  0.6860
   139   225   188  2.7624  0.6847
   139   224   188  2.7600  0.6840
   127   235   184  2.7585  0.6841
   139   229   189  2.7537  0.6818
   139   226   188  2.7530  0.6817
   127   219   190  2.7509  0.6807
   139   231   187  2.7492  0.6805
   139   223   188  2.7486  0.6802
   139   232   187  2.7453  0.6792
   136   235   184  2.7452  0.6797
   139   223   189  2.7392  0.6770
   139   230   187  2.7337  0.6754
   135   219   190  2.7303  0.6740
   139   227   188  2.7287  0.6737
   139   222   188  2.7284  0.6736
   137   234   184  2.7235  0.6726
   121   223   189  2.7217  0.6713
   139   233   187  2.7186  0.6705
   139   225   191  2.7159  0.6692
   139   226   191  2.7159  0.6692
   138   219   188  2.7152  0.6693
   124   219   188  2.7079  0.6669
   139   229   187  2.7023  0.6652
   139   221   188  2.6969  0.6633
   139   230   189  2.6954  0.6627
   121   237   189  2.6892  0.6607
   139   222   189  2.6871  0.6600
   131   237   189  2.6868  0.6599
   139   227   191  2.6867  0.6597
   139   224   191  2.6864  0.6596
   139   228   188  2.6862  0.6598
   137   235   184  2.6805  0.6585
   121   226   188  2.6756  0.6564
   121   225   188  2.6745  0.6560
   121   227   188  2.6666  0.6534
   139   234   187  2.6663  0.6535
   126   235   184  2.6654  0.6536
   130   219   185  2.6632  0.6528
   121   224   188  2.6622  0.6520
   126   219   190  2.6605  0.6513
   131   219   185  2.6601  0.6518
   139   228   187  2.6575  0.6506
   129   219   185  2.6572  0.6508
   136   219   190  2.6535  0.6490
   139   224   190  2.6495  0.6477
   139   220   188  2.6489  0.6477
   132   219   185  2.6482  0.6479
   121   228   188  2.6480  0.6474
   139   225   190  2.6448  0.6462
   128   219   185  2.6406  0.6455
   121   223   188  2.6387  0.6444
   138   234   184  2.6384  0.6449
   123   219   188  2.6351  0.6433
   139   223   190  2.6340  0.6427
   139   228   191  2.6312  0.6417
   139   223   191  2.6296  0.6412
   133   219   185  2.6264  0.6409
   135   219   189  2.6253  0.6400
   139   229   188  2.6244  0.6398
   139   221   189  2.6239  0.6396
   139   226   190  2.6210  0.6385
   121   229   188  2.6198  0.6384
   134   219   189  2.6194  0.6381
   139   231   189  2.6176  0.6375
   136   219   189  2.6150  0.6367
   131   235   183  2.6118  0.6366
   127   219   185  2.6117  0.6362
   121   222   189  2.6114  0.6355
   130   235   183  2.6076  0.6352
   121   222   188  2.6048  0.6335
   139   227   187  2.6014  0.6326
   133   219   189  2.6001  0.6319
   139   222   190  2.5990  0.6315
   132   235   183  2.5990  0.6325
   134   219   185  2.5920  0.6299
   137   219   189  2.5864  0.6276
   139   235   187  2.5862  0.6277
   139   230   184  2.5859  0.6281
   129   235   183  2.5846  0.6278
   139   229   184  2.5826  0.6270
   139   231   184  2.5815  0.6267
   139   227   190  2.5811  0.6258
   131   219   192  2.5810  0.6256
   121   230   188  2.5807  0.6258
   139   219   188  2.5787  0.6252
   132   219   192  2.5771  0.6244
   139   232   184  2.5726  0.6238
   133   235   183  2.5715  0.6237
   137   219   190  2.5709  0.6225
   132   219   189  2.5708  0.6226
   130   219   192  2.5703  0.6222
   126   219   185  2.5695  0.6227
   128   219   187  2.5672  0.6217
   139   228   184  2.5670  0.6221
   127   219   187  2.5653  0.6211
   121   221   188  2.5625  0.6200
   129   219   187  2.5597  0.6193
   139   233   184  2.5597  0.6197
   133   219   192  2.5572  0.6180
   132   237   189  2.5568  0.6182
   125   219   190  2.5554  0.6176
   139   229   191  2.5540  0.6171
   122   219   188  2.5528  0.6170
   126   219   187  2.5526  0.6170
   139   222   191  2.5513  0.6163
   125   235   184  2.5508  0.6169
   139   220   189  2.5506  0.6162
   129   219   192  2.5481  0.6152
   139   221   190  2.5471  0.6150
   130   219   187  2.5440  0.6143
   139   230   188  2.5436  0.6141
   128   235   183  2.5419  0.6143
   139   234   184  2.5410  0.6138
   135   219   185  2.5409  0.6136
   138   219   189  2.5376  0.6121
   131   219   189  2.5354  0.6114
   139   226   187  2.5349  0.6115
   139   227   184  2.5343  0.6117
   134   235   183  2.5314  0.6110
   125   219   187  2.5290  0.6096
   139   228   190  2.5290  0.6093
   121   231   188  2.5284  0.6093
   139   232   189  2.5212  0.6069
   134   219   192  2.5210  0.6066
   131   219   187  2.5208  0.6070
   128   219   192  2.5174  0.6055
   125   219   185  2.5148  0.6054
   121   220   188  2.5143  0.6048
   121   221   189  2.5067  0.6023
   120   229   189  3.0003  0.7650
   120   230   189  2.9998  0.7648
   120   231   189  2.9863  0.7602
   120   228   189  2.9862  0.7601
   120   232   189  2.9603  0.7512
   120   227   189  2.9553  0.7495
   120   233   189  2.9211  0.7378
   120   226   189  2.9058  0.7326
   133   218   188  2.8884  0.7268
   132   218   188  2.8851  0.7257
   134   218   188  2.8773  0.7231
   131   218   188  2.8717  0.7212
   120   234   189  2.8673  0.7196
   130   218   188  2.8512  0.7143
   135   218   188  2.8472  0.7130
   120   225   189  2.8373  0.7095
   127   238   189  2.8295  0.7069
   126   238   189  2.8282  0.7065
   129   218   188  2.8251  0.7056
   131   236   184  2.8095  0.7010
   130   236   184  2.8038  0.6992
   125   238   189  2.8028  0.6980
   132   236   184  2.8023  0.6987
   128   238   189  2.8010  0.6974
   120   235   189  2.7966  0.6960
   128   218   188  2.7940  0.6952
   136   218   188  2.7937  0.6951
   133   236   184  2.7853  0.6930
   131   218   190  2.7847  0.6919
   130   218   190  2.7817  0.6909
   129   236   184  2.7813  0.6917
   132   218   190  2.7673  0.6862
   124   238   189  2.7596  0.6837
   134   236   184  2.7596  0.6845
   127   218   188  2.7579  0.6833
   129   218   190  2.7566  0.6826
   120   224   189  2.7524  0.6814
   129   238   189  2.7395  0.6771
   128   236   184  2.7379  0.6773
   133   218   190  2.7316  0.6744
   135   236   184  2.7249  0.6731
   126   218   188  2.7164  0.6696
   137   218   188  2.7142  0.6689
   128   218   190  2.7091  0.6670
   120   236   189  2.7072  0.6665
   123   238   189  2.7036  0.6653
   140   226   189  2.6953  0.6626
   140   225   189  2.6882  0.6603
   140   227   189  2.6879  0.6602
   134   218   190  2.6804  0.6577
   136   236   184  2.6802  0.6585
   127   236   184  2.6706  0.6554
   125   218   188  2.6688  0.6541
   140   224   189  2.6668  0.6534
   140   228   189  2.6655  0.6530
   120   223   189  2.6567  0.6501
   130   238   189  2.6463  0.6468
   127   218   190  2.6403  0.6447
   122   238   189  2.6369  0.6437
   140   232   187  2.6341  0.6431
   140   223   189  2.6318  0.6421
   140   229   189  2.6276  0.6407
   140   233   187  2.6249  0.6401
   137   236   184  2.6238  0.6402
   140   231   187  2.6215  0.6390
   135   218   190  2.6172  0.6373
   124   218   188  2.6145  0.6366
   140   225   191  2.6137  0.6361
   138   218   188  2.6091  0.6349
   140   226   191  2.6086  0.6345
   138   235   184  2.6033  0.6337
   120   237   189  2.5981  0.6313
   140   230   187  2.5919  0.6295
   140   224   191  2.5907  0.6288
   140   234   187  2.5896  0.6288
   140   222   189  2.5842  0.6268
   130   218   185  2.5841  0.6273
   140   225   188  2.5829  0.6266
   131   218   185  2.5813  0.6265
   140   224   188  2.5806  0.6258
   126   236   184  2.5792  0.6260
   129   218   185  2.5784  0.6255
   140   227   191  2.5762  0.6241
   140   226   188  2.5758  0.6243
   140   230   189  2.5736  0.6235
   140   223   188  2.5712  0.6228
   132   218   185  2.5698  0.6228
   128   218   185  2.5632  0.6207
   131   236   183  2.5605  0.6202
   121   238   189  2.5597  0.6191
   120   222   189  2.5581  0.6185
   140   227   188  2.5561  0.6180
   140   222   188  2.5545  0.6175
   138   236   184  2.5543  0.6180
   126   218   190  2.5537  0.6171
   123   218   188  2.5529  0.6170
   132   236   183  2.5526  0.6177
   130   236   183  2.5521  0.6175
   140   229   187  2.5495  0.6161
   140   224   190  2.5481  0.6153
   133   218   185  2.5480  0.6159
   140   225   190  2.5460  0.6146
   136   218   190  2.5459  0.6146
   140   223   191  2.5416  0.6132
   127   218   185  2.5372  0.6124
   140   223   190  2.5328  0.6105
   133   236   183  2.5306  0.6107
   140   221   188  2.5279  0.6091
   131   238   189  2.5278  0.6090
   140   226   190  2.5271  0.6087
   129   236   183  2.5256  0.6091
   140   221   189  2.5250  0.6081
   140   235   187  2.5248  0.6083
   135   218   189  2.5216  0.6070
   140   228   188  2.5211  0.6070
   140   228   191  2.5197  0.6063
   134   218   189  2.5142  0.6047
   136   218   189  2.5134  0.6044
   134   218   185  2.5127  0.6047
   139   235   184  2.5127  0.6049
   140   231   189  2.5034  0.6013
   120   226   188  2.5031  0.6013
   120   225   188  2.5023  0.6011
   140   222   190  2.5011  0.6005
   119   229   189  2.8901  0.7273
   119   230   189  2.8887  0.7268
   119   228   189  2.8773  0.7230
   119   231   189  2.8743  0.7220
   119   227   189  2.8486  0.7133
   119   232   189  2.8475  0.7129
   119   233   189  2.8078  0.6997
   119   226   189  2.8029  0.6981
   119   234   189  2.7542  0.6819
   132   217   188  2.7439  0.6787
   133   217   188  2.7431  0.6784
   119   225   189  2.7407  0.6775
   131   217   188  2.7351  0.6758
   134   217   188  2.7292  0.6738
   130   217   188  2.7192  0.6706
   135   217   188  2.6981  0.6637
   129   217   188  2.6978  0.6636
   131   237   184  2.6935  0.6628
   132   237   184  2.6896  0.6615
   130   237   184  2.6868  0.6606
   119   235   189  2.6846  0.6592
   126   239   189  2.6845  0.6591
   127   239   189  2.6844  0.6591
   133   237   184  2.6781  0.6578
   128   217   188  2.6716  0.6551
   131   217   190  2.6706  0.6545
   130   217   190  2.6679  0.6537
   129   237   184  2.6651  0.6536
   119   224   189  2.6645  0.6527
   134   237   184  2.6596  0.6518
   125   239   189  2.6594  0.6510
   128   239   189  2.6534  0.6491
   132   217   190  2.6526  0.6487
   136   217   188  2.6460  0.6468
   129   217   190  2.6433  0.6457
   127   217   188  2.6409  0.6451
   135   237   184  2.6334  0.6433
   128   237   184  2.6237  0.6402
   133   217   190  2.6167  0.6371
   124   239   189  2.6156  0.6369
   126   217   188  2.6058  0.6339
   136   237   184  2.5973  0.6317
   119   236   189  2.5971  0.6310
   128   217   190  2.5967  0.6308
   129   239   189  2.5892  0.6285
   119   223   189  2.5796  0.6254
   137   217   188  2.5710  0.6228
   141   226   189  2.5674  0.6215
   125   217   188  2.5663  0.6213
   134   217   190  2.5663  0.6211
   141   225   189  2.5613  0.6196
   141   227   189  2.5599  0.6191
   127   237   184  2.5590  0.6195
   123   239   189  2.5585  0.6187
   137   237   184  2.5491  0.6164
   141   224   189  2.5415  0.6133
   141   228   189  2.5389  0.6125
   127   217   190  2.5305  0.6097
   124   217   188  2.5217  0.6072
   131   237   183  2.5168  0.6064
   132   237   183  2.5150  0.6058
   141   223   189  2.5083  0.6029
   141   233   187  2.5063  0.6024
   141   225   191  2.5060  0.6020
   135   217   190  2.5054  0.6018
   141   229   189  2.5044  0.6016
   130   237   183  2.5029  0.6020
   141   232   187  2.5018  0.6010
   118   229   189  2.7613  0.6843
   118   230   189  2.7577  0.6831
   118   228   189  2.7511  0.6809
   118   231   189  2.7413  0.6777
   118   227   189  2.7261  0.6727
   118   232   189  2.7131  0.6685
   118   226   189  2.6857  0.6595
   118   233   189  2.6729  0.6554
   118   225   189  2.6308  0.6418
   118   234   189  2.6199  0.6383
   132   216   188  2.5842  0.6270
   131   216   188  2.5827  0.6265
   133   216   188  2.5767  0.6246
   130   216   188  2.5744  0.6238
   118   224   189  2.5641  0.6205
   129   216   188  2.5605  0.6194
   131   216   190  2.5586  0.6186
   134   216   188  2.5576  0.6185
   130   216   190  2.5558  0.6177
   118   235   189  2.5523  0.6167
   132   238   184  2.5518  0.6172
   131   238   184  2.5507  0.6169
   133   238   184  2.5474  0.6158
   128   216   188  2.5420  0.6136
   130   238   184  2.5415  0.6140
   132   216   190  2.5408  0.6130
   134   238   184  2.5376  0.6127
   129   216   190  2.5313  0.6100
   127   240   189  2.5306  0.6098
   126   240   189  2.5305  0.6098
   135   216   188  2.5235  0.6077
   135   238   184  2.5204  0.6073
   129   238   184  2.5197  0.6071
   127   216   188  2.5195  0.6065
   133   216   190  2.5051  0.6018
   125   240   189  2.5049  0.6018
   117   229   189  2.6150  0.6367
   117   228   189  2.6090  0.6348
   117   230   189  2.6080  0.6345
   117   227   189  2.5891  0.6284
   117   231   189  2.5890  0.6284
   117   232   189  2.5590  0.6189
   117   226   189  2.5554  0.6177
   117   233   189  2.5184  0.6060
   117   225   189  2.5091  0.6031
