#   X     Y     Z      S       D
   267   107   301  4.1438  1.4491
   267   108   301  4.1339  1.4437
   266   107   301  4.1335  1.4435
   266   108   301  4.1157  1.4338
   268   107   301  4.1006  1.4257
   268   108   301  4.0973  1.4239
   267   106   301  4.0698  1.4091
   266   106   301  4.0669  1.4075
   268   106   301  4.0216  1.3834
   266   107   300  3.4988  1.1185
   266   106   300  3.4707  1.1053
   266   108   300  3.4509  1.0961
   267   107   300  3.4405  1.0913
   267   106   300  3.4136  1.0788
   266   107   302  3.4003  1.0788
   267   108   300  3.3931  1.0694
   266   106   302  3.3718  1.0657
   266   108   302  3.3692  1.0645
   267   107   302  3.3425  1.0522
   268   107   300  3.3382  1.0443
   267   108   302  3.3165  1.0404
   267   106   302  3.3133  1.0389
   268   106   300  3.3129  1.0329
   268   108   300  3.2919  1.0234
   268   107   302  3.2584  1.0141
   268   108   302  3.2388  1.0053
   268   106   302  3.2278  1.0004
   265   107   301  4.0742  1.4114
   265   108   301  4.0480  1.3975
   267   109   301  4.0367  1.3914
   265   106   301  4.0167  1.3808
   266   109   301  4.0116  1.3781
   268   109   301  4.0073  1.3758
   269   108   301  4.0033  1.3737
   269   107   301  4.0015  1.3728
   265   109   301  3.9377  1.3394
   266   105   301  3.9269  1.3337
   267   105   301  3.9241  1.3323
   269   109   301  3.9205  1.3304
   269   106   301  3.9202  1.3302
   265   105   301  3.8851  1.3121
   268   105   301  3.8734  1.3061
   269   105   301  3.7731  1.2552
   266   107   299  3.7499  1.2363
   267   107   299  3.7388  1.2308
   265   107   299  3.7221  1.2226
   266   106   299  3.7117  1.2175
   267   106   299  3.6996  1.2115
   266   108   299  3.6985  1.2110
   267   108   299  3.6893  1.2065
   268   107   299  3.6884  1.2060
   265   106   299  3.6836  1.2037
   265   108   299  3.6714  1.1977
   268   106   299  3.6472  1.1860
   268   108   299  3.6433  1.1841
   269   107   299  3.6003  1.1634
   266   105   299  3.5891  1.1581
   267   105   299  3.5769  1.1522
   266   109   299  3.5624  1.1453
   265   107   303  3.5623  1.1587
   269   108   299  3.5615  1.1449
   265   105   299  3.5609  1.1446
   269   106   299  3.5567  1.1426
   267   109   299  3.5563  1.1424
   266   107   303  3.5492  1.1524
   265   108   303  3.5378  1.1469
   265   109   299  3.5359  1.1328
   266   108   303  3.5345  1.1453
   268   105   299  3.5249  1.1276
   268   109   299  3.5171  1.1239
   265   107   300  3.5087  1.1232
   265   106   303  3.5056  1.1315
   267   107   303  3.4832  1.1209
   266   106   303  3.4828  1.1207
   265   106   300  3.4804  1.1099
   267   108   303  3.4791  1.1189
   265   108   300  3.4604  1.1005
   269   109   299  3.4455  1.0905
   266   109   303  3.4422  1.1015
   265   109   303  3.4367  1.0990
   269   105   299  3.4358  1.0860
   265   107   302  3.4248  1.0902
   267   106   303  3.4082  1.0856
   267   109   303  3.3979  1.0808
   265   106   302  3.3959  1.0768
   265   108   302  3.3903  1.0742
   265   105   300  3.3812  1.0639
   268   108   303  3.3787  1.0719
   268   107   303  3.3727  1.0691
   266   105   300  3.3725  1.0600
   265   105   303  3.3724  1.0690
   266   105   303  3.3416  1.0548
   265   109   300  3.3367  1.0436
   266   109   300  3.3279  1.0397
   267   105   300  3.3186  1.0355
   265   105   302  3.3102  1.0375
   268   109   303  3.3095  1.0401
   265   109   302  3.2928  1.0296
   268   106   303  3.2912  1.0318
   266   105   302  3.2904  1.0285
   266   109   302  3.2788  1.0233
   267   109   300  3.2721  1.0145
   267   105   303  3.2620  1.0186
   269   108   303  3.2440  1.0105
   267   105   302  3.2356  1.0039
   267   109   302  3.2354  1.0038
   269   107   303  3.2296  1.0040
   268   105   300  3.2224  0.9924
   269   107   300  3.1991  0.9822
   269   109   303  3.1865  0.9849
   269   106   300  3.1752  0.9717
   268   109   300  3.1747  0.9715
   268   109   302  3.1686  0.9742
   269   107   302  3.1557  0.9685
   269   108   300  3.1553  0.9630
   268   105   302  3.1533  0.9675
   269   106   303  3.1443  0.9662
   268   105   303  3.1433  0.9658
   269   108   302  3.1429  0.9629
   269   106   302  3.1233  0.9543
   269   105   300  3.0899  0.9347
   269   109   302  3.0846  0.9376
   269   105   302  3.0514  0.9233
   269   109   300  3.0442  0.9152
   269   105   303  2.9984  0.9032
   264   107   301  3.9712  1.3568
   264   108   301  3.9371  1.3390
   264   106   301  3.9237  1.3321
   265   107   304  3.8986  1.3311
   266   107   304  3.8791  1.3210
   265   106   304  3.8770  1.3199
   264   107   304  3.8677  1.3150
   267   110   301  3.8587  1.2986
   266   106   304  3.8540  1.3080
   270   108   301  3.8538  1.2961
   265   108   304  3.8536  1.3077
   264   106   304  3.8502  1.3060
   270   107   301  3.8480  1.2931
   266   108   304  3.8386  1.3000
   268   110   301  3.8359  1.2870
   266   110   301  3.8287  1.2833
   264   109   301  3.8225  1.2801
   264   108   304  3.8186  1.2897
   267   107   304  3.8143  1.2875
   264   105   301  3.8025  1.2700
   265   105   304  3.7898  1.2750
   267   106   304  3.7861  1.2731
   267   108   304  3.7789  1.2694
   270   109   301  3.7787  1.2580
   270   106   301  3.7670  1.2522
   264   105   304  3.7667  1.2633
   266   105   304  3.7645  1.2621
   269   110   301  3.7578  1.2476
   265   110   301  3.7524  1.2449
   265   109   304  3.7464  1.2530
   266   109   304  3.7368  1.2482
   266   104   301  3.7309  1.2341
   267   104   301  3.7247  1.2311
   268   107   304  3.7111  1.2353
   264   109   304  3.7074  1.2334
   265   104   301  3.6958  1.2168
   267   105   304  3.6956  1.2276
   267   109   304  3.6837  1.2216
   268   108   304  3.6813  1.2204
   268   106   304  3.6800  1.2198
   268   104   301  3.6745  1.2063
   264   107   299  3.6569  1.1907
   265   104   304  3.6425  1.2012
   264   110   301  3.6376  1.1883
   270   110   301  3.6268  1.1830
   270   105   301  3.6245  1.1819
   264   104   304  3.6227  1.1915
   264   104   301  3.6226  1.1810
   264   106   299  3.6166  1.1712
   266   104   304  3.6162  1.1883
   264   108   299  3.6091  1.1676
   268   109   304  3.5942  1.1776
   268   105   304  3.5896  1.1753
   265   110   304  3.5871  1.1741
   266   110   304  3.5831  1.1722
   269   104   301  3.5789  1.1599
   269   107   304  3.5773  1.1693
   269   108   304  3.5541  1.1581
   267   104   304  3.5486  1.1554
   264   110   304  3.5444  1.1534
   269   106   304  3.5433  1.1529
   267   110   304  3.5379  1.1503
   264   107   303  3.5192  1.1380
   264   105   299  3.4934  1.1128
   264   108   303  3.4867  1.1225
   270   107   299  3.4781  1.1056
   264   109   299  3.4774  1.1053
   269   109   304  3.4765  1.1209
   264   106   303  3.4722  1.1156
   264   107   300  3.4689  1.1045
   268   110   304  3.4583  1.1123
   269   105   304  3.4536  1.1101
   270   108   299  3.4468  1.0911
   268   104   304  3.4457  1.1063
   264   106   300  3.4419  1.0919
   270   104   301  3.4393  1.0939
   270   106   299  3.4323  1.0844
   270   107   304  3.4213  1.0949
   264   108   300  3.4196  1.0816
   264   107   302  3.4099  1.0833
   270   108   304  3.4054  1.0874
   266   104   299  3.3949  1.0672
   270   106   304  3.3839  1.0774
   267   104   299  3.3839  1.0621
   264   109   303  3.3806  1.0728
   264   106   302  3.3793  1.0691
   264   108   302  3.3740  1.0667
   265   104   299  3.3666  1.0543
   266   110   299  3.3574  1.0501
   267   110   299  3.3558  1.0494
   269   110   304  3.3523  1.0627
   264   105   303  3.3491  1.0583
   264   105   300  3.3441  1.0470
   270   109   299  3.3437  1.0439
   270   109   304  3.3386  1.0564
   268   104   299  3.3349  1.0399
   265   110   299  3.3309  1.0381
   268   110   299  3.3260  1.0359
   270   105   299  3.3144  1.0306
   269   104   304  3.3142  1.0453
   264   104   299  3.2996  1.0240
   264   109   300  3.2958  1.0252
   270   105   304  3.2952  1.0366
   264   105   302  3.2891  1.0279
   266   110   303  3.2847  1.0288
   264   110   299  3.2766  1.0137
   265   110   303  3.2729  1.0235
   264   109   302  3.2722  1.0203
   269   110   299  3.2683  1.0100
   269   104   299  3.2512  1.0024
   267   110   303  3.2505  1.0134
   270   110   304  3.2274  1.0059
   266   108   298  3.2249  0.9880
   265   104   300  3.2220  0.9922
   267   108   298  3.2161  0.9842
   266   104   300  3.2154  0.9894
   264   110   303  3.2151  0.9976
   265   108   298  3.2092  0.9811
   266   107   298  3.2084  0.9808
   267   107   298  3.2024  0.9782
   265   107   298  3.1909  0.9731
   264   104   300  3.1862  0.9765
   268   108   298  3.1858  0.9709
   270   110   299  3.1842  0.9729
   265   104   302  3.1793  0.9789
   265   104   303  3.1763  0.9803
   268   107   298  3.1752  0.9663
   266   109   298  3.1748  0.9661
   268   110   303  3.1747  0.9796
   266   104   302  3.1671  0.9735
   267   104   300  3.1665  0.9679
   264   108   298  3.1659  0.9623
   267   109   298  3.1649  0.9618
   264   104   303  3.1621  0.9741
   270   104   304  3.1613  0.9764
   265   109   298  3.1597  0.9596
   264   104   302  3.1511  0.9665
   264   107   298  3.1471  0.9541
   265   110   300  3.1465  0.9591
   266   104   303  3.1403  0.9645
   265   110   302  3.1403  0.9618
   266   110   300  3.1384  0.9556
   270   104   299  3.1377  0.9527
   266   110   302  3.1365  0.9601
   269   108   298  3.1362  0.9494
   268   109   298  3.1333  0.9482
   266   106   298  3.1312  0.9473
   267   106   298  3.1297  0.9466
   269   107   298  3.1287  0.9462
   267   104   302  3.1199  0.9529
   264   109   298  3.1163  0.9409
   264   110   302  3.1128  0.9498
   265   106   298  3.1104  0.9384
   268   106   298  3.1075  0.9371
   264   110   300  3.1070  0.9421
   267   110   302  3.1062  0.9469
   270   108   303  3.0880  0.9416
   267   110   300  3.0858  0.9329
   269   109   298  3.0828  0.9266
   268   104   300  3.0776  0.9294
   270   108   298  3.0686  0.9205
   270   107   303  3.0673  0.9327
   269   106   298  3.0661  0.9194
   269   110   303  3.0652  0.9318
   264   106   298  3.0651  0.9190
   270   107   298  3.0636  0.9184
   267   104   303  3.0601  0.9296
   266   110   298  3.0596  0.9167
   268   110   302  3.0545  0.9246
   267   110   298  3.0499  0.9126
   268   104   302  3.0448  0.9205
   265   110   298  3.0444  0.9103
   270   107   302  3.0416  0.9191
   270   109   303  3.0408  0.9213
   270   108   302  3.0356  0.9165
   270   107   300  3.0329  0.9104
   268   110   298  3.0188  0.8995
   270   109   298  3.0151  0.8979
   270   106   300  3.0096  0.9005
   267   105   298  3.0095  0.8956
   270   106   302  3.0071  0.9044
   270   106   298  3.0053  0.8938
   266   105   298  3.0049  0.8937
   264   110   298  3.0011  0.8921
   268   110   300  2.9946  0.8942
   268   105   298  2.9939  0.8891
   270   108   300  2.9932  0.8936
   270   109   302  2.9893  0.8968
   269   110   302  2.9868  0.8958
   270   106   303  2.9812  0.8959
   265   105   298  2.9792  0.8830
   269   110   298  2.9696  0.8789
   269   105   298  2.9588  0.8745
   269   104   300  2.9540  0.8772
   269   104   302  2.9495  0.8801
   268   104   303  2.9454  0.8808
   270   105   302  2.9376  0.8751
   270   110   303  2.9326  0.8754
   264   105   298  2.9309  0.8629
   270   105   300  2.9295  0.8670
   270   110   302  2.9080  0.8628
   270   110   298  2.9042  0.8520
   270   105   298  2.9035  0.8517
   270   109   300  2.8904  0.8509
   269   110   300  2.8733  0.8439
   267   104   298  2.8555  0.8321
   268   104   298  2.8476  0.8290
   266   104   298  2.8435  0.8273
   270   104   302  2.8411  0.8352
   270   105   303  2.8405  0.8372
   269   104   298  2.8197  0.8177
   265   104   298  2.8115  0.8144
   269   104   303  2.8086  0.8242
   270   104   300  2.8035  0.8155
   270   104   298  2.7707  0.7981
   264   104   298  2.7588  0.7934
   270   110   300  2.7321  0.7870
   270   104   303  2.6621  0.7654
   266   107   297  3.9530  1.3312
   265   107   297  3.9344  1.3217
   266   108   297  3.9184  1.3135
   267   107   297  3.9072  1.3078
   266   106   297  3.9038  1.3061
   265   106   297  3.8964  1.3023
   265   108   297  3.8884  1.2982
   267   108   297  3.8849  1.2965
   264   107   297  3.8537  1.2807
   267   106   297  3.8483  1.2780
   263   107   301  3.8301  1.2840
   264   106   297  3.8273  1.2675
   266   109   297  3.8017  1.2547
   268   107   297  3.8002  1.2540
   264   108   297  3.7976  1.2527
   263   106   301  3.7925  1.2650
   268   108   297  3.7904  1.2491
   263   108   301  3.7895  1.2635
   263   107   304  3.7832  1.2717
   267   109   297  3.7827  1.2453
   265   105   297  3.7821  1.2450
   265   107   305  3.7809  1.2743
   266   105   297  3.7793  1.2436
   263   106   304  3.7702  1.2650
   265   109   297  3.7602  1.2341
   265   108   305  3.7560  1.2616
   266   107   305  3.7536  1.2604
   264   107   305  3.7470  1.2571
   266   108   305  3.7369  1.2520
   268   106   297  3.7337  1.2211
   263   108   304  3.7303  1.2449
   264   105   297  3.7253  1.2170
   265   106   305  3.7187  1.2428
   263   107   297  3.7170  1.2129
   267   105   297  3.7168  1.2129
   264   108   305  3.7150  1.2409
   268   109   297  3.7051  1.2071
   263   106   297  3.7015  1.2054
   263   105   304  3.6918  1.2257
   264   106   305  3.6915  1.2291
   266   106   305  3.6855  1.2261
   263   105   301  3.6829  1.2104
   263   109   301  3.6731  1.2056
   267   107   305  3.6668  1.2168
   264   109   297  3.6614  1.1860
   267   108   305  3.6592  1.2130
   271   108   301  3.6563  1.1974
   263   107   305  3.6550  1.2110
   263   108   297  3.6531  1.1820
   271   107   301  3.6473  1.1930
   265   109   305  3.6468  1.2069
   269   108   297  3.6429  1.1771
   269   107   297  3.6407  1.1760
   266   109   305  3.6377  1.2024
   263   108   305  3.6173  1.1924
   263   109   304  3.6164  1.1884
   267   111   301  3.6153  1.1775
   266   110   297  3.6145  1.1635
   263   105   297  3.6129  1.1627
   267   110   297  3.6117  1.1621
   263   106   305  3.6066  1.1871
   265   104   297  3.6062  1.1595
   268   105   297  3.5991  1.1561
   264   109   305  3.5989  1.1833
   268   111   301  3.5980  1.1691
   266   104   297  3.5949  1.1541
   267   106   305  3.5939  1.1809
   271   109   301  3.5897  1.1651
   266   111   301  3.5836  1.1622
   265   105   305  3.5770  1.1726
   269   109   297  3.5761  1.1452
   267   109   305  3.5724  1.1704
   269   106   297  3.5687  1.1417
   271   106   301  3.5685  1.1549
   265   110   297  3.5617  1.1385
   264   104   297  3.5616  1.1384
   264   105   305  3.5560  1.1624
   263   107   299  3.5555  1.1421
   268   110   297  3.5546  1.1351
   263   104   304  3.5535  1.1578
   266   105   305  3.5406  1.1550
   268   108   305  3.5294  1.1495
   269   111   301  3.5291  1.1361
   267   104   297  3.5285  1.1228
   268   107   305  3.5278  1.1488
   263   104   301  3.5145  1.1292
   263   109   297  3.5127  1.1154
   263   108   299  3.5125  1.1217
   263   106   299  3.5124  1.1217
   265   111   301  3.5093  1.1267
   266   103   301  3.4982  1.1215
   263   109   305  3.4973  1.1341
   263   110   301  3.4924  1.1187
   267   103   301  3.4913  1.1182
   263   105   305  3.4797  1.1257
   266   110   305  3.4678  1.1200
   265   103   301  3.4677  1.1071
   265   110   305  3.4664  1.1194
   263   104   297  3.4635  1.0926
   264   110   297  3.4571  1.0896
   268   109   305  3.4567  1.1148
   270   108   297  3.4549  1.0887
   263   110   304  3.4520  1.1093
   268   106   305  3.4519  1.1125
   271   110   301  3.4514  1.0995
   269   110   297  3.4494  1.0861
   267   105   305  3.4492  1.1112
   268   103   301  3.4447  1.0963
   265   103   304  3.4440  1.1056
   270   107   297  3.4413  1.0824
   269   105   297  3.4349  1.0795
   271   105   301  3.4338  1.0913
   264   103   304  3.4270  1.0976
   263   107   303  3.4217  1.0919
   266   103   304  3.4182  1.0934
   267   110   305  3.4169  1.0960
   264   110   305  3.4122  1.0938
   268   104   297  3.4120  1.0690
   270   111   301  3.4116  1.0810
   270   109   297  3.4073  1.0668
   264   103   301  3.4023  1.0767
   264   111   301  3.4006  1.0759
   266   111   304  3.3913  1.0809
   267   111   297  3.3906  1.0592
   265   111   304  3.3897  1.0801
   263   105   299  3.3882  1.0641
   263   109   299  3.3872  1.0637
   265   103   297  3.3871  1.0576
   263   108   303  3.3841  1.0744
   263   106   303  3.3834  1.0741
   263   107   300  3.3801  1.0634
   266   111   297  3.3765  1.0528
   265   104   305  3.3735  1.0757
   266   103   297  3.3696  1.0497
   270   106   297  3.3661  1.0481
   263   103   304  3.3635  1.0680
   269   108   305  3.3593  1.0691
   264   104   305  3.3579  1.0684
   269   103   301  3.3572  1.0560
   263   106   300  3.3565  1.0527
   268   111   297  3.3561  1.0436
   267   111   304  3.3543  1.0637
   267   103   304  3.3542  1.0636
   264   103   297  3.3530  1.0422
   263   107   302  3.3511  1.0562
   269   107   305  3.3494  1.0645
   264   111   304  3.3442  1.0590
   266   104   305  3.3366  1.0586
   263   108   300  3.3290  1.0402
   271   107   299  3.3270  1.0363
   268   110   305  3.3185  1.0502
   263   106   302  3.3179  1.0410
   263   108   302  3.3158  1.0400
   265   111   297  3.3132  1.0244
   268   105   305  3.3109  1.0467
   263   110   305  3.3083  1.0455
   263   110   297  3.3077  1.0219
   270   110   297  3.3061  1.0212
   263   103   301  3.3046  1.0320
   271   108   299  3.3038  1.0259
   267   103   297  3.3027  1.0197
   269   109   305  3.3013  1.0423
   263   104   305  3.2910  1.0376
   268   111   304  3.2854  1.0321
   271   106   299  3.2797  1.0151
   269   111   297  3.2779  1.0087
   263   109   303  3.2771  1.0254
   269   106   305  3.2728  1.0293
   263   105   303  3.2716  1.0230
   263   103   297  3.2686  1.0045
   263   111   301  3.2654  1.0144
   263   105   300  3.2631  1.0105
   271   104   301  3.2613  1.0126
   268   103   304  3.2576  1.0195
   269   104   297  3.2543  0.9982
   271   111   301  3.2540  1.0093
   263   111   304  3.2517  1.0168
   267   104   305  3.2500  1.0190
   271   107   304  3.2499  1.0160
   266   111   305  3.2459  1.0171
   271   108   304  3.2420  1.0125
   271   108   297  3.2409  0.9923
   270   105   297  3.2368  0.9905
   265   111   305  3.2344  1.0119
   270   103   301  3.2304  0.9988
   263   105   302  3.2232  0.9984
   271   107   297  3.2171  0.9819
   271   109   299  3.2155  0.9866
   263   109   302  3.2124  0.9936
   271   109   297  3.2119  0.9796
   267   111   305  3.2097  1.0008
   271   106   304  3.2087  0.9975
   263   109   300  3.2058  0.9851
   264   111   297  3.2046  0.9764
   263   104   299  3.1954  0.9778
   263   110   299  3.1937  0.9771
   269   111   304  3.1921  0.9901
   268   103   297  3.1917  0.9708
   271   109   304  3.1869  0.9878
   269   110   305  3.1819  0.9884
   264   111   305  3.1751  0.9853
   271   105   299  3.1667  0.9653
   270   111   297  3.1642  0.9589
   270   108   305  3.1640  0.9804
   270   107   305  3.1477  0.9731
   266   103   299  3.1465  0.9565
   271   106   297  3.1407  0.9488
   269   105   305  3.1388  0.9692
   267   103   299  3.1385  0.9530
   271   110   297  3.1363  0.9469
   269   103   304  3.1345  0.9646
   265   103   305  3.1317  0.9661
   268   111   305  3.1299  0.9653
   268   104   305  3.1216  0.9616
   271   105   304  3.1210  0.9587
   264   103   305  3.1203  0.9611
   270   109   305  3.1194  0.9607
   265   103   299  3.1178  0.9441
   263   110   303  3.1148  0.9533
   267   111   299  3.1130  0.9420
   263   104   300  3.1101  0.9434
   266   111   299  3.1083  0.9400
   263   104   303  3.0969  0.9455
   266   103   305  3.0968  0.9507
   268   103   299  3.0955  0.9345
   268   111   299  3.0948  0.9342
   263   108   298  3.0922  0.9306
   271   110   304  3.0898  0.9450
   270   111   304  3.0815  0.9414
   266   111   303  3.0812  0.9387
   265   111   299  3.0809  0.9283
   263   104   302  3.0796  0.9354
   271   110   299  3.0767  0.9265
   263   107   298  3.0744  0.9230
   270   106   305  3.0728  0.9403
   263   111   305  3.0710  0.9395
   271   103   301  3.0690  0.9283
   270   104   297  3.0671  0.9174
   265   111   303  3.0658  0.9320
   263   103   305  3.0631  0.9361
   263   111   297  3.0575  0.9133
   267   111   303  3.0553  0.9275
   269   111   299  3.0540  0.9168
   264   103   299  3.0521  0.9160
   263   110   302  3.0494  0.9224
   269   103   297  3.0451  0.9081
   263   109   298  3.0419  0.9092
   264   111   299  3.0301  0.9067
   271   111   297  3.0243  0.8994
   269   103   299  3.0211  0.9029
   263   110   300  3.0203  0.9050
   267   103   305  3.0188  0.9169
   270   110   305  3.0187  0.9169
   271   105   297  3.0186  0.8970
   265   103   300  3.0168  0.9035
   265   103   302  3.0160  0.9082
   269   111   305  3.0141  0.9149
   266   103   302  3.0139  0.9073
   266   103   300  3.0131  0.9020
   264   111   303  3.0096  0.9079
   271   104   299  3.0005  0.8943
   271   104   304  2.9930  0.9034
   263   106   298  2.9928  0.8886
   270   103   304  2.9913  0.9026
   270   111   299  2.9912  0.8904
   268   111   303  2.9912  0.9001
   271   108   298  2.9827  0.8844
   264   103   300  2.9822  0.8890
   264   103   302  2.9794  0.8927
   271   107   298  2.9791  0.8829
   267   103   302  2.9774  0.8918
   267   103   300  2.9708  0.8842
   269   104   305  2.9638  0.8934
   271   111   304  2.9589  0.8889
   271   108   305  2.9584  0.8911
   266   111   302  2.9563  0.8829
   263   111   299  2.9546  0.8751
   263   103   299  2.9505  0.8734
   270   105   305  2.9491  0.8872
   265   111   302  2.9472  0.8791
   267   111   302  2.9420  0.8769
   271   107   305  2.9384  0.8827
   265   103   303  2.9364  0.8770
   271   109   298  2.9303  0.8627
   264   103   303  2.9293  0.8740
   263   110   298  2.9272  0.8614
   271   109   305  2.9249  0.8770
   271   106   298  2.9239  0.8601
   271   108   303  2.9226  0.8712
   271   108   302  2.9223  0.8687
   271   107   302  2.9216  0.8684
   270   103   299  2.9203  0.8609
   263   111   303  2.9156  0.8683
   268   103   302  2.9127  0.8647
   263   103   300  2.9112  0.8594
   264   111   302  2.9104  0.8638
   268   111   302  2.9086  0.8630
   271   111   299  2.9083  0.8560
   265   111   300  2.9060  0.8573
   268   103   305  2.9052  0.8687
   263   103   302  2.9017  0.8602
   266   103   303  2.8989  0.8613
   271   107   303  2.8982  0.8611
   266   111   300  2.8982  0.8541
   269   111   303  2.8957  0.8600
   268   103   300  2.8918  0.8515
   266   111   298  2.8883  0.8455
   271   109   302  2.8876  0.8543
   271   106   302  2.8852  0.8533
   271   109   303  2.8839  0.8551
   267   111   298  2.8795  0.8419
   263   103   303  2.8760  0.8518
   270   103   297  2.8737  0.8373
   265   111   298  2.8731  0.8393
   270   111   305  2.8725  0.8550
   264   111   300  2.8697  0.8424
   271   106   305  2.8683  0.8533
   271   104   297  2.8631  0.8330
   269   111   302  2.8604  0.8431
   263   105   298  2.8580  0.8332
   268   111   298  2.8504  0.8301
   271   107   300  2.8501  0.8344
   267   111   300  2.8495  0.8342
   263   111   302  2.8416  0.8354
   271   110   305  2.8412  0.8420
   271   103   304  2.8336  0.8367
   264   111   298  2.8307  0.8221
   269   103   302  2.8266  0.8293
   271   105   298  2.8265  0.8204
   271   106   300  2.8264  0.8248
   271   110   298  2.8234  0.8192
   267   103   303  2.8228  0.8300
   271   110   302  2.8226  0.8276
   271   105   302  2.8175  0.8256
   271   108   300  2.8159  0.8205
   271   106   303  2.8139  0.8264
   269   111   298  2.8042  0.8115
   270   111   302  2.8016  0.8191
   271   103   299  2.7985  0.8114
   270   104   305  2.7917  0.8217
   263   111   300  2.7892  0.8098
   271   110   303  2.7878  0.8157
   269   103   300  2.7806  0.8063
   270   111   303  2.7778  0.8117
   269   103   305  2.7672  0.8117
   268   111   300  2.7664  0.8006
   263   111   298  2.7592  0.7935
   271   105   305  2.7574  0.8077
   271   105   300  2.7512  0.7946
   270   111   298  2.7435  0.7873
   271   111   302  2.7355  0.7925
   270   103   302  2.7261  0.7888
   271   104   302  2.7257  0.7886
   271   109   300  2.7237  0.7837
   268   103   303  2.7177  0.7875
   271   111   305  2.7157  0.7909
   271   104   298  2.6985  0.7696
   271   103   297  2.6886  0.7638
   263   104   298  2.6840  0.7640
   271   105   303  2.6810  0.7729
   268   103   298  2.6808  0.7627
   267   103   298  2.6802  0.7625
   271   111   298  2.6696  0.7584
   269   103   298  2.6606  0.7549
   266   103   298  2.6599  0.7546
   269   111   300  2.6573  0.7575
   271   111   303  2.6478  0.7598
   270   103   300  2.6437  0.7523
   271   104   300  2.6349  0.7489
   265   103   298  2.6207  0.7395
   271   104   305  2.6196  0.7527
   270   103   298  2.6181  0.7385
   270   103   305  2.6179  0.7520
   271   103   302  2.6169  0.7458
   269   103   303  2.5947  0.7391
   271   110   300  2.5804  0.7278
   264   103   298  2.5624  0.7172
   271   103   298  2.5511  0.7129
   270   111   300  2.5319  0.7093
   271   104   303  2.5161  0.7088
   262   107   301  3.6563  1.1974
   262   107   304  3.6437  1.2018
   262   106   304  3.6356  1.1978
   262   106   301  3.6279  1.1835
   262   108   301  3.6112  1.1755
   262   108   304  3.5875  1.1743
   262   105   304  3.5636  1.1627
   262   107   297  3.5332  1.1250
   262   105   301  3.5302  1.1366
   262   106   297  3.5273  1.1223
   262   107   305  3.5105  1.1405
   262   109   301  3.4963  1.1206
   262   109   304  3.4722  1.1189
   262   106   305  3.4696  1.1209
   262   108   305  3.4686  1.1204
   262   108   297  3.4643  1.0930
   262   105   297  3.4517  1.0872
   262   104   304  3.4327  1.1002
   272   108   301  3.4239  1.0867
   262   107   299  3.4187  1.0781
   272   107   301  3.4118  1.0811
   262   108   299  3.3816  1.0611
   262   104   301  3.3747  1.0640
   262   106   299  3.3721  1.0568
   272   109   301  3.3672  1.0605
   262   105   305  3.3529  1.0661
   262   109   305  3.3473  1.0635
   272   106   301  3.3367  1.0466
   267   112   301  3.3288  1.0430
   262   109   297  3.3236  1.0290
   262   110   301  3.3235  1.0406
   262   104   297  3.3174  1.0263
   268   112   301  3.3150  1.0368
   262   110   304  3.3085  1.0427
   266   112   301  3.2989  1.0295
   262   107   303  3.2758  1.0248
   262   109   299  3.2645  1.0083
   269   112   301  3.2555  1.0100
   262   103   304  3.2511  1.0166
   262   105   299  3.2470  1.0005
   266   102   301  3.2466  1.0060
   262   107   302  3.2453  1.0083
   262   107   300  3.2452  1.0026
   272   110   301  3.2452  1.0054
   262   106   303  3.2448  1.0109
   267   102   301  3.2411  1.0035
   262   108   303  3.2361  1.0069
   265   112   301  3.2313  0.9992
   262   106   300  3.2271  0.9945
   265   102   301  3.2187  0.9936
   262   108   302  3.2121  0.9934
   272   105   301  3.2120  0.9906
   262   106   302  3.2091  0.9921
   265   102   304  3.2055  0.9961
   268   102   301  3.2004  0.9855
   262   108   300  3.1916  0.9789
   264   102   304  3.1903  0.9893
   266   102   304  3.1818  0.9855
   262   103   301  3.1768  0.9751
   262   104   305  3.1768  0.9861
   266   112   304  3.1765  0.9832
   265   112   304  3.1699  0.9803
   262   110   305  3.1600  0.9786
   264   102   301  3.1593  0.9674
   272   107   299  3.1541  0.9598
   270   112   301  3.1533  0.9648
   267   112   304  3.1474  0.9703
   262   105   303  3.1445  0.9663
   265   102   297  3.1423  0.9494
   267   112   297  3.1417  0.9492
   262   105   300  3.1410  0.9568
   272   108   299  3.1392  0.9533
   262   103   297  3.1383  0.9477
   264   112   301  3.1337  0.9562
   263   102   304  3.1323  0.9636
   262   109   303  3.1321  0.9609
   268   112   297  3.1298  0.9441
   267   102   304  3.1239  0.9599
   269   102   301  3.1238  0.9519
   262   110   297  3.1228  0.9411
   264   112   304  3.1226  0.9594
   266   102   297  3.1222  0.9408
   264   102   297  3.1159  0.9381
   266   112   297  3.1113  0.9362
   262   111   304  3.1110  0.9543
   262   105   302  3.1108  0.9489
   262   111   301  3.1103  0.9461
   262   109   302  3.1096  0.9484
   272   106   299  3.1062  0.9391
   268   112   304  3.0890  0.9447
   262   110   299  3.0809  0.9283
   269   112   297  3.0792  0.9225
   263   102   301  3.0701  0.9288
   272   111   301  3.0696  0.9285
   262   109   300  3.0695  0.9260
   272   108   304  3.0687  0.9359
   272   107   304  3.0681  0.9356
   272   109   299  3.0666  0.9222
   267   102   297  3.0583  0.9137
   262   104   299  3.0555  0.9175
   272   104   301  3.0548  0.9222
   263   102   297  3.0433  0.9074
   265   112   297  3.0388  0.9055
   268   102   304  3.0367  0.9221
   263   112   304  3.0315  0.9198
   262   102   304  3.0285  0.9185
   272   109   304  3.0255  0.9173
   272   106   304  3.0229  0.9161
   271   112   301  3.0168  0.9060
   272   108   297  3.0146  0.8953
   263   112   301  3.0137  0.9047
   270   102   301  3.0124  0.9042
   269   112   304  3.0082  0.9099
   272   109   297  3.0024  0.8902
   272   105   299  2.9997  0.8939
   262   104   300  2.9965  0.8950
   270   112   297  2.9960  0.8876
   266   112   305  2.9936  0.9061
   262   108   298  2.9858  0.8857
   262   104   303  2.9839  0.8970
   272   107   297  2.9825  0.8819
   262   110   303  2.9772  0.8942
   265   112   305  2.9738  0.8977
   267   112   305  2.9708  0.8964
   262   107   298  2.9702  0.8792
   262   104   302  2.9634  0.8859
   262   103   305  2.9627  0.8930
   268   102   297  2.9564  0.8711
   262   102   301  2.9524  0.8789
   272   110   297  2.9506  0.8687
   272   110   299  2.9501  0.8732
   262   110   302  2.9462  0.8787
   272   110   304  2.9428  0.8821
   272   105   304  2.9362  0.8793
   262   109   298  2.9346  0.8645
   264   112   297  2.9280  0.8595
   262   102   297  2.9275  0.8592
   262   111   305  2.9268  0.8778
   269   102   304  2.9256  0.8749
   270   112   304  2.9116  0.8690
   264   112   305  2.9113  0.8712
   268   112   305  2.9087  0.8702
   272   106   297  2.9068  0.8508
   262   112   304  2.8955  0.8623
   262   106   298  2.8912  0.8467
   262   110   300  2.8893  0.8504
   271   112   297  2.8875  0.8429
   272   103   301  2.8817  0.8496
   262   111   297  2.8802  0.8400
   272   108   298  2.8770  0.8409
   262   112   301  2.8769  0.8476
   265   102   305  2.8754  0.8562
   272   107   298  2.8732  0.8393
   271   102   301  2.8702  0.8449
   264   102   305  2.8671  0.8528
   272   111   297  2.8670  0.8346
   266   102   299  2.8629  0.8374
   267   102   299  2.8598  0.8361
   272   112   301  2.8583  0.8400
   267   112   299  2.8575  0.8352
   266   112   303  2.8534  0.8425
   262   111   299  2.8526  0.8332
   268   112   299  2.8524  0.8331
   272   104   299  2.8461  0.8306
   266   112   299  2.8453  0.8302
   266   102   305  2.8445  0.8434
   266   102   302  2.8412  0.8352
   265   112   303  2.8369  0.8357
   267   112   303  2.8336  0.8344
   265   102   299  2.8329  0.8252
   265   102   302  2.8321  0.8315
   269   112   299  2.8299  0.8240
   272   109   298  2.8277  0.8209
   272   111   304  2.8275  0.8341
   268   102   299  2.8259  0.8224
   269   102   297  2.8245  0.8175
   262   110   298  2.8213  0.8183
   272   106   298  2.8198  0.8177
   263   102   305  2.8189  0.8328
   267   102   302  2.8170  0.8254
   265   112   299  2.8155  0.8182
   272   104   304  2.8144  0.8288
   262   103   299  2.8142  0.8177
   269   112   305  2.8138  0.8307
   263   112   305  2.8089  0.8287
   272   111   299  2.8085  0.8154
   272   108   302  2.8067  0.8212
   262   103   300  2.8064  0.8167
   271   112   304  2.8039  0.8245
   272   107   302  2.7996  0.8183
   270   102   304  2.7961  0.8213
   272   105   297  2.7938  0.8052
   270   112   299  2.7899  0.8079
   262   111   303  2.7884  0.8160
   264   102   302  2.7867  0.8131
   263   112   297  2.7852  0.8018
   264   112   303  2.7845  0.8144
   272   109   302  2.7832  0.8117
   262   103   302  2.7824  0.8114
   265   102   300  2.7804  0.8062
   266   102   300  2.7801  0.8061
   268   112   303  2.7798  0.8125
   262   103   303  2.7782  0.8118
   267   102   305  2.7777  0.8160
   264   102   299  2.7691  0.7996
   264   112   299  2.7670  0.7988
   269   102   299  2.7647  0.7978
   268   102   302  2.7645  0.8041
   272   106   302  2.7611  0.8028
   272   112   297  2.7605  0.7920
   262   105   298  2.7585  0.7933
   267   112   302  2.7580  0.8015
   272   108   303  2.7574  0.8034
   272   108   305  2.7552  0.8068
   266   112   302  2.7546  0.8001
   264   102   300  2.7468  0.7928
   267   102   300  2.7455  0.7923
   268   112   302  2.7447  0.7962
   262   111   302  2.7370  0.7931
   272   107   305  2.7347  0.7986
   272   110   302  2.7334  0.7917
   271   112   299  2.7332  0.7853
   262   102   305  2.7321  0.7975
   272   107   303  2.7315  0.7930
   265   112   302  2.7308  0.7906
   272   109   305  2.7297  0.7965
   272   110   298  2.7271  0.7809
   272   109   303  2.7254  0.7906
   272   105   298  2.7254  0.7802
   269   112   302  2.7179  0.7855
   272   102   301  2.7041  0.7780
   263   102   302  2.7034  0.7797
   263   112   303  2.6990  0.7800
   263   112   299  2.6982  0.7715
   269   112   303  2.6977  0.7795
   272   105   302  2.6949  0.7764
   270   112   305  2.6945  0.7824
   269   102   302  2.6896  0.7743
   272   112   304  2.6878  0.7777
   264   112   302  2.6831  0.7717
   268   102   305  2.6819  0.7774
   263   102   300  2.6809  0.7668
   270   112   302  2.6806  0.7707
   270   102   299  2.6804  0.7646
   268   102   300  2.6782  0.7657
   266   112   298  2.6762  0.7610
   265   102   303  2.6738  0.7701
   270   102   297  2.6720  0.7573
   272   106   305  2.6720  0.7734
   263   102   299  2.6715  0.7611
   264   102   303  2.6712  0.7690
   262   112   305  2.6709  0.7730
   267   112   298  2.6685  0.7580
   262   111   300  2.6674  0.7615
   272   103   304  2.6659  0.7690
   272   111   302  2.6643  0.7643
   265   112   298  2.6616  0.7553
   272   112   299  2.6616  0.7572
   272   103   299  2.6613  0.7571
   272   107   300  2.6603  0.7587
   272   110   305  2.6602  0.7688
   262   111   298  2.6576  0.7537
   272   104   297  2.6540  0.7504
   271   102   304  2.6527  0.7638
   272   106   303  2.6512  0.7612
   268   112   298  2.6420  0.7477
   272   110   303  2.6403  0.7569
   266   102   303  2.6384  0.7561
   265   112   300  2.6365  0.7494
   272   106   300  2.6353  0.7490
   271   112   302  2.6350  0.7528
   272   108   300  2.6329  0.7481
   266   112   300  2.6282  0.7462
   263   102   303  2.6280  0.7520
   264   112   298  2.6217  0.7398
   262   112   297  2.6179  0.7365
   263   112   302  2.6076  0.7421
   272   104   302  2.6069  0.7418
   262   112   299  2.6067  0.7360
   264   112   300  2.6050  0.7373
   272   104   298  2.6010  0.7319
   269   112   298  2.6003  0.7317
   270   102   302  2.5983  0.7385
   270   112   303  2.5952  0.7392
   262   104   298  2.5854  0.7260
   262   102   300  2.5849  0.7295
   267   112   300  2.5839  0.7291
   262   112   303  2.5835  0.7347
   272   112   302  2.5830  0.7326
   272   111   298  2.5827  0.7249
   262   102   302  2.5820  0.7322
   269   102   300  2.5817  0.7283
   271   102   299  2.5776  0.7249
   272   105   305  2.5757  0.7356
   267   102   303  2.5708  0.7298
   269   102   305  2.5665  0.7320
   272   105   300  2.5644  0.7217
   271   112   305  2.5602  0.7295
   263   112   298  2.5548  0.7143
   272   111   305  2.5535  0.7269
   272   109   300  2.5528  0.7173
   270   112   298  2.5461  0.7110
   262   102   303  2.5449  0.7198
   262   102   299  2.5411  0.7109
   263   112   300  2.5334  0.7099
   272   105   303  2.5279  0.7133
   272   111   303  2.5145  0.7082
   268   112   300  2.5100  0.7010
   271   102   297  2.5083  0.6950
   272   103   302  2.5031  0.7020
   268   102   298  2.5016  0.6943
   262   112   302  2.5008  0.7011
   261   107   301  3.4556  1.1014
   261   107   304  3.4496  1.1082
   261   106   304  3.4466  1.1068
   261   106   301  3.4349  1.0918
   261   108   301  3.4083  1.0795
   261   108   304  3.3908  1.0806
   261   105   304  3.3818  1.0764
   261   105   301  3.3489  1.0521
   261   107   305  3.3204  1.0511
   261   106   297  3.3143  1.0248
   261   107   297  3.3126  1.0241
   261   109   301  3.2979  1.0290
   261   106   305  3.2869  1.0357
   261   109   304  3.2756  1.0277
   261   108   305  3.2754  1.0305
   261   104   304  3.2599  1.0205
   261   105   297  3.2506  0.9966
   261   107   299  3.2459  1.0001
   261   108   297  3.2415  0.9926
   261   108   299  3.2152  0.9865
   261   104   301  3.2066  0.9882
   261   106   299  3.1959  0.9781
   261   105   305  3.1817  0.9883
   273   108   301  3.1740  0.9739
   273   107   301  3.1585  0.9671
   261   109   305  3.1553  0.9765
   261   110   301  3.1362  0.9573
   261   104   297  3.1314  0.9448
   273   109   301  3.1285  0.9540
   261   110   304  3.1149  0.9560
   261   109   299  3.1076  0.9397
   261   109   297  3.1042  0.9331
   261   107   302  3.0910  0.9403
   261   107   303  3.0899  0.9425
   261   103   304  3.0886  0.9445
   273   106   301  3.0876  0.9363
   261   105   299  3.0703  0.9238
   261   107   300  3.0687  0.9256
   261   106   303  3.0645  0.9315
   261   108   302  3.0605  0.9272
   261   106   300  3.0576  0.9209
   261   106   302  3.0522  0.9236
   261   108   303  3.0506  0.9255
   273   110   301  3.0250  0.9095
   267   113   301  3.0240  0.9091
   261   103   301  3.0214  0.9080
   261   104   305  3.0204  0.9176
   261   108   300  3.0123  0.9017
   268   113   301  3.0121  0.9040
   266   113   301  2.9989  0.8985
   266   101   301  2.9890  0.8943
   267   101   301  2.9863  0.8931
   261   105   300  2.9814  0.8887
   261   105   303  2.9750  0.8933
   273   105   301  2.9738  0.8879
   261   110   305  2.9729  0.8973
   261   103   297  2.9685  0.8761
   273   107   299  2.9674  0.8804
   265   101   301  2.9624  0.8831
   269   113   301  2.9617  0.8828
   261   109   302  2.9609  0.8849
   273   108   299  2.9605  0.8776
   268   101   301  2.9529  0.8791
   266   113   304  2.9528  0.8863
   261   109   303  2.9526  0.8838
   261   105   302  2.9518  0.8811
   265   113   304  2.9423  0.8819
   265   113   301  2.9418  0.8745
   261   111   301  2.9398  0.8737
   265   101   304  2.9387  0.8804
   261   110   299  2.9361  0.8674
   267   113   304  2.9306  0.8769
   264   101   304  2.9239  0.8741
   261   111   304  2.9231  0.8738
   273   106   299  2.9197  0.8606
   266   101   304  2.9192  0.8722
   261   110   297  2.9116  0.8527
   264   101   301  2.9075  0.8602
   273   109   299  2.9042  0.8542
   268   113   297  2.8947  0.8458
   264   113   304  2.8942  0.8617
   261   109   300  2.8923  0.8517
   269   101   301  2.8885  0.8524
   273   108   304  2.8876  0.8590
   265   101   297  2.8862  0.8424
   267   113   297  2.8860  0.8423
   268   113   304  2.8815  0.8564
   261   104   299  2.8811  0.8448
   273   107   304  2.8785  0.8552
   261   102   304  2.8773  0.8547
   270   113   301  2.8758  0.8472
   273   111   301  2.8740  0.8464
   263   101   304  2.8705  0.8519
   267   101   304  2.8698  0.8516
   269   113   297  2.8696  0.8356
   266   101   297  2.8673  0.8347
   264   101   297  2.8638  0.8333
   264   113   301  2.8594  0.8405
   273   109   304  2.8564  0.8460
   261   104   300  2.8485  0.8338
   261   108   298  2.8454  0.8281
   266   113   297  2.8414  0.8242
   273   104   301  2.8329  0.8296
   261   107   298  2.8328  0.8230
   273   106   304  2.8295  0.8350
   261   104   303  2.8295  0.8327
   263   101   301  2.8249  0.8264
   261   103   305  2.8230  0.8345
   273   105   299  2.8207  0.8203
   270   113   297  2.8151  0.8137
   269   113   304  2.8121  0.8278
   273   110   299  2.8105  0.8162
   267   101   297  2.8102  0.8117
   261   110   303  2.8081  0.8240
   261   102   301  2.8076  0.8194
   263   113   304  2.8058  0.8253
   261   104   302  2.8033  0.8198
   261   110   302  2.8003  0.8186
   263   101   297  2.7997  0.8075
   268   101   304  2.7949  0.8208
   261   109   298  2.7938  0.8073
   270   101   301  2.7936  0.8137
   273   109   297  2.7887  0.8032
   273   110   304  2.7881  0.8180
   273   108   297  2.7869  0.8025
   262   101   304  2.7750  0.8127
   261   102   297  2.7738  0.7973
   271   113   301  2.7623  0.8011
   265   113   297  2.7616  0.7924
   261   106   298  2.7583  0.7932
   263   113   301  2.7580  0.7994
   273   110   297  2.7576  0.7908
   273   108   298  2.7501  0.7900
   273   107   297  2.7489  0.7874
   261   111   305  2.7478  0.8039
   273   107   298  2.7441  0.7876
   273   105   304  2.7441  0.8002
   271   113   297  2.7367  0.7826
   266   113   305  2.7317  0.7974
   270   113   304  2.7283  0.7938
   261   112   301  2.7270  0.7870
   261   111   299  2.7219  0.7809
   268   101   297  2.7203  0.7762
   267   113   305  2.7198  0.7926
   261   110   300  2.7195  0.7820
   261   112   304  2.7158  0.7889
   262   101   301  2.7148  0.7822
   273   109   298  2.7062  0.7727
   265   113   305  2.7059  0.7870
   273   111   297  2.6994  0.7680
   269   101   304  2.6988  0.7820
   273   111   299  2.6963  0.7708
   262   101   297  2.6958  0.7666
   273   112   301  2.6917  0.7731
   273   106   298  2.6911  0.7667
   273   108   302  2.6909  0.7748
   273   111   304  2.6884  0.7779
   261   110   298  2.6835  0.7638
   261   111   297  2.6812  0.7609
   273   104   299  2.6808  0.7647
   273   103   301  2.6795  0.7683
   273   109   302  2.6778  0.7696
   273   107   302  2.6776  0.7695
   262   113   304  2.6762  0.7731
   273   106   297  2.6757  0.7588
   268   113   305  2.6730  0.7738
   271   101   301  2.6712  0.7650
   261   103   300  2.6708  0.7628
   266   101   302  2.6556  0.7609
   264   113   297  2.6503  0.7489
   261   103   299  2.6449  0.7508
   267   101   302  2.6441  0.7564
   264   113   305  2.6425  0.7617
   262   113   301  2.6422  0.7536
   273   110   302  2.6421  0.7556
   261   103   303  2.6410  0.7571
   272   113   297  2.6394  0.7448
   273   106   302  2.6370  0.7536
   265   101   302  2.6358  0.7531
   261   101   304  2.6354  0.7570
   271   113   304  2.6342  0.7565
   261   111   303  2.6325  0.7538
   272   113   301  2.6318  0.7496
   261   105   298  2.6303  0.7432
   273   104   304  2.6287  0.7543
   268   113   299  2.6250  0.7431
   265   101   305  2.6235  0.7543
   261   103   302  2.6223  0.7478
   266   113   303  2.6208  0.7492
   273   112   297  2.6207  0.7376
   269   113   299  2.6201  0.7412
   267   113   299  2.6171  0.7400
   264   101   305  2.6167  0.7516
   273   110   298  2.6147  0.7372
   261   102   305  2.6092  0.7486
   267   113   303  2.6052  0.7432
   269   101   297  2.6051  0.7316
   265   113   303  2.6048  0.7430
   268   101   302  2.6044  0.7409
   270   113   299  2.6018  0.7341
   273   105   298  2.5986  0.7310
   273   108   303  2.5984  0.7405
   266   101   305  2.5980  0.7442
   269   113   305  2.5969  0.7438
   266   113   299  2.5967  0.7322
   261   111   302  2.5937  0.7368
   273   111   302  2.5895  0.7351
   270   101   304  2.5857  0.7375
   264   101   302  2.5824  0.7324
   273   112   299  2.5782  0.7251
   261   101   301  2.5778  0.7287
   263   101   305  2.5759  0.7356
   268   113   302  2.5748  0.7294
   273   105   297  2.5729  0.7193
   273   107   303  2.5724  0.7304
   273   105   302  2.5718  0.7283
   273   109   303  2.5716  0.7301
   271   113   299  2.5698  0.7219
   269   113   302  2.5693  0.7273
   267   113   302  2.5678  0.7268
   267   101   299  2.5652  0.7201
   273   112   304  2.5646  0.7293
   273   108   305  2.5634  0.7308
   265   113   299  2.5634  0.7194
   266   101   299  2.5615  0.7187
   268   113   303  2.5603  0.7257
   264   113   303  2.5575  0.7247
   261   101   297  2.5565  0.7131
   270   113   302  2.5531  0.7211
   266   113   302  2.5462  0.7184
   273   107   305  2.5453  0.7237
   263   113   305  2.5438  0.7232
   267   101   305  2.5437  0.7231
   268   101   299  2.5429  0.7117
   273   109   305  2.5427  0.7228
   269   101   302  2.5412  0.7166
   272   113   304  2.5325  0.7169
   265   101   299  2.5294  0.7065
   266   101   300  2.5292  0.7083
   273   113   297  2.5279  0.7024
   271   113   302  2.5276  0.7114
   261   111   298  2.5268  0.7037
   272   101   301  2.5263  0.7090
   265   101   300  2.5262  0.7071
   273   112   302  2.5253  0.7105
   272   113   299  2.5248  0.7048
   273   102   301  2.5230  0.7077
   264   113   299  2.5158  0.7014
   261   113   301  2.5145  0.7045
   273   103   299  2.5139  0.7007
   263   113   297  2.5132  0.6968
   261   111   300  2.5100  0.7010
   265   113   302  2.5072  0.7036
   261   113   304  2.5065  0.7070
   267   101   300  2.5027  0.6983
   261   112   305  2.5024  0.7072
   262   101   305  2.5011  0.7067
   260   107   301  3.2336  1.0002
   260   106   301  3.2190  0.9937
   260   106   304  3.2058  0.9962
   260   107   304  3.2038  0.9953
   260   108   301  3.1864  0.9793
   260   105   304  3.1487  0.9709
   260   105   301  3.1436  0.9605
   260   108   304  3.1433  0.9685
   260   107   305  3.0909  0.9482
   260   109   301  3.0830  0.9343
   260   106   297  3.0729  0.9198
   260   107   297  3.0657  0.9168
   260   106   305  3.0648  0.9368
   260   108   305  3.0440  0.9278
   260   104   304  3.0369  0.9221
   260   107   299  3.0361  0.9092
   260   109   304  3.0299  0.9192
   260   105   297  3.0197  0.8975
   260   104   301  3.0140  0.9048
   260   108   299  3.0119  0.8990
   260   108   297  2.9949  0.8871
   260   106   299  2.9834  0.8871
   260   105   305  2.9721  0.8969
   260   110   301  2.9349  0.8716
   260   109   305  2.9272  0.8779
   274   108   301  2.9248  0.8674
   260   109   299  2.9149  0.8587
   260   104   297  2.9146  0.8539
   274   107   301  2.9054  0.8594
   274   109   301  2.8914  0.8536
   260   107   302  2.8884  0.8547
   260   103   304  2.8776  0.8548
   260   110   304  2.8747  0.8536
   260   107   303  2.8728  0.8505
   260   109   297  2.8638  0.8333
   260   108   302  2.8610  0.8434
   260   105   299  2.8587  0.8357
   260   107   300  2.8568  0.8372
   260   106   300  2.8534  0.8357
   260   106   303  2.8514  0.8417
   260   106   302  2.8481  0.8381
   260   103   301  2.8411  0.8330
   274   106   301  2.8385  0.8319
   260   108   303  2.8356  0.8352
   260   104   305  2.8271  0.8362
   274   110   301  2.8075  0.8193
   260   108   300  2.7980  0.8133
   260   105   300  2.7889  0.8097
   274   108   299  2.7765  0.8025
   274   107   299  2.7754  0.8021
   260   105   303  2.7720  0.8093
   260   103   297  2.7679  0.7949
   260   109   302  2.7659  0.8047
   260   110   299  2.7578  0.7951
   260   111   301  2.7572  0.7991
   260   110   305  2.7528  0.8059
   260   105   302  2.7479  0.7975
   260   109   303  2.7454  0.7986
   274   109   299  2.7360  0.7864
   274   105   301  2.7352  0.7903
   267   100   301  2.7333  0.7896
   266   100   301  2.7332  0.7895
   266   114   304  2.7307  0.7948
   274   106   299  2.7281  0.7833
   267   114   301  2.7246  0.7861
   265   114   304  2.7173  0.7895
   267   114   304  2.7140  0.7881
   268   114   301  2.7133  0.7816
   268   100   301  2.7073  0.7792
   265   100   301  2.7073  0.7792
   266   114   301  2.7061  0.7788
   274   108   304  2.6995  0.7823
   260   111   304  2.6919  0.7793
   260   110   297  2.6828  0.7615
   274   107   304  2.6825  0.7756
   274   111   301  2.6824  0.7694
   260   109   300  2.6817  0.7671
   274   109   304  2.6800  0.7746
   260   102   304  2.6799  0.7745
   260   104   299  2.6737  0.7620
   268   114   304  2.6729  0.7717
   260   108   298  2.6716  0.7592
   269   114   301  2.6715  0.7651
   260   104   300  2.6701  0.7626
   264   114   304  2.6697  0.7705
   268   114   297  2.6655  0.7548
   274   110   299  2.6649  0.7585
   260   107   298  2.6622  0.7555
   269   114   297  2.6619  0.7534
   265   114   301  2.6617  0.7613
   264   100   301  2.6557  0.7589
   265   100   304  2.6551  0.7647
   269   100   301  2.6547  0.7585
   260   103   305  2.6483  0.7641
   266   100   304  2.6418  0.7595
   260   104   303  2.6413  0.7573
   267   114   297  2.6400  0.7450
   264   100   304  2.6388  0.7583
   260   102   301  2.6376  0.7518
   274   105   299  2.6370  0.7477
   270   114   297  2.6324  0.7420
   274   106   304  2.6302  0.7549
   265   100   297  2.6282  0.7404
   274   110   304  2.6261  0.7533
   260   109   298  2.6207  0.7395
   266   100   297  2.6142  0.7351
   269   114   304  2.6132  0.7482
   260   110   303  2.6129  0.7462
   260   110   302  2.6111  0.7435
   274   104   301  2.6097  0.7410
   264   100   297  2.6057  0.7318
   267   100   304  2.6030  0.7443
   270   114   301  2.6022  0.7381
   274   108   298  2.6022  0.7324
   260   104   302  2.6013  0.7397
   264   114   301  2.5964  0.7359
   260   106   298  2.5935  0.7290
   274   107   298  2.5921  0.7285
   260   102   297  2.5899  0.7258
   263   100   304  2.5884  0.7386
   263   114   304  2.5852  0.7373
   266   114   297  2.5842  0.7236
   271   114   297  2.5808  0.7224
   274   109   297  2.5782  0.7214
   263   100   301  2.5779  0.7287
   274   111   299  2.5774  0.7248
   270   100   301  2.5756  0.7279
   274   108   302  2.5756  0.7297
   274   109   302  2.5722  0.7285
   267   100   297  2.5668  0.7170
   260   112   301  2.5662  0.7242
   274   109   298  2.5662  0.7186
   274   108   297  2.5658  0.7166
   274   110   297  2.5640  0.7160
   260   111   299  2.5607  0.7184
   274   107   302  2.5562  0.7223
   274   110   302  2.5494  0.7197
   274   105   304  2.5467  0.7224
   263   100   297  2.5461  0.7092
   274   111   304  2.5425  0.7208
   268   100   304  2.5424  0.7207
   270   114   304  2.5403  0.7199
   260   111   305  2.5394  0.7215
   274   106   298  2.5381  0.7080
   274   112   301  2.5299  0.7104
   274   111   297  2.5273  0.7022
   274   107   297  2.5245  0.7011
   260   110   300  2.5187  0.7043
   260   110   298  2.5157  0.6996
   263   114   301  2.5148  0.7046
   274   106   302  2.5132  0.7059
   271   114   301  2.5119  0.7035
   274   111   302  2.5116  0.7053
   272   114   297  2.5112  0.6961
   274   104   299  2.5107  0.6995
   260   103   300  2.5073  0.7000
   262   100   304  2.5002  0.7046
   259   107   301  2.9960  0.8972
   259   106   301  2.9858  0.8929
   259   108   301  2.9508  0.8782
   259   105   301  2.9193  0.8651
   259   106   304  2.9190  0.8721
   259   107   304  2.9127  0.8694
   259   105   304  2.8698  0.8516
   259   109   301  2.8563  0.8392
   259   108   304  2.8517  0.8441
   259   107   305  2.8286  0.8369
   259   106   297  2.8134  0.8130
   259   106   305  2.8100  0.8292
   259   107   297  2.8023  0.8086
   259   104   301  2.8010  0.8167
   259   107   299  2.7892  0.8076
   259   108   305  2.7806  0.8172
   259   108   299  2.7713  0.8005
   259   105   297  2.7694  0.7955
   259   104   304  2.7688  0.8102
   259   109   304  2.7422  0.7995
   259   106   299  2.7353  0.7862
   259   108   297  2.7336  0.7814
   259   105   305  2.7304  0.7968
   259   110   301  2.7232  0.7855
   275   108   301  2.6921  0.7732
   259   109   299  2.6858  0.7667
   259   104   297  2.6773  0.7594
   275   109   301  2.6708  0.7648
   259   109   305  2.6690  0.7723
   275   107   301  2.6684  0.7639
   259   107   302  2.6411  0.7552
   259   103   301  2.6395  0.7526
   259   107   303  2.6328  0.7539
   259   103   304  2.6230  0.7521
   259   106   300  2.6212  0.7435
   259   107   300  2.6172  0.7420
   259   108   302  2.6167  0.7457
   259   106   303  2.6145  0.7468
   259   105   299  2.6139  0.7388
   259   109   297  2.6108  0.7338
   275   110   301  2.6063  0.7397
   275   106   301  2.6044  0.7390
   259   104   305  2.6028  0.7461
   259   106   302  2.6008  0.7395
   259   108   303  2.5986  0.7406
   259   110   304  2.5954  0.7413
   275   108   299  2.5951  0.7315
   275   107   299  2.5863  0.7282
   275   109   299  2.5699  0.7219
   259   105   300  2.5692  0.7235
   259   111   301  2.5652  0.7238
   259   108   300  2.5571  0.7189
   259   103   297  2.5461  0.7092
   259   110   299  2.5453  0.7125
   259   105   303  2.5443  0.7196
   275   106   299  2.5390  0.7102
   259   109   302  2.5278  0.7114
   275   110   299  2.5201  0.7030
   259   109   303  2.5168  0.7091
   266   115   304  2.5166  0.7108
   275   105   301  2.5101  0.7029
   275   111   301  2.5063  0.7014
   275   108   304  2.5055  0.7066
   259   110   305  2.5054  0.7084
   267   115   304  2.5043  0.7061
   259   105   302  2.5035  0.7022
   265   115   304  2.5015  0.7051
   258   107   301  2.7479  0.7954
   258   106   301  2.7400  0.7922
   258   108   301  2.7064  0.7788
   258   105   301  2.6806  0.7687
   258   109   301  2.6219  0.7458
   258   106   304  2.5966  0.7417
   258   107   304  2.5868  0.7379
   258   104   301  2.5720  0.7265
   258   105   304  2.5550  0.7256
   258   106   297  2.5456  0.7090
   258   107   305  2.5413  0.7222
   258   107   297  2.5316  0.7038
   258   106   305  2.5301  0.7179
   258   108   304  2.5271  0.7149
   258   105   297  2.5098  0.6956
   258   107   299  2.5086  0.6987
   258   110   301  2.5046  0.7008
