#   X     Y     Z      S       D
   142    18   324  2.8415  0.8871
   143    18   324  2.8410  0.8869
   143    17   324  2.8396  0.8863
   142    17   324  2.8391  0.8860
   142    19   324  2.8274  0.8809
   143    19   324  2.8270  0.8808
   141    18   324  2.8265  0.8805
   141    17   324  2.8219  0.8785
   141    19   324  2.8137  0.8749
   144    18   324  2.8294  0.8818
   144    17   324  2.8276  0.8810
   143    16   324  2.8195  0.8775
   142    16   324  2.8177  0.8766
   144    19   324  2.8170  0.8763
   144    16   324  2.8075  0.8722
   143    20   324  2.7993  0.8686
   142    20   324  2.7982  0.8681
   141    16   324  2.7980  0.8680
   144    20   324  2.7922  0.8655
   140    18   324  2.7920  0.8654
   141    20   324  2.7846  0.8622
   140    17   324  2.7843  0.8621
   140    19   324  2.7817  0.8610
   140    16   324  2.7571  0.8503
   140    20   324  2.7542  0.8490
   145    18   324  2.8103  0.8734
   145    17   324  2.8067  0.8718
   145    19   324  2.8007  0.8692
   145    16   324  2.7853  0.8625
   145    20   324  2.7802  0.8603
   143    15   324  2.7751  0.8581
   142    15   324  2.7724  0.8569
   144    15   324  2.7628  0.8528
   143    21   324  2.7590  0.8511
   144    21   324  2.7563  0.8500
   142    21   324  2.7551  0.8494
   141    15   324  2.7507  0.8475
   145    21   324  2.7497  0.8471
   141    21   324  2.7405  0.8431
   145    15   324  2.7391  0.8425
   139    18   324  2.7354  0.8410
   139    19   324  2.7284  0.8379
   139    17   324  2.7241  0.8361
   140    21   324  2.7108  0.8304
   140    15   324  2.7070  0.8288
   139    20   324  2.7037  0.8273
   139    16   324  2.6933  0.8229
   139    21   324  2.6626  0.8099
   139    15   324  2.6401  0.8004
   146    18   324  2.7864  0.8630
   146    19   324  2.7806  0.8605
   146    17   324  2.7799  0.8602
   146    20   324  2.7650  0.8537
   146    16   324  2.7560  0.8498
   146    21   324  2.7404  0.8431
   144    22   324  2.7105  0.8303
   145    22   324  2.7101  0.8301
   143    22   324  2.7079  0.8292
   146    15   324  2.7073  0.8289
   146    22   324  2.7070  0.8288
   142    22   324  2.7001  0.8258
   143    14   324  2.6978  0.8248
   142    14   324  2.6951  0.8237
   144    14   324  2.6842  0.8191
   141    22   324  2.6834  0.8187
   141    14   324  2.6726  0.8142
   145    14   324  2.6585  0.8082
   138    18   324  2.6561  0.8072
   140    22   324  2.6537  0.8061
   138    19   324  2.6527  0.8058
   138    17   324  2.6412  0.8009
   138    20   324  2.6318  0.7970
   140    14   324  2.6273  0.7951
   146    14   324  2.6238  0.7936
   139    22   324  2.6074  0.7867
   138    16   324  2.6069  0.7865
   138    21   324  2.5946  0.7814
   139    14   324  2.5583  0.7664
   138    15   324  2.5507  0.7632
   138    22   324  2.5432  0.7602
   147    18   324  2.7594  0.8513
   147    19   324  2.7579  0.8506
   147    17   324  2.7490  0.8468
   147    20   324  2.7473  0.8461
   147    21   324  2.7282  0.8379
   147    16   324  2.7218  0.8351
   147    22   324  2.7005  0.8260
   147    15   324  2.6697  0.8129
   146    23   324  2.6654  0.8111
   147    23   324  2.6641  0.8106
   145    23   324  2.6624  0.8099
   144    23   324  2.6567  0.8074
   143    23   324  2.6485  0.8040
   142    23   324  2.6362  0.7988
   141    23   324  2.6166  0.7906
   140    23   324  2.5859  0.7778
   147    14   324  2.5828  0.7765
   143    13   324  2.5756  0.7735
   142    13   324  2.5746  0.7731
   144    13   324  2.5597  0.7670
   137    19   324  2.5566  0.7657
   137    18   324  2.5562  0.7655
   141    13   324  2.5528  0.7641
   139    23   324  2.5409  0.7592
   137    20   324  2.5401  0.7589
   137    17   324  2.5379  0.7580
   145    13   324  2.5311  0.7552
   137    21   324  2.5079  0.7457
   140    13   324  2.5075  0.7456
   137    16   324  2.5009  0.7428
   148    19   324  2.7328  0.8398
   148    18   324  2.7297  0.8385
   148    20   324  2.7268  0.8373
   148    17   324  2.7151  0.8322
   148    21   324  2.7125  0.8311
   148    22   324  2.6893  0.8212
   148    16   324  2.6837  0.8189
   148    23   324  2.6571  0.8076
   148    15   324  2.6277  0.7952
   147    24   324  2.6202  0.7921
   146    24   324  2.6169  0.7907
   148    24   324  2.6169  0.7907
   145    24   324  2.6088  0.7873
   144    24   324  2.5975  0.7826
   143    24   324  2.5838  0.7769
   142    24   324  2.5667  0.7698
   141    24   324  2.5435  0.7603
   148    14   324  2.5366  0.7575
   140    24   324  2.5110  0.7470
   149    19   324  2.7046  0.8277
   149    20   324  2.7028  0.8270
   149    18   324  2.6971  0.8245
   149    21   324  2.6922  0.8225
   149    17   324  2.6778  0.8164
   149    22   324  2.6724  0.8140
   149    23   324  2.6432  0.8017
   149    16   324  2.6417  0.8011
   149    24   324  2.6058  0.7861
   149    15   324  2.5810  0.7758
   147    25   324  2.5707  0.7715
   148    25   324  2.5706  0.7715
   146    25   324  2.5637  0.7686
   149    25   324  2.5623  0.7680
   145    25   324  2.5514  0.7635
   144    25   324  2.5354  0.7570
   143    25   324  2.5167  0.7493
   150    20   324  2.6738  0.8147
   150    19   324  2.6717  0.8138
   150    21   324  2.6663  0.8115
   150    18   324  2.6597  0.8087
   150    22   324  2.6489  0.8042
   150    17   324  2.6355  0.7985
   150    23   324  2.6219  0.7928
   150    16   324  2.5943  0.7813
   150    24   324  2.5866  0.7781
   150    25   324  2.5453  0.7610
   150    15   324  2.5284  0.7541
   148    26   324  2.5202  0.7507
   147    26   324  2.5175  0.7496
   149    26   324  2.5146  0.7484
   146    26   324  2.5077  0.7456
   151    20   324  2.6377  0.7994
   151    21   324  2.6332  0.7975
   151    19   324  2.6317  0.7969
   151    22   324  2.6180  0.7912
   151    18   324  2.6149  0.7899
   151    23   324  2.5927  0.7806
   151    17   324  2.5853  0.7776
   151    24   324  2.5591  0.7667
   151    16   324  2.5385  0.7582
   151    25   324  2.5196  0.7505
   152    20   324  2.5917  0.7802
   152    21   324  2.5907  0.7798
   152    19   324  2.5813  0.7759
   152    22   324  2.5782  0.7746
   152    18   324  2.5592  0.7667
   152    23   324  2.5549  0.7650
   152    17   324  2.5238  0.7522
   152    24   324  2.5230  0.7519
   153    21   324  2.5370  0.7576
   153    20   324  2.5335  0.7562
   153    22   324  2.5280  0.7539
   153    19   324  2.5177  0.7497
   153    23   324  2.5075  0.7456
