#   X     Y     Z      S       D
   289   268   283  4.4253  1.5218
   289   267   283  4.4234  1.5207
   290   268   283  4.3947  1.5053
   288   267   283  4.3941  1.5049
   288   268   283  4.3881  1.5017
   289   269   283  4.3826  1.4988
   290   267   283  4.3826  1.4988
   290   269   283  4.3555  1.4843
   288   269   283  4.3446  1.4785
   289   268   282  3.6065  1.1126
   289   269   282  3.5910  1.1057
   290   268   282  3.5903  1.1053
   289   267   282  3.5822  1.1017
   290   269   282  3.5775  1.0996
   288   268   282  3.5617  1.0925
   290   267   282  3.5612  1.0923
   288   267   282  3.5435  1.0843
   288   269   282  3.5427  1.0840
   289   266   283  4.3708  1.4925
   288   266   283  4.3554  1.4843
   290   266   283  4.3145  1.4625
   289   270   283  4.3029  1.4564
   291   268   283  4.3021  1.4560
   287   267   283  4.2917  1.4505
   287   268   283  4.2795  1.4441
   291   267   283  4.2771  1.4429
   290   270   283  4.2724  1.4404
   288   270   283  4.2714  1.4399
   291   269   283  4.2700  1.4392
   287   266   283  4.2653  1.4367
   287   269   283  4.2370  1.4220
   291   266   283  4.1921  1.3987
   291   270   283  4.1880  1.3966
   287   270   283  4.1720  1.3884
   289   270   282  3.5366  1.0813
   290   270   282  3.5235  1.0754
   289   266   282  3.5184  1.0732
   291   268   282  3.5159  1.0721
   291   269   282  3.5051  1.0673
   290   266   282  3.4909  1.0610
   288   266   282  3.4877  1.0596
   288   270   282  3.4871  1.0593
   291   267   282  3.4830  1.0575
   289   268   281  3.4788  1.0529
   289   269   281  3.4774  1.0523
   288   268   281  3.4736  1.0507
   288   269   281  3.4711  1.0496
   287   268   282  3.4564  1.0459
   291   270   282  3.4512  1.0435
   287   267   282  3.4450  1.0409
   288   267   281  3.4424  1.0370
   289   267   281  3.4422  1.0370
   289   270   281  3.4415  1.0367
   288   270   281  3.4381  1.0352
   287   269   282  3.4332  1.0357
   290   269   281  3.4269  1.0303
   290   268   281  3.4266  1.0302
   287   268   281  3.4123  1.0240
   287   269   281  3.4083  1.0222
   291   266   282  3.4078  1.0247
   287   266   282  3.3985  1.0206
   290   270   281  3.3884  1.0137
   287   267   281  3.3863  1.0128
   290   267   281  3.3843  1.0119
   287   270   281  3.3776  1.0090
   287   270   282  3.3761  1.0110
   288   266   281  3.3732  1.0072
   289   266   281  3.3643  1.0033
   287   266   281  3.3254  0.9868
   291   269   281  3.3214  0.9850
   291   268   281  3.3182  0.9837
   290   266   281  3.2971  0.9748
   291   270   281  3.2818  0.9683
   291   267   281  3.2691  0.9630
   291   266   281  3.1726  0.9229
   288   265   283  4.2666  1.4374
   289   265   283  4.2641  1.4361
   289   271   283  4.1938  1.3996
   287   265   283  4.1932  1.3993
   290   265   283  4.1893  1.3973
   288   271   283  4.1748  1.3898
   290   271   283  4.1543  1.3794
   292   268   283  4.1537  1.3791
   292   269   283  4.1328  1.3684
   286   267   283  4.1179  1.3609
   292   267   283  4.1136  1.3587
   286   266   283  4.1019  1.3528
   286   268   283  4.1012  1.3524
   287   271   283  4.0896  1.3466
   291   271   283  4.0661  1.3348
   286   269   283  4.0609  1.3322
   292   270   283  4.0573  1.3303
   291   265   283  4.0488  1.3261
   286   265   283  4.0449  1.3242
   292   266   283  4.0117  1.3077
   286   270   283  4.0048  1.3043
   292   271   283  3.9378  1.2714
   286   271   283  3.9372  1.2711
   292   265   283  3.8528  1.2304
   288   268   280  3.4481  1.0369
   289   271   282  3.4437  1.0403
   289   268   280  3.4401  1.0334
   288   269   280  3.4356  1.0315
   288   267   280  3.4349  1.0312
   289   269   280  3.4303  1.0292
   290   271   282  3.4292  1.0340
   289   267   280  3.4205  1.0249
   287   268   280  3.4202  1.0248
   289   265   282  3.4171  1.0287
   287   267   280  3.4116  1.0211
   287   269   280  3.4059  1.0186
   288   266   280  3.3973  1.0149
   290   268   280  3.3963  1.0145
   288   265   282  3.3959  1.0195
   288   271   282  3.3952  1.0192
   288   270   280  3.3950  1.0139
   290   269   280  3.3908  1.0121
   289   270   280  3.3893  1.0115
   292   268   282  3.3882  1.0162
   290   265   282  3.3821  1.0136
   287   266   280  3.3815  1.0082
   292   269   282  3.3793  1.0123
   288   271   281  3.3756  1.0082
   289   271   281  3.3729  1.0070
   289   266   280  3.3728  1.0044
   290   267   280  3.3681  1.0024
   287   270   280  3.3657  1.0014
   286   268   280  3.3565  0.9975
   291   271   282  3.3555  1.0021
   292   267   282  3.3525  1.0009
   286   267   280  3.3511  0.9952
   290   270   280  3.3503  0.9948
   286   269   280  3.3408  0.9908
   288   265   280  3.3356  0.9886
   287   265   280  3.3303  0.9864
   286   266   280  3.3262  0.9846
   292   270   282  3.3258  0.9894
   288   271   280  3.3231  0.9833
   287   271   281  3.3206  0.9847
   287   265   282  3.3177  0.9860
   291   269   280  3.3169  0.9807
   291   268   280  3.3160  0.9803
   289   271   280  3.3148  0.9798
   290   271   281  3.3138  0.9819
   290   266   280  3.3074  0.9767
   286   270   280  3.3011  0.9740
   286   268   281  3.2989  0.9755
   289   265   280  3.2974  0.9725
   287   271   280  3.2964  0.9720
   286   268   282  3.2955  0.9766
   291   265   282  3.2942  0.9760
   286   269   281  3.2929  0.9730
   286   267   282  3.2908  0.9746
   287   271   282  3.2850  0.9721
   286   265   280  3.2825  0.9662
   291   270   280  3.2789  0.9647
   286   267   281  3.2778  0.9666
   291   267   280  3.2767  0.9638
   292   266   282  3.2745  0.9677
   290   271   280  3.2738  0.9625
   286   269   282  3.2685  0.9652
   286   270   281  3.2638  0.9608
   288   265   281  3.2634  0.9606
   286   266   282  3.2537  0.9590
   289   265   281  3.2433  0.9522
   286   271   280  3.2341  0.9460
   292   271   282  3.2296  0.9489
   287   265   281  3.2263  0.9451
   286   266   281  3.2246  0.9444
   290   265   280  3.2154  0.9383
   286   271   281  3.2117  0.9391
   286   270   282  3.2104  0.9409
   292   269   280  3.2081  0.9352
   291   271   281  3.2031  0.9355
   291   271   280  3.2022  0.9328
   291   266   280  3.2006  0.9321
   292   268   280  3.1982  0.9312
   286   265   282  3.1848  0.9303
   292   270   280  3.1753  0.9218
   290   265   281  3.1650  0.9198
   292   269   281  3.1647  0.9197
   292   265   282  3.1592  0.9197
   292   268   281  3.1566  0.9164
   292   267   280  3.1458  0.9097
   286   265   281  3.1356  0.9078
   292   270   281  3.1269  0.9043
   286   271   282  3.1211  0.9041
   292   271   280  3.1013  0.8917
   292   267   281  3.0999  0.8933
   291   265   280  3.0901  0.8872
   292   266   280  3.0530  0.8723
   292   271   281  3.0473  0.8721
   291   265   281  3.0306  0.8655
   292   266   281  2.9949  0.8513
   292   265   280  2.9241  0.8215
   292   265   281  2.8458  0.7932
   288   264   283  4.1247  1.3643
   289   264   283  4.1026  1.3531
   287   264   283  4.0709  1.3372
   289   272   283  4.0618  1.3326
   288   272   283  4.0585  1.3310
   290   272   283  4.0104  1.3070
   290   264   283  4.0093  1.3065
   287   272   283  3.9913  1.2976
   293   268   283  3.9566  1.2806
   293   269   283  3.9500  1.2773
   286   264   283  3.9413  1.2731
   291   272   283  3.9156  1.2606
   293   267   283  3.9008  1.2534
   293   270   283  3.8859  1.2463
   285   267   283  3.8820  1.2444
   285   266   283  3.8736  1.2403
   285   268   283  3.8630  1.2353
   286   272   283  3.8575  1.2326
   291   264   283  3.8530  1.2305
   285   265   283  3.8290  1.2190
   285   269   283  3.8263  1.2177
   292   272   283  3.7873  1.1992
   293   266   283  3.7842  1.1978
   285   270   283  3.7794  1.1955
   293   271   283  3.7751  1.1935
   285   264   283  3.7422  1.1781
   285   271   283  3.7260  1.1705
   285   272   283  3.6638  1.1418
   292   264   283  3.6463  1.1337
   293   272   283  3.6312  1.1268
   293   265   283  3.6147  1.1193
   293   264   283  3.4052  1.0262
   289   272   282  3.3124  0.9837
   290   272   282  3.2956  0.9766
   289   264   282  3.2823  0.9710
   288   272   281  3.2811  0.9681
   288   264   282  3.2712  0.9663
   289   272   281  3.2706  0.9636
   288   272   282  3.2661  0.9642
   285   268   280  3.2589  0.9564
   287   264   280  3.2571  0.9556
   285   267   280  3.2552  0.9548
   288   264   280  3.2491  0.9522
   285   269   280  3.2426  0.9496
   290   264   282  3.2401  0.9532
   287   272   281  3.2341  0.9484
   285   266   280  3.2332  0.9456
   291   272   282  3.2200  0.9449
   286   264   280  3.2191  0.9398
   288   272   280  3.2171  0.9390
   293   268   282  3.2148  0.9427
   293   269   282  3.2078  0.9398
   287   264   282  3.2054  0.9388
   289   272   280  3.2050  0.9340
   290   272   281  3.2044  0.9360
   285   270   280  3.2036  0.9334
   289   264   280  3.1946  0.9297
   287   272   280  3.1944  0.9296
   285   265   280  3.1941  0.9295
   293   267   282  3.1776  0.9273
   289   267   279  3.1774  0.9204
   288   267   279  3.1695  0.9171
   289   266   279  3.1685  0.9167
   288   266   279  3.1655  0.9155
   290   267   279  3.1615  0.9139
   290   272   280  3.1609  0.9159
   289   268   279  3.1594  0.9130
   287   272   282  3.1587  0.9195
   293   270   282  3.1559  0.9184
   288   268   279  3.1491  0.9088
   291   264   282  3.1485  0.9153
   290   266   279  3.1471  0.9080
   290   268   279  3.1460  0.9076
   285   268   281  3.1413  0.9101
   285   271   280  3.1388  0.9068
   285   264   280  3.1374  0.9063
   286   272   280  3.1360  0.9057
   287   267   279  3.1358  0.9034
   287   266   279  3.1353  0.9032
   285   269   281  3.1338  0.9071
   288   265   279  3.1330  0.9023
   286   272   281  3.1329  0.9067
   289   265   279  3.1288  0.9006
   291   267   279  3.1246  0.8989
   285   267   281  3.1244  0.9032
   289   269   279  3.1178  0.8961
   287   268   279  3.1137  0.8945
   288   264   281  3.1132  0.8987
   291   268   279  3.1110  0.8934
   287   265   279  3.1081  0.8922
   288   269   279  3.1073  0.8919
   285   270   281  3.1060  0.8957
   291   266   279  3.1050  0.8910
   290   269   279  3.1039  0.8906
   290   265   279  3.0994  0.8887
   293   266   282  3.0994  0.8953
   290   264   280  3.0939  0.8887
   292   272   282  3.0933  0.8928
   285   267   282  3.0898  0.8914
   285   268   282  3.0894  0.8913
   287   264   281  3.0886  0.8887
   291   272   281  3.0883  0.8886
   291   272   280  3.0881  0.8864
   286   264   282  3.0863  0.8900
   289   264   281  3.0807  0.8855
   285   266   281  3.0779  0.8844
   286   266   279  3.0765  0.8796
   286   267   279  3.0758  0.8793
   287   269   279  3.0721  0.8778
   292   267   279  3.0694  0.8767
   291   269   279  3.0679  0.8761
   288   264   279  3.0678  0.8761
   293   269   280  3.0640  0.8767
   285   266   282  3.0610  0.8798
   293   271   282  3.0608  0.8797
   285   269   282  3.0605  0.8796
   285   271   281  3.0584  0.8766
   292   268   279  3.0569  0.8717
   289   264   279  3.0550  0.8710
   289   270   279  3.0541  0.8706
   286   268   279  3.0537  0.8705
   286   265   279  3.0519  0.8697
   291   265   279  3.0497  0.8689
   287   264   279  3.0497  0.8688
   292   266   279  3.0459  0.8673
   288   270   279  3.0456  0.8672
   285   272   280  3.0446  0.8689
   293   268   280  3.0431  0.8683
   293   270   280  3.0395  0.8669
   290   270   279  3.0377  0.8641
   290   264   279  3.0162  0.8556
   292   264   282  3.0143  0.8611
   286   269   279  3.0132  0.8544
   292   269   279  3.0119  0.8539
   287   270   279  3.0118  0.8539
   286   264   281  3.0102  0.8573
   285   270   282  3.0037  0.8569
   285   265   282  3.0032  0.8567
   286   272   282  2.9991  0.8550
   293   267   279  2.9984  0.8486
   291   270   279  2.9983  0.8485
   285   265   281  2.9981  0.8526
   286   264   279  2.9976  0.8482
   290   264   281  2.9913  0.8499
   285   267   279  2.9912  0.8457
   285   266   279  2.9902  0.8453
   292   272   280  2.9892  0.8470
   285   272   281  2.9871  0.8482
   293   265   282  2.9865  0.8500
   293   268   279  2.9856  0.8435
   292   265   279  2.9844  0.8430
   293   267   280  2.9766  0.8420
   293   266   279  2.9728  0.8385
   293   271   280  2.9720  0.8402
   285   268   279  2.9716  0.8380
   289   271   279  2.9681  0.8367
   285   265   279  2.9649  0.8354
   293   269   281  2.9632  0.8388
   288   271   279  2.9627  0.8346
   291   264   279  2.9578  0.8326
   286   270   279  2.9551  0.8316
   291   264   280  2.9492  0.8313
   293   268   281  2.9481  0.8329
   290   271   279  2.9479  0.8288
   292   270   279  2.9384  0.8251
   293   269   279  2.9381  0.8250
   285   269   279  2.9340  0.8234
   287   271   279  2.9317  0.8225
   293   270   281  2.9305  0.8260
   292   272   281  2.9302  0.8259
   293   272   282  2.9257  0.8261
   285   264   282  2.9187  0.8234
   285   271   282  2.9185  0.8233
   285   264   279  2.9115  0.8147
   293   265   279  2.9076  0.8132
   291   271   279  2.9039  0.8117
   292   264   279  2.8856  0.8047
   285   264   281  2.8846  0.8082
   293   267   281  2.8838  0.8079
   285   270   279  2.8793  0.8023
   286   271   279  2.8779  0.8017
   293   266   280  2.8678  0.7998
   293   272   280  2.8658  0.7990
   293   270   279  2.8605  0.7951
   289   272   279  2.8577  0.7940
   288   272   279  2.8559  0.7933
   293   271   281  2.8539  0.7963
   291   264   281  2.8486  0.7943
   293   264   282  2.8475  0.7958
   292   271   279  2.8393  0.7870
   290   272   279  2.8334  0.7847
   287   272   279  2.8283  0.7828
   285   271   279  2.8061  0.7744
   293   264   279  2.8052  0.7741
   285   272   282  2.8031  0.7788
   291   272   279  2.7851  0.7665
   286   272   279  2.7782  0.7639
   293   266   281  2.7728  0.7655
   292   264   280  2.7655  0.7609
   293   271   279  2.7569  0.7559
   293   272   281  2.7387  0.7527
   293   265   280  2.7230  0.7451
   292   272   279  2.7163  0.7408
   285   272   279  2.7110  0.7389
   292   264   281  2.6607  0.7237
   293   272   279  2.6302  0.7092
   293   265   281  2.6215  0.7093
   293   264   280  2.5513  0.6823
   288   263   283  3.9304  1.2678
   288   273   283  3.9230  1.2642
   289   273   283  3.9105  1.2581
   287   263   283  3.8974  1.2518
   289   263   283  3.8894  1.2480
   287   273   283  3.8745  1.2408
   290   273   283  3.8475  1.2278
   286   263   283  3.7894  1.2002
   290   263   283  3.7805  1.1960
   286   273   283  3.7604  1.1866
   291   273   283  3.7465  1.1801
   294   269   283  3.7280  1.1715
   294   268   283  3.7195  1.1675
   294   270   283  3.6788  1.1487
   294   267   283  3.6500  1.1354
   292   273   283  3.6178  1.1207
   291   263   283  3.6139  1.1190
   285   263   283  3.6109  1.1176
   284   267   283  3.6016  1.1134
   284   266   283  3.5966  1.1111
   285   273   283  3.5860  1.1063
   284   268   283  3.5838  1.1053
   294   271   283  3.5817  1.1043
   284   265   283  3.5603  1.0947
   284   269   283  3.5526  1.0913
   294   266   283  3.5238  1.0784
   284   270   283  3.5152  1.0746
   284   264   283  3.4867  1.0619
   289   267   278  3.4864  1.0483
   289   268   278  3.4843  1.0473
   288   268   278  3.4833  1.0469
   288   267   278  3.4784  1.0448
   284   271   283  3.4745  1.0565
   293   273   283  3.4676  1.0535
   288   269   278  3.4548  1.0346
   289   266   278  3.4528  1.0337
   294   272   283  3.4500  1.0457
   289   269   278  3.4471  1.0312
   290   267   278  3.4459  1.0307
   288   266   278  3.4406  1.0284
   290   268   278  3.4368  1.0268
   287   268   278  3.4306  1.0241
   284   272   283  3.4275  1.0359
   287   267   278  3.4197  1.0194
   290   266   278  3.4172  1.0184
   287   269   278  3.4104  1.0155
   292   263   283  3.4046  1.0259
   288   270   278  3.3916  1.0074
   290   269   278  3.3914  1.0073
   289   265   278  3.3829  1.0037
   287   266   278  3.3789  1.0020
   289   270   278  3.3749  1.0003
   284   263   283  3.3736  1.0125
   288   265   278  3.3695  0.9980
   284   273   283  3.3663  1.0093
   291   267   278  3.3620  0.9949
   287   270   278  3.3566  0.9926
   294   265   283  3.3516  1.0030
   290   265   278  3.3499  0.9897
   291   268   278  3.3470  0.9885
   291   266   278  3.3382  0.9848
   286   268   278  3.3275  0.9803
   286   269   278  3.3150  0.9750
   286   267   278  3.3116  0.9736
   290   270   278  3.3111  0.9734
   287   265   278  3.3084  0.9723
   294   273   283  3.2975  0.9799
   291   269   278  3.2949  0.9666
   288   271   278  3.2920  0.9654
   289   264   278  3.2763  0.9588
   291   265   278  3.2746  0.9581
   286   270   278  3.2707  0.9565
   286   266   278  3.2691  0.9559
   289   271   278  3.2671  0.9550
   287   271   278  3.2663  0.9547
   288   264   278  3.2649  0.9541
   290   264   278  3.2439  0.9454
   292   267   278  3.2419  0.9446
   292   268   278  3.2225  0.9366
   292   266   278  3.2222  0.9365
   291   270   278  3.2084  0.9308
   287   264   278  3.2081  0.9306
   286   265   278  3.2010  0.9278
   290   271   278  3.1968  0.9261
   286   271   278  3.1908  0.9236
   285   268   278  3.1806  0.9194
   285   269   278  3.1755  0.9173
   291   264   278  3.1718  0.9158
   293   263   283  3.1706  0.9268
   292   269   278  3.1662  0.9136
   292   265   278  3.1631  0.9123
   285   267   278  3.1602  0.9111
   287   263   280  3.1595  0.9153
   288   272   278  3.1543  0.9087
   288   273   281  3.1501  0.9137
   294   264   283  3.1487  0.9177
   289   273   282  3.1424  0.9128
   285   270   278  3.1411  0.9034
   287   272   278  3.1367  0.9016
   288   263   280  3.1363  0.9059
   286   263   280  3.1339  0.9049
   289   263   278  3.1336  0.9003
   284   268   280  3.1322  0.9042
   289   273   281  3.1318  0.9062
   284   267   280  3.1283  0.9026
   288   263   278  3.1266  0.8975
   290   273   282  3.1236  0.9052
   289   272   278  3.1235  0.8963
   289   263   282  3.1204  0.9039
   288   263   282  3.1193  0.9034
   285   266   278  3.1171  0.8937
   284   269   280  3.1166  0.8978
   287   273   281  3.1119  0.8982
   286   264   278  3.1069  0.8896
   284   266   280  3.1068  0.8939
   290   263   278  3.1006  0.8871
   288   273   282  3.0990  0.8951
   293   267   278  3.0937  0.8843
   291   271   278  3.0898  0.8827
   284   270   280  3.0791  0.8827
   293   266   278  3.0775  0.8778
   287   263   278  3.0773  0.8777
   292   270   278  3.0761  0.8773
   288   273   280  3.0754  0.8812
   285   271   278  3.0729  0.8760
   290   263   282  3.0722  0.8843
   293   268   278  3.0718  0.8756
   286   272   278  3.0717  0.8755
   284   265   280  3.0692  0.8788
   287   263   282  3.0666  0.8820
   292   264   278  3.0661  0.8733
   289   263   280  3.0643  0.8768
   285   263   280  3.0614  0.8756
   290   273   281  3.0593  0.8769
   289   273   280  3.0592  0.8748
   287   273   280  3.0574  0.8740
   285   265   278  3.0524  0.8678
   290   272   278  3.0497  0.8668
   291   273   282  3.0467  0.8740
   291   263   278  3.0321  0.8598
   293   265   278  3.0238  0.8565
   286   273   281  3.0205  0.8614
   284   271   280  3.0169  0.8579
   284   264   280  3.0159  0.8575
   293   269   278  3.0137  0.8526
   290   273   280  3.0123  0.8561
   294   268   282  3.0067  0.8580
   284   269   278  3.0042  0.8488
   286   273   280  3.0041  0.8529
   284   268   278  3.0014  0.8477
   294   269   282  3.0011  0.8558
   287   273   282  2.9957  0.8537
   286   263   278  2.9859  0.8416
   284   270   278  2.9804  0.8395
   291   263   282  2.9793  0.8472
   288   273   278  2.9783  0.8387
   284   267   278  2.9765  0.8380
   294   267   282  2.9698  0.8434
   287   273   278  2.9669  0.8342
   288   263   279  2.9668  0.8362
   285   272   278  2.9664  0.8340
   285   264   278  2.9657  0.8337
   286   263   282  2.9627  0.8406
   287   263   279  2.9564  0.8321
   292   271   278  2.9556  0.8298
   284   268   281  2.9521  0.8344
   294   270   282  2.9517  0.8363
   284   263   280  2.9459  0.8300
   290   263   280  2.9451  0.8297
   289   263   279  2.9449  0.8276
   289   273   278  2.9448  0.8256
   284   269   281  2.9443  0.8314
   291   272   278  2.9414  0.8243
   291   273   280  2.9390  0.8273
   291   273   281  2.9390  0.8293
   284   267   281  2.9378  0.8288
   293   264   278  2.9349  0.8218
   292   263   278  2.9342  0.8215
   284   266   278  2.9327  0.8209
   294   263   283  2.9317  0.8305
   284   272   280  2.9269  0.8226
   288   263   281  2.9263  0.8244
   294   267   278  2.9262  0.8184
   284   271   278  2.9248  0.8179
   293   270   278  2.9226  0.8170
   292   273   282  2.9202  0.8240
   284   270   281  2.9185  0.8213
   285   273   280  2.9183  0.8193
   287   263   281  2.9153  0.8201
   294   267   279  2.9134  0.8154
   294   266   278  2.9132  0.8134
   286   273   278  2.9115  0.8127
   286   263   279  2.9097  0.8140
   294   268   278  2.9031  0.8095
   294   268   279  2.8986  0.8097
   290   263   279  2.8970  0.8091
   284   266   281  2.8964  0.8127
   294   266   282  2.8948  0.8141
   294   266   279  2.8883  0.8057
   294   269   280  2.8865  0.8070
   284   267   279  2.8856  0.8047
   285   273   281  2.8852  0.8084
   289   263   281  2.8818  0.8071
   284   266   279  2.8796  0.8024
   284   271   281  2.8755  0.8047
   294   270   280  2.8728  0.8017
   284   265   278  2.8714  0.7974
   284   268   279  2.8714  0.7992
   290   273   278  2.8713  0.7973
   294   265   278  2.8656  0.7951
   294   271   282  2.8597  0.8005
   284   267   282  2.8562  0.7992
   285   263   278  2.8559  0.7915
   284   268   282  2.8540  0.7983
   294   268   280  2.8535  0.7943
   286   263   281  2.8512  0.7953
   284   265   279  2.8503  0.7912
   292   263   282  2.8493  0.7965
   294   269   279  2.8475  0.7901
   294   269   278  2.8450  0.7873
   292   273   280  2.8429  0.7902
   286   273   282  2.8425  0.7939
   284   269   279  2.8392  0.7870
   284   266   282  2.8328  0.7901
   284   272   278  2.8326  0.7826
   291   263   279  2.8307  0.7837
   284   269   282  2.8267  0.7878
   285   263   279  2.8264  0.7821
   284   265   281  2.8245  0.7851
   294   265   279  2.8227  0.7807
   285   273   278  2.8190  0.7775
   294   271   280  2.8153  0.7797
   293   263   278  2.8145  0.7758
   284   272   281  2.8118  0.7802
   285   263   282  2.8113  0.7819
   292   272   278  2.8084  0.7735
   284   273   280  2.8064  0.7763
   293   271   278  2.8027  0.7713
   284   264   279  2.7946  0.7701
   284   264   278  2.7924  0.7674
   284   270   279  2.7898  0.7683
   294   265   282  2.7889  0.7734
   294   264   278  2.7865  0.7653
   284   265   282  2.7841  0.7716
   290   263   281  2.7831  0.7694
   291   263   280  2.7829  0.7675
   292   273   281  2.7796  0.7680
   284   270   282  2.7744  0.7679
   294   267   280  2.7739  0.7641
   291   273   278  2.7661  0.7576
   294   270   279  2.7656  0.7592
   293   273   282  2.7550  0.7606
   294   270   278  2.7548  0.7534
   292   263   279  2.7533  0.7546
   285   263   281  2.7403  0.7533
   294   272   282  2.7284  0.7506
   294   269   281  2.7266  0.7481
   293   273   280  2.7266  0.7464
   284   264   281  2.7222  0.7465
   288   273   279  2.7221  0.7430
   284   271   279  2.7219  0.7429
   284   273   281  2.7206  0.7459
   289   273   279  2.7205  0.7424
   294   264   279  2.7203  0.7423
   294   272   280  2.7195  0.7437
   284   264   282  2.7120  0.7445
   284   263   279  2.7097  0.7384
   294   268   281  2.7037  0.7396
   294   270   281  2.7017  0.7389
   284   273   278  2.7002  0.7332
   287   273   279  2.6983  0.7341
   284   271   282  2.6965  0.7387
   284   263   278  2.6940  0.7309
   290   273   279  2.6928  0.7321
   293   263   282  2.6926  0.7372
   294   263   278  2.6802  0.7258
   293   263   279  2.6710  0.7241
   294   264   282  2.6613  0.7256
   293   272   278  2.6586  0.7179
   294   271   279  2.6580  0.7193
   285   273   282  2.6557  0.7236
   286   273   279  2.6526  0.7174
   294   266   280  2.6522  0.7189
   291   273   279  2.6415  0.7133
   292   273   278  2.6381  0.7104
   294   271   278  2.6371  0.7101
   291   263   281  2.6360  0.7146
   294   267   281  2.6334  0.7137
   284   272   279  2.6325  0.7101
   294   271   281  2.6321  0.7132
   284   263   282  2.6201  0.7105
   284   263   281  2.5926  0.6988
   294   273   280  2.5917  0.6968
   285   273   279  2.5908  0.6949
   284   272   282  2.5908  0.6998
   293   273   281  2.5905  0.6980
   294   263   279  2.5881  0.6939
   292   263   280  2.5852  0.6945
   292   273   279  2.5702  0.6875
   294   273   282  2.5627  0.6896
   294   272   279  2.5288  0.6727
   294   272   281  2.5232  0.6738
   294   263   282  2.5219  0.6749
   294   266   281  2.5206  0.6729
   284   273   279  2.5188  0.6691
   288   274   283  3.7661  1.1893
   289   274   283  3.7409  1.1775
   287   274   283  3.7337  1.1741
   288   262   283  3.6884  1.1531
   287   262   283  3.6761  1.1474
   290   274   283  3.6696  1.1444
   286   274   283  3.6381  1.1300
   289   262   283  3.6311  1.1268
   289   267   277  3.6047  1.0976
   289   268   277  3.5965  1.0940
   290   267   277  3.5953  1.0935
   286   262   283  3.5913  1.1087
   290   268   277  3.5908  1.0914
   289   266   277  3.5715  1.0829
   288   267   277  3.5692  1.0819
   291   274   283  3.5652  1.0969
   288   268   277  3.5573  1.0766
   290   266   277  3.5554  1.0758
   289   269   277  3.5488  1.0729
   291   267   277  3.5452  1.0713
   291   268   277  3.5446  1.0711
   290   269   277  3.5435  1.0706
   288   266   277  3.5432  1.0704
   290   262   283  3.5119  1.0731
   288   269   277  3.5095  1.0557
   291   266   277  3.4991  1.0512
   291   269   277  3.4987  1.0510
   289   265   277  3.4960  1.0498
   287   267   277  3.4870  1.0459
   285   274   283  3.4827  1.0601
   288   265   277  3.4776  1.0418
   295   269   283  3.4755  1.0570
   287   268   277  3.4712  1.0391
   290   265   277  3.4710  1.0390
   287   266   277  3.4685  1.0379
   289   270   277  3.4645  1.0362
   292   268   277  3.4638  1.0359
   292   267   277  3.4600  1.0342
   290   270   277  3.4569  1.0329
   295   268   283  3.4540  1.0475
   295   270   283  3.4417  1.0421
   292   274   283  3.4381  1.0405
   285   262   283  3.4369  1.0400
   288   270   277  3.4284  1.0206
   287   269   277  3.4234  1.0185
   292   269   277  3.4208  1.0174
   287   265   277  3.4137  1.0143
   291   270   277  3.4112  1.0133
   292   266   277  3.4080  1.0119
   291   265   277  3.4070  1.0115
   289   264   277  3.3786  0.9994
   295   267   283  3.3758  1.0135
   288   264   277  3.3721  0.9967
   295   271   283  3.3606  1.0069
   286   267   277  3.3600  0.9915
   293   268   277  3.3553  0.9896
   286   266   277  3.3488  0.9868
   289   271   277  3.3474  0.9862
   293   267   277  3.3464  0.9858
   287   270   277  3.3463  0.9858
   290   264   277  3.3436  0.9846
   291   262   283  3.3433  0.9995
   286   268   277  3.3407  0.9834
   290   271   277  3.3355  0.9812
   292   270   277  3.3348  0.9809
   287   264   277  3.3212  0.9752
   288   271   277  3.3171  0.9735
   293   269   277  3.3168  0.9734
   292   265   277  3.3100  0.9705
   286   265   277  3.3048  0.9684
   283   267   283  3.3012  0.9815
   293   274   283  3.2943  0.9786
   283   266   283  3.2943  0.9786
   286   269   277  3.2937  0.9637
   293   266   277  3.2895  0.9620
   283   268   283  3.2889  0.9763
   291   271   277  3.2879  0.9613
   284   274   283  3.2804  0.9727
   291   264   277  3.2721  0.9548
   283   269   283  3.2657  0.9664
   283   265   283  3.2606  0.9643
   295   266   283  3.2476  0.9588
   295   272   283  3.2447  0.9576
   287   271   277  3.2425  0.9425
   283   270   283  3.2380  0.9548
   293   270   277  3.2349  0.9394
   288   263   277  3.2272  0.9362
   294   268   277  3.2263  0.9359
   286   264   277  3.2261  0.9358
   284   262   283  3.2223  0.9483
   286   270   277  3.2217  0.9340
   289   263   277  3.2213  0.9338
   292   271   277  3.2125  0.9302
   294   267   277  3.2124  0.9302
   283   271   283  3.2079  0.9422
   289   272   277  3.2021  0.9260
   283   264   283  3.1949  0.9368
   285   267   277  3.1948  0.9230
   294   269   277  3.1935  0.9225
   287   263   277  3.1909  0.9214
   285   266   277  3.1899  0.9210
   293   265   277  3.1880  0.9202
   290   272   277  3.1854  0.9191
   288   272   277  3.1795  0.9167
   290   263   277  3.1768  0.9157
   285   268   277  3.1736  0.9143
   283   272   283  3.1725  0.9275
   292   264   277  3.1707  0.9132
   285   265   277  3.1559  0.9072
   294   266   277  3.1523  0.9057
   292   262   283  3.1418  0.9149
   291   272   277  3.1359  0.8991
   294   274   283  3.1349  0.9120
   285   269   277  3.1290  0.8963
   286   271   277  3.1271  0.8956
   283   273   283  3.1238  0.9075
   294   270   277  3.1179  0.8919
   293   271   277  3.1166  0.8914
   287   272   277  3.1151  0.8908
   286   263   277  3.1115  0.8893
   295   273   283  3.1071  0.9007
   291   263   277  3.0997  0.8846
   283   263   283  3.0955  0.8960
   285   264   277  3.0903  0.8808
   295   268   277  3.0840  0.8783
   295   265   283  3.0822  0.8905
   295   267   277  3.0665  0.8714
   285   270   277  3.0640  0.8704
   292   272   277  3.0619  0.8696
   295   269   277  3.0570  0.8676
   283   274   283  3.0519  0.8783
   294   265   277  3.0502  0.8649
   293   264   277  3.0481  0.8641
   288   262   277  3.0450  0.8629
   287   262   280  3.0349  0.8651
   289   273   277  3.0345  0.8587
   289   262   277  3.0274  0.8559
   287   262   277  3.0236  0.8544
   286   262   280  3.0236  0.8606
   288   273   277  3.0200  0.8530
   290   273   277  3.0134  0.8504
   286   272   277  3.0124  0.8500
   294   271   277  3.0062  0.8476
   295   266   277  3.0055  0.8473
   284   267   277  3.0037  0.8466
   284   266   277  3.0025  0.8461
   292   263   277  2.9973  0.8441
   288   262   280  2.9957  0.8496
   285   263   277  2.9913  0.8417
   295   270   277  2.9884  0.8406
   283   268   280  2.9837  0.8448
   284   268   277  2.9830  0.8385
   285   271   277  2.9807  0.8376
   288   274   281  2.9777  0.8445
   283   267   280  2.9773  0.8423
   284   265   277  2.9762  0.8359
   290   262   277  2.9756  0.8357
   293   272   277  2.9708  0.8338
   283   269   280  2.9707  0.8397
   287   273   277  2.9675  0.8325
   283   262   283  2.9636  0.8431
   291   273   277  2.9634  0.8309
   285   262   280  2.9630  0.8367
   286   262   277  2.9608  0.8299
   295   274   283  2.9580  0.8408
   289   262   278  2.9565  0.8302
   288   262   278  2.9554  0.8297
   283   266   280  2.9536  0.8330
   289   274   281  2.9535  0.8350
   287   274   281  2.9480  0.8328
   288   262   282  2.9473  0.8346
   284   269   277  2.9435  0.8232
   289   262   282  2.9396  0.8316
   283   270   280  2.9360  0.8261
   289   274   282  2.9347  0.8297
   293   262   283  2.9262  0.8283
   290   262   278  2.9227  0.8171
   284   264   277  2.9218  0.8148
   287   262   278  2.9160  0.8145
   290   274   282  2.9151  0.8220
   283   265   280  2.9143  0.8177
   294   264   277  2.9138  0.8117
   287   262   282  2.9075  0.8190
   289   262   280  2.9070  0.8149
   295   265   277  2.9064  0.8089
   288   274   280  2.8982  0.8115
   291   262   277  2.8964  0.8051
   295   264   283  2.8959  0.8165
   288   274   282  2.8940  0.8138
   292   273   277  2.8922  0.8035
   284   270   277  2.8877  0.8017
   290   262   282  2.8876  0.8113
   287   274   280  2.8849  0.8063
   295   271   277  2.8847  0.8006
   285   272   277  2.8808  0.7991
   286   273   277  2.8798  0.7987
   289   274   280  2.8789  0.8040
   293   263   277  2.8785  0.7982
   290   274   281  2.8777  0.8055
   283   271   280  2.8773  0.8034
   294   272   277  2.8675  0.7940
   286   274   281  2.8675  0.8016
   283   264   280  2.8610  0.7972
   291   262   278  2.8589  0.7926
   285   262   277  2.8576  0.7903
   284   262   280  2.8567  0.7955
   289   274   277  2.8511  0.7878
   288   274   277  2.8441  0.7851
   291   274   282  2.8389  0.7925
   286   274   280  2.8375  0.7882
   286   262   278  2.8374  0.7844
   284   263   277  2.8368  0.7824
   290   274   280  2.8307  0.7856
   288   262   279  2.8281  0.7827
   290   274   277  2.8271  0.7787
   287   262   279  2.8255  0.7817
   286   262   282  2.8197  0.7852
   284   271   277  2.8175  0.7751
   295   267   279  2.8158  0.7781
   283   269   278  2.8154  0.7761
   293   273   277  2.8068  0.7711
   283   268   278  2.8042  0.7719
   287   274   277  2.8035  0.7699
   283   270   278  2.8027  0.7713
   283   267   277  2.8021  0.7693
   283   266   277  2.8011  0.7689
   289   262   279  2.7982  0.7714
   292   262   277  2.7978  0.7677
   295   268   279  2.7968  0.7709
   291   262   282  2.7966  0.7763
   287   274   282  2.7959  0.7761
   295   266   279  2.7943  0.7700
   283   263   280  2.7936  0.7715
   283   272   280  2.7919  0.7709
   286   262   279  2.7854  0.7666
   283   268   277  2.7853  0.7630
   283   265   277  2.7790  0.7607
   291   274   277  2.7783  0.7604
   295   268   282  2.7779  0.7692
   295   264   277  2.7774  0.7601
   283   267   278  2.7742  0.7606
   295   269   282  2.7727  0.7673
   290   262   280  2.7720  0.7634
   292   262   278  2.7713  0.7595
   288   274   278  2.7669  0.7579
   285   273   277  2.7654  0.7556
   283   267   279  2.7641  0.7586
   283   271   278  2.7604  0.7555
   287   274   278  2.7590  0.7549
   291   274   280  2.7588  0.7584
   285   274   280  2.7585  0.7583
   283   268   279  2.7578  0.7563
   291   274   281  2.7564  0.7593
   295   272   277  2.7544  0.7515
   283   269   277  2.7535  0.7512
   294   263   277  2.7528  0.7509
   283   266   279  2.7503  0.7535
   295   267   278  2.7471  0.7505
   283   268   281  2.7469  0.7557
   285   274   281  2.7452  0.7551
   295   267   282  2.7440  0.7564
   290   262   279  2.7433  0.7508
   295   269   279  2.7409  0.7500
   283   269   281  2.7408  0.7535
   295   266   278  2.7374  0.7469
   289   274   278  2.7343  0.7458
   284   272   277  2.7336  0.7438
   283   269   279  2.7332  0.7471
   283   267   281  2.7329  0.7505
   283   264   277  2.7325  0.7434
   295   265   279  2.7320  0.7466
   286   274   277  2.7317  0.7431
   283   266   278  2.7290  0.7438
   295   270   282  2.7260  0.7497
   295   268   278  2.7232  0.7417
   285   262   278  2.7217  0.7411
   284   262   277  2.7190  0.7384
   283   270   281  2.7183  0.7451
   294   262   283  2.7150  0.7474
   292   274   282  2.7147  0.7455
   283   265   279  2.7141  0.7400
   287   262   281  2.7129  0.7430
   292   274   277  2.7118  0.7357
   286   274   278  2.7117  0.7374
   294   273   277  2.7112  0.7355
   283   262   280  2.7107  0.7405
   288   262   281  2.7101  0.7420
   283   270   277  2.7089  0.7347
   285   262   279  2.7070  0.7374
   295   263   283  2.7051  0.7437
   295   265   278  2.6965  0.7318
   283   266   281  2.6943  0.7361
   283   270   279  2.6907  0.7314
   293   262   277  2.6884  0.7272
   285   262   282  2.6862  0.7348
   283   272   278  2.6830  0.7268
   295   269   280  2.6807  0.7294
   283   271   281  2.6804  0.7309
   295   270   280  2.6790  0.7288
   283   273   280  2.6770  0.7280
   295   266   282  2.6760  0.7311
   292   262   282  2.6745  0.7305
   291   262   279  2.6721  0.7245
   283   265   278  2.6703  0.7222
   292   274   280  2.6675  0.7245
   293   262   278  2.6665  0.7208
   295   269   278  2.6657  0.7205
   290   274   278  2.6654  0.7204
   286   262   281  2.6647  0.7252
   283   263   277  2.6583  0.7162
   289   262   281  2.6549  0.7216
   295   270   279  2.6543  0.7180
   284   274   280  2.6539  0.7195
   283   264   279  2.6534  0.7176
   283   271   277  2.6525  0.7141
   286   274   282  2.6510  0.7218
   295   271   282  2.6386  0.7173
   295   268   280  2.6362  0.7130
   284   273   277  2.6360  0.7081
   285   274   277  2.6354  0.7078
   295   271   280  2.6343  0.7124
   295   264   279  2.6334  0.7104
   293   274   277  2.6331  0.7070
   285   274   278  2.6313  0.7080
   283   271   279  2.6295  0.7089
   283   265   281  2.6287  0.7119
   295   263   277  2.6286  0.7054
   295   264   278  2.6283  0.7069
   283   272   281  2.6239  0.7102
   283   268   282  2.6080  0.7060
   283   267   282  2.6078  0.7060
   292   274   281  2.5987  0.7010
   283   264   278  2.5980  0.6959
   291   262   280  2.5970  0.6988
   284   274   281  2.5947  0.6996
   284   262   279  2.5932  0.6958
   292   262   279  2.5931  0.6958
   283   269   282  2.5863  0.6981
   283   266   282  2.5858  0.6980
   283   272   277  2.5844  0.6895
   295   265   282  2.5817  0.6965
   295   270   278  2.5772  0.6885
   294   262   277  2.5767  0.6867
   284   262   278  2.5743  0.6874
   285   262   281  2.5710  0.6910
   291   274   278  2.5676  0.6850
   283   273   278  2.5664  0.6846
   283   263   279  2.5662  0.6861
   293   274   280  2.5600  0.6854
   288   274   279  2.5600  0.6838
   289   274   279  2.5555  0.6822
   293   274   282  2.5539  0.6864
   283   262   277  2.5538  0.6786
   295   272   280  2.5523  0.6827
   290   262   281  2.5505  0.6836
   294   262   278  2.5501  0.6788
   283   272   279  2.5469  0.6792
   295   267   280  2.5464  0.6806
   295   271   279  2.5432  0.6778
   283   273   281  2.5430  0.6809
   283   265   282  2.5426  0.6823
   283   270   282  2.5423  0.6822
   287   274   279  2.5400  0.6767
   295   263   278  2.5371  0.6741
   283   264   281  2.5365  0.6785
   293   262   282  2.5318  0.6785
   283   274   280  2.5315  0.6752
   284   274   278  2.5276  0.6707
   290   274   279  2.5260  0.6717
   284   274   277  2.5243  0.6681
   295   262   283  2.5224  0.6766
   295   272   282  2.5134  0.6718
   284   262   282  2.5129  0.6717
   293   262   279  2.5128  0.6670
   283   263   278  2.5101  0.6645
   295   263   279  2.5068  0.6649
   283   273   277  2.5034  0.6607
   288   275   283  3.5845  1.1056
   287   275   283  3.5636  1.0962
   289   275   283  3.5521  1.0910
   286   275   283  3.4832  1.0604
   290   275   283  3.4779  1.0580
   287   261   283  3.4137  1.0299
   288   261   283  3.4071  1.0270
   291   275   283  3.3746  1.0129
   286   261   283  3.3528  1.0035
   285   275   283  3.3451  1.0002
   289   261   283  3.3379  0.9971
   292   275   283  3.2523  0.9608
   285   261   283  3.2248  0.9493
   290   261   283  3.2156  0.9454
   296   269   283  3.2036  0.9404
   296   270   283  3.1825  0.9317
   296   268   283  3.1741  0.9282
   284   275   283  3.1605  0.9226
   296   271   283  3.1168  0.9047
   293   275   283  3.1164  0.9045
   296   267   283  3.0947  0.8956
   291   261   283  3.0545  0.8794
   284   261   283  3.0369  0.8723
   296   272   283  3.0175  0.8645
   282   267   283  3.0063  0.8600
   282   268   283  3.0037  0.8590
   282   266   283  2.9920  0.8543
   282   269   283  2.9908  0.8538
   296   266   283  2.9734  0.8469
   282   270   283  2.9727  0.8467
   294   275   283  2.9674  0.8446
   282   265   283  2.9548  0.8396
   282   271   283  2.9509  0.8381
   283   275   283  2.9477  0.8368
   296   268   277  2.9350  0.8199
   282   272   283  2.9229  0.8270
   296   267   277  2.9162  0.8126
   296   269   277  2.9121  0.8111
   296   273   283  2.8960  0.8166
   282   264   283  2.8910  0.8146
   286   261   280  2.8852  0.8065
   285   269   276  2.8842  0.7985
   282   273   283  2.8819  0.8110
   287   261   280  2.8812  0.8049
   285   270   276  2.8788  0.7965
   286   269   276  2.8780  0.7962
   284   269   276  2.8721  0.7939
   292   261   283  2.8715  0.8070
   284   270   276  2.8709  0.7935
   285   268   276  2.8706  0.7934
   286   270   276  2.8688  0.7927
   286   268   276  2.8683  0.7925
   296   266   277  2.8576  0.7903
   284   268   276  2.8538  0.7870
   287   269   276  2.8527  0.7866
   285   271   276  2.8527  0.7866
   296   270   277  2.8498  0.7873
   284   271   276  2.8483  0.7849
   287   268   276  2.8457  0.7839
   283   270   276  2.8445  0.7835
   283   269   276  2.8413  0.7823
   287   270   276  2.8400  0.7818
   285   261   280  2.8390  0.7888
   286   271   276  2.8388  0.7814
   286   267   276  2.8381  0.7811
   285   267   276  2.8369  0.7806
   288   261   277  2.8291  0.7795
   288   261   280  2.8267  0.7841
   283   271   276  2.8252  0.7762
   296   265   283  2.8239  0.7886
   282   268   280  2.8215  0.7821
   287   261   277  2.8214  0.7766
   282   274   283  2.8193  0.7869
   287   267   276  2.8176  0.7733
   283   268   276  2.8174  0.7733
   284   267   276  2.8150  0.7724
   282   269   280  2.8130  0.7789
   282   267   280  2.8102  0.7778
   287   271   276  2.8064  0.7692
   288   269   276  2.8063  0.7691
   295   275   283  2.8029  0.7806
   283   261   283  2.8025  0.7805
   289   261   277  2.8020  0.7693
   285   272   276  2.8014  0.7673
   288   268   276  2.8009  0.7671
   284   272   276  2.7999  0.7667
   282   263   283  2.7995  0.7793
   282   270   276  2.7979  0.7660
   288   270   276  2.7910  0.7634
   282   269   276  2.7901  0.7631
   286   272   276  2.7843  0.7609
   286   266   276  2.7838  0.7607
   282   270   280  2.7828  0.7674
   282   271   276  2.7815  0.7599
   282   266   280  2.7813  0.7669
   285   266   276  2.7794  0.7591
   283   272   276  2.7790  0.7589
   286   261   277  2.7751  0.7592
   288   267   276  2.7732  0.7568
   283   267   276  2.7723  0.7564
   296   265   277  2.7649  0.7554
   287   266   276  2.7644  0.7535
   288   261   282  2.7631  0.7637
   296   274   283  2.7619  0.7650
   288   275   281  2.7619  0.7614
   282   268   276  2.7602  0.7519
   288   271   276  2.7543  0.7497
   296   271   277  2.7537  0.7512
   288   261   278  2.7532  0.7528
   284   266   276  2.7524  0.7491
   287   272   276  2.7487  0.7477
   289   261   282  2.7486  0.7582
   289   261   278  2.7477  0.7507
   290   261   277  2.7464  0.7485
   284   261   280  2.7453  0.7534
   287   275   281  2.7393  0.7529
   282   265   280  2.7375  0.7505
   282   272   276  2.7371  0.7434
   289   269   276  2.7360  0.7430
   287   261   282  2.7354  0.7532
   289   275   281  2.7349  0.7512
   289   268   276  2.7309  0.7411
   282   271   280  2.7285  0.7471
   282   275   283  2.7274  0.7520
   287   261   278  2.7253  0.7424
   289   261   280  2.7242  0.7455
   284   273   276  2.7202  0.7372
   285   273   276  2.7197  0.7370
   288   266   276  2.7194  0.7369
   289   270   276  2.7193  0.7368
   290   261   278  2.7133  0.7380
   282   267   276  2.7079  0.7327
   296   267   279  2.7066  0.7372
   283   266   276  2.7033  0.7310
   289   267   276  2.7022  0.7306
   283   273   276  2.7008  0.7301
   286   273   276  2.7006  0.7300
   286   265   276  2.6999  0.7297
   290   261   282  2.6956  0.7383
   288   272   276  2.6939  0.7275
   289   275   282  2.6933  0.7375
   285   265   276  2.6931  0.7272
   296   266   279  2.6917  0.7317
   285   261   277  2.6894  0.7275
   288   275   280  2.6888  0.7324
   293   261   283  2.6846  0.7360
   282   262   283  2.6818  0.7350
   282   264   280  2.6810  0.7295
   287   265   276  2.6810  0.7228
   296   268   279  2.6808  0.7277
   289   271   276  2.6806  0.7227
   287   275   280  2.6795  0.7289
   290   275   282  2.6745  0.7305
   286   275   281  2.6702  0.7272
   291   261   277  2.6699  0.7204
   289   275   280  2.6678  0.7246
   286   261   282  2.6637  0.7265
   287   273   276  2.6632  0.7163
   296   264   283  2.6621  0.7277
   284   265   276  2.6620  0.7159
   286   261   278  2.6615  0.7190
   282   273   276  2.6599  0.7151
   290   275   281  2.6597  0.7233
   289   275   277  2.6582  0.7161
   288   275   277  2.6570  0.7157
   287   261   279  2.6562  0.7187
   291   261   278  2.6558  0.7169
   288   275   282  2.6548  0.7232
   288   261   279  2.6520  0.7171
   282   272   280  2.6477  0.7172
   296   264   277  2.6465  0.7119
   289   266   276  2.6464  0.7102
   290   269   276  2.6389  0.7075
   286   275   280  2.6382  0.7138
   296   265   279  2.6363  0.7114
   282   268   279  2.6346  0.7108
   288   265   276  2.6345  0.7059
   290   275   277  2.6334  0.7071
   290   268   276  2.6328  0.7053
   282   266   276  2.6318  0.7050
   296   272   277  2.6314  0.7064
   282   267   279  2.6314  0.7096
   287   275   277  2.6272  0.7049
   286   261   279  2.6233  0.7067
   290   270   276  2.6223  0.7015
   282   269   278  2.6219  0.7046
   290   275   280  2.6206  0.7074
   296   275   283  2.6203  0.7122
   282   270   278  2.6198  0.7038
   282   269   279  2.6188  0.7051
   289   272   276  2.6188  0.7003
   296   269   279  2.6186  0.7050
   289   261   279  2.6165  0.7042
   282   263   280  2.6131  0.7046
   291   261   282  2.6099  0.7067
   283   261   280  2.6094  0.7033
   282   266   279  2.6079  0.7011
   288   273   276  2.6074  0.6962
   283   265   276  2.6074  0.6962
   295   273   277  2.6064  0.6974
   282   267   277  2.6053  0.6970
   284   274   276  2.6051  0.6953
   285   274   276  2.6039  0.6949
   282   268   278  2.6024  0.6975
   290   267   276  2.6021  0.6943
   291   275   282  2.6015  0.7037
   282   266   277  2.6008  0.6954
   282   268   277  2.5952  0.6934
   282   271   278  2.5900  0.6931
   291   275   277  2.5878  0.6907
   283   274   276  2.5866  0.6887
   286   274   276  2.5846  0.6880
   282   270   279  2.5844  0.6926
   290   271   276  2.5834  0.6876
   286   264   276  2.5818  0.6870
   292   261   278  2.5810  0.6898
   292   261   277  2.5806  0.6881
   282   265   277  2.5789  0.6875
   290   261   280  2.5784  0.6921
   285   264   276  2.5739  0.6842
   282   269   277  2.5732  0.6855
   286   275   277  2.5703  0.6844
   284   261   277  2.5678  0.6835
   285   275   280  2.5671  0.6880
   282   267   278  2.5669  0.6847
   285   275   281  2.5630  0.6881
   282   265   279  2.5630  0.6849
   287   275   282  2.5626  0.6895
   287   264   276  2.5623  0.6801
   285   261   278  2.5623  0.6831
   296   267   278  2.5617  0.6829
   289   265   276  2.5588  0.6788
   290   261   279  2.5583  0.6833
   296   266   278  2.5556  0.6807
   291   275   280  2.5525  0.6827
   285   261   279  2.5515  0.6808
   285   261   282  2.5488  0.6846
   287   274   276  2.5478  0.6749
   282   274   276  2.5465  0.6744
   294   274   277  2.5453  0.6755
   296   264   279  2.5451  0.6785
   296   268   282  2.5447  0.6831
   290   266   276  2.5434  0.6734
   291   275   281  2.5423  0.6806
   282   268   281  2.5408  0.6801
   282   270   277  2.5405  0.6738
   282   261   283  2.5405  0.6832
   284   264   276  2.5402  0.6722
   282   269   281  2.5384  0.6792
   282   273   280  2.5380  0.6775
   296   269   282  2.5378  0.6806
   296   268   278  2.5366  0.6739
   282   264   277  2.5360  0.6722
   282   262   280  2.5334  0.6759
   289   273   276  2.5326  0.6695
   282   271   279  2.5304  0.6733
   282   265   276  2.5302  0.6687
   292   275   277  2.5273  0.6691
   296   270   279  2.5268  0.6720
   288   275   278  2.5266  0.6704
   282   272   278  2.5265  0.6704
   282   267   281  2.5247  0.6743
   290   272   276  2.5219  0.6657
   296   265   278  2.5216  0.6686
   282   270   281  2.5206  0.6728
   287   275   278  2.5195  0.6679
   282   266   278  2.5194  0.6679
   296   267   282  2.5167  0.6730
   288   264   276  2.5139  0.6629
   291   269   276  2.5128  0.6626
   296   263   277  2.5121  0.6638
   294   261   283  2.5090  0.6718
   291   268   276  2.5046  0.6596
   296   263   283  2.5027  0.6696
   288   276   283  3.3764  1.0137
   287   276   283  3.3614  1.0072
   289   276   283  3.3429  0.9993
   286   276   283  3.2918  0.9775
   290   276   283  3.2719  0.9691
   291   276   283  3.1747  0.9284
   285   276   283  3.1688  0.9260
   287   260   283  3.1207  0.9062
   288   260   283  3.0984  0.8971
   286   260   283  3.0825  0.8907
   292   276   283  3.0605  0.8818
   289   260   283  3.0227  0.8666
   284   276   283  3.0017  0.8582
   285   260   283  2.9817  0.8502
   293   276   283  2.9341  0.8314
   297   269   283  2.9253  0.8280
   297   270   283  2.9115  0.8226
   290   260   283  2.9053  0.8201
   297   268   283  2.8949  0.8161
   297   271   283  2.8578  0.8017
   284   260   283  2.8226  0.7882
   297   267   283  2.8223  0.7881
   285   269   275  2.8170  0.7714
   285   270   275  2.8167  0.7712
   283   276   283  2.8066  0.7820
   284   270   275  2.8058  0.7672
   284   269   275  2.8046  0.7667
   286   269   275  2.7982  0.7644
   286   270   275  2.7961  0.7636
   294   276   283  2.7955  0.7778
   285   268   275  2.7871  0.7602
   297   268   277  2.7836  0.7624
   285   271   275  2.7805  0.7578
   297   272   283  2.7730  0.7692
   284   268   275  2.7728  0.7549
   284   271   275  2.7710  0.7542
   286   268   275  2.7704  0.7540
   297   267   277  2.7669  0.7561
   283   270   275  2.7631  0.7513
   297   269   277  2.7621  0.7544
   291   260   283  2.7607  0.7646
   283   269   275  2.7600  0.7502
   286   271   275  2.7584  0.7496
   287   269   275  2.7519  0.7472
   287   270   275  2.7473  0.7455
   281   268   283  2.7459  0.7590
   281   269   283  2.7444  0.7584
   281   267   283  2.7360  0.7553
   281   270   283  2.7352  0.7550
   285   267   275  2.7306  0.7393
   283   271   275  2.7299  0.7391
   281   270   276  2.7285  0.7402
   287   268   275  2.7264  0.7378
   283   268   275  2.7260  0.7376
   281   271   283  2.7195  0.7490
   286   260   280  2.7177  0.7431
   281   269   276  2.7163  0.7357
   297   266   283  2.7160  0.7477
   286   267   275  2.7159  0.7339
   281   271   276  2.7148  0.7352
   284   267   275  2.7141  0.7333
   297   266   277  2.7140  0.7365
   281   266   283  2.7103  0.7456
   287   271   275  2.7074  0.7308
   297   270   277  2.7037  0.7328
   285   272   275  2.7023  0.7290
   287   260   280  2.6985  0.7359
   281   272   283  2.6952  0.7399
   284   272   275  2.6940  0.7259
   282   270   275  2.6906  0.7247
   285   260   280  2.6874  0.7318
   282   269   275  2.6849  0.7226
   288   269   275  2.6827  0.7218
   281   268   276  2.6802  0.7225
   286   272   275  2.6792  0.7205
   288   270   275  2.6749  0.7190
   287   267   275  2.6739  0.7186
   281   272   276  2.6716  0.7194
   297   273   283  2.6669  0.7294
   281   265   283  2.6648  0.7287
   283   267   275  2.6647  0.7153
   282   271   275  2.6600  0.7136
   288   268   275  2.6598  0.7135
   281   273   283  2.6574  0.7259
   283   272   275  2.6547  0.7117
   281   268   280  2.6515  0.7186
   281   269   280  2.6493  0.7178
   285   266   275  2.6491  0.7096
   282   268   275  2.6480  0.7092
   295   276   283  2.6423  0.7203
   286   266   275  2.6362  0.7050
   281   267   280  2.6334  0.7120
   288   271   275  2.6324  0.7036
   288   260   280  2.6310  0.7112
   297   265   277  2.6306  0.7061
   284   266   275  2.6305  0.7029
   287   272   275  2.6271  0.7017
   281   270   280  2.6246  0.7088
   281   267   276  2.6209  0.7010
   283   260   283  2.6160  0.7106
   297   271   277  2.6132  0.6998
   284   260   280  2.6091  0.7032
   288   267   275  2.6090  0.6952
   292   260   283  2.6053  0.7067
   282   276   283  2.6020  0.7055
   281   274   283  2.5997  0.7047
   281   266   280  2.5975  0.6989
   281   264   283  2.5975  0.7039
   287   266   275  2.5954  0.6903
   281   273   276  2.5950  0.6917
   289   269   275  2.5941  0.6899
   281   270   275  2.5918  0.6890
   297   265   283  2.5890  0.7008
   287   260   277  2.5888  0.6910
   282   272   275  2.5875  0.6875
   297   267   279  2.5862  0.6933
   288   260   277  2.5850  0.6897
   282   267   275  2.5838  0.6862
   289   270   275  2.5833  0.6860
   281   269   275  2.5827  0.6858
   297   266   279  2.5808  0.6913
   283   266   275  2.5788  0.6844
   285   273   275  2.5776  0.6840
   281   271   280  2.5753  0.6909
   288   260   282  2.5743  0.6938
   289   268   275  2.5735  0.6825
   284   273   275  2.5702  0.6814
   281   271   275  2.5646  0.6794
   286   260   277  2.5575  0.6799
   287   260   282  2.5568  0.6874
   289   260   282  2.5554  0.6869
   286   273   275  2.5545  0.6758
   289   260   277  2.5518  0.6778
   297   268   279  2.5515  0.6808
   288   272   275  2.5511  0.6746
   297   274   283  2.5476  0.6857
   281   265   280  2.5470  0.6808
   285   265   275  2.5437  0.6720
   281   268   275  2.5424  0.6715
   289   271   275  2.5384  0.6701
   281   266   276  2.5380  0.6715
   297   265   279  2.5351  0.6750
   283   273   275  2.5330  0.6682
   286   265   275  2.5316  0.6677
   288   266   275  2.5309  0.6674
   297   264   277  2.5250  0.6683
   284   265   275  2.5237  0.6649
   289   267   275  2.5237  0.6649
   288   260   278  2.5230  0.6691
   289   260   280  2.5192  0.6708
   281   275   283  2.5160  0.6744
   289   260   278  2.5108  0.6648
   281   263   283  2.5083  0.6716
   287   260   278  2.5072  0.6635
   288   276   281  2.5060  0.6676
   290   260   282  2.5044  0.6686
   281   268   279  2.5036  0.6637
   287   273   275  2.5033  0.6578
   286   260   282  2.5003  0.6672
   288   277   283  3.1427  0.9153
   287   277   283  3.1285  0.9094
   289   277   283  3.1137  0.9034
   286   269   274  3.0857  0.8728
   286   270   274  3.0827  0.8716
   287   269   274  3.0788  0.8701
   287   270   274  3.0707  0.8669
   285   270   274  3.0686  0.8661
   285   269   274  3.0675  0.8657
   286   277   283  3.0659  0.8840
   286   268   274  3.0658  0.8650
   287   268   274  3.0635  0.8641
   286   271   274  3.0573  0.8617
   290   277   283  3.0508  0.8779
   285   271   274  3.0472  0.8577
   288   269   274  3.0449  0.8568
   285   268   274  3.0437  0.8563
   287   271   274  3.0403  0.8550
   288   268   274  3.0348  0.8528
   284   270   274  3.0307  0.8512
   288   270   274  3.0307  0.8512
   284   269   274  3.0262  0.8495
   287   267   274  3.0223  0.8480
   286   267   274  3.0213  0.8476
   284   271   274  3.0123  0.8440
   286   272   274  3.0091  0.8428
   285   272   274  3.0023  0.8402
   284   268   274  2.9987  0.8388
   288   267   274  2.9973  0.8382
   285   267   274  2.9959  0.8377
   288   271   274  2.9939  0.8369
   287   272   274  2.9874  0.8344
   289   269   274  2.9823  0.8324
   289   268   274  2.9779  0.8307
   283   270   274  2.9707  0.8279
   284   272   274  2.9700  0.8277
   291   277   283  2.9637  0.8431
   283   269   274  2.9631  0.8250
   289   270   274  2.9610  0.8242
   285   277   283  2.9556  0.8399
   283   271   274  2.9546  0.8218
   287   266   274  2.9528  0.8210
   286   266   274  2.9500  0.8200
   284   267   274  2.9474  0.8190
   289   267   274  2.9444  0.8178
   286   273   274  2.9358  0.8145
   288   272   274  2.9353  0.8144
   283   268   274  2.9320  0.8131
   285   273   274  2.9320  0.8131
   288   266   274  2.9293  0.8121
   285   266   274  2.9224  0.8094
   289   271   274  2.9171  0.8074
   283   272   274  2.9143  0.8063
   287   273   274  2.9104  0.8048
   284   273   274  2.9020  0.8016
   290   268   274  2.8912  0.7976
   290   269   274  2.8896  0.7969
   282   270   274  2.8888  0.7967
   282   269   274  2.8785  0.7928
   289   266   274  2.8782  0.7926
   283   267   274  2.8770  0.7922
   282   271   274  2.8749  0.7914
   284   266   274  2.8711  0.7899
   290   267   274  2.8619  0.7865
   290   270   274  2.8613  0.7862
   292   277   283  2.8603  0.8027
   288   273   274  2.8540  0.7835
   289   272   274  2.8521  0.7828
   287   265   274  2.8520  0.7827
   286   265   274  2.8495  0.7818
   283   273   274  2.8482  0.7813
   282   268   274  2.8441  0.7798
   282   272   274  2.8361  0.7768
   286   274   274  2.8351  0.7764
   285   274   274  2.8339  0.7759
   288   265   274  2.8278  0.7737
   285   265   274  2.8214  0.7713
   290   271   274  2.8101  0.7671
   287   259   283  2.8093  0.7831
   287   274   274  2.8072  0.7660
   284   274   274  2.8064  0.7657
   284   277   283  2.8057  0.7817
   290   266   274  2.7976  0.7624
   283   266   274  2.7975  0.7623
   286   259   283  2.7908  0.7760
   282   267   274  2.7854  0.7579
   281   270   274  2.7843  0.7575
   289   265   274  2.7759  0.7544
   288   259   283  2.7759  0.7703
   281   271   274  2.7720  0.7529
   282   273   274  2.7718  0.7528
   281   269   274  2.7718  0.7528
   284   265   274  2.7688  0.7517
   289   273   274  2.7660  0.7507
   283   274   274  2.7552  0.7467
   288   274   274  2.7482  0.7441
   293   277   283  2.7444  0.7584
   290   272   274  2.7387  0.7406
   281   268   274  2.7346  0.7391
   281   272   274  2.7346  0.7391
   286   264   274  2.7175  0.7329
   287   264   274  2.7174  0.7328
   285   259   283  2.7158  0.7477
   282   266   274  2.7026  0.7275
   289   259   283  2.7001  0.7418
   283   265   274  2.6932  0.7240
   285   264   274  2.6911  0.7233
   282   274   274  2.6814  0.7197
   281   267   274  2.6731  0.7167
   281   273   274  2.6719  0.7163
   280   270   274  2.6557  0.7104
   298   269   283  2.6535  0.7245
   280   271   274  2.6442  0.7063
   280   269   274  2.6420  0.7055
   298   270   283  2.6405  0.7197
   284   264   274  2.6393  0.7045
   280   270   276  2.6335  0.7056
   298   268   277  2.6318  0.7066
   283   277   283  2.6300  0.7158
   298   268   283  2.6292  0.7155
   280   271   276  2.6220  0.7014
   298   267   277  2.6204  0.7024
   280   269   276  2.6173  0.6997
   294   277   283  2.6162  0.7107
   298   269   277  2.6082  0.6980
   280   272   274  2.6077  0.6932
   280   268   274  2.6036  0.6917
   282   265   274  2.5963  0.6891
   290   259   283  2.5946  0.7028
   298   271   283  2.5935  0.7024
   281   266   274  2.5881  0.6862
   284   259   283  2.5857  0.6996
   280   272   276  2.5798  0.6863
   298   266   277  2.5762  0.6865
   280   268   276  2.5759  0.6849
   298   267   283  2.5702  0.6939
   283   264   274  2.5637  0.6776
   298   270   277  2.5505  0.6774
   280   267   274  2.5410  0.6696
   280   269   283  2.5298  0.6793
   280   270   283  2.5282  0.6787
   286   259   280  2.5232  0.6722
   280   268   283  2.5204  0.6759
   298   272   283  2.5192  0.6755
   280   271   283  2.5164  0.6745
   280   267   276  2.5108  0.6618
   285   259   280  2.5091  0.6672
   298   265   277  2.5045  0.6611
   280   273   276  2.5038  0.6594
   288   278   283  2.8879  0.8134
   287   278   283  2.8712  0.8069
   289   278   283  2.8667  0.8052
   290   278   283  2.8148  0.7852
   286   278   283  2.8126  0.7843
   291   268   274  2.7739  0.7536
   291   269   274  2.7668  0.7510
   291   267   274  2.7486  0.7443
   291   278   283  2.7400  0.7567
   291   270   274  2.7322  0.7383
   285   278   283  2.7134  0.7468
   285   275   274  2.7070  0.7291
   286   275   274  2.7059  0.7287
   290   265   274  2.6951  0.7247
   288   264   274  2.6903  0.7230
   291   266   274  2.6866  0.7216
   284   275   274  2.6827  0.7202
   287   275   274  2.6766  0.7180
   291   271   274  2.6747  0.7173
   289   274   274  2.6580  0.7113
   292   278   283  2.6484  0.7226
   290   273   274  2.6481  0.7077
   289   264   274  2.6355  0.7032
   283   275   274  2.6352  0.7031
   288   275   274  2.6173  0.6966
   291   272   274  2.5979  0.6897
   291   265   274  2.5846  0.6850
   281   274   274  2.5843  0.6849
   284   278   283  2.5805  0.6977
   282   275   274  2.5656  0.6782
   290   264   274  2.5526  0.6737
   286   263   274  2.5518  0.6734
   287   263   274  2.5471  0.6717
   280   273   274  2.5466  0.6715
   293   278   283  2.5434  0.6842
   290   274   274  2.5384  0.6686
   285   263   274  2.5296  0.6655
   289   275   274  2.5277  0.6649
   288   263   274  2.5152  0.6605
   279   270   276  2.5111  0.6620
   291   273   274  2.5039  0.6565
   279   270   274  2.5024  0.6560
   279   271   276  2.5013  0.6585
   292   268   274  2.6272  0.7002
   288   279   283  2.6186  0.7116
   292   269   274  2.6159  0.6961
   289   279   283  2.6060  0.7070
   292   267   274  2.6054  0.6924
   287   279   283  2.5983  0.7042
   292   270   274  2.5767  0.6822
   290   279   283  2.5655  0.6922
   285   276   274  2.5532  0.6738
   286   276   274  2.5497  0.6726
   292   266   274  2.5458  0.6713
   286   279   283  2.5430  0.6841
   284   276   274  2.5328  0.6667
   287   276   274  2.5201  0.6622
   292   271   274  2.5150  0.6604
   291   279   283  2.5028  0.6696
