#   X     Y     Z      S       D
    83   130   147  3.5486  0.9928
    83   131   147  3.5340  0.9869
    82   130   147  3.5313  0.9859
    84   130   147  3.5251  0.9834
    82   131   147  3.5160  0.9798
    84   131   147  3.5105  0.9776
    83   129   147  3.5081  0.9767
    82   129   147  3.4943  0.9712
    84   129   147  3.4826  0.9666
    82   130   148  3.2540  0.8778
    82   129   148  3.2437  0.8739
    83   130   148  3.2425  0.8735
    83   129   148  3.2235  0.8664
    82   131   148  3.2165  0.8638
    83   131   148  3.2121  0.8621
    84   130   148  3.1911  0.8543
    84   131   148  3.1710  0.8469
    84   129   148  3.1614  0.8433
    81   130   147  3.4724  0.9626
    83   132   147  3.4695  0.9615
    85   130   147  3.4623  0.9587
    81   131   147  3.4562  0.9563
    82   132   147  3.4538  0.9553
    85   131   147  3.4471  0.9527
    84   132   147  3.4442  0.9516
    81   129   147  3.4400  0.9499
    85   129   147  3.4198  0.9421
    83   128   147  3.4146  0.9400
    82   128   147  3.4064  0.9369
    81   132   147  3.3967  0.9331
    84   128   147  3.3859  0.9290
    85   132   147  3.3792  0.9264
    81   128   147  3.3597  0.9188
    85   128   147  3.3230  0.9048
    81   130   148  3.2244  0.8667
    81   129   148  3.2206  0.8653
    81   131   148  3.1834  0.8515
    82   128   148  3.1831  0.8514
    81   128   148  3.1683  0.8459
    83   128   148  3.1536  0.8405
    82   132   148  3.1400  0.8355
    83   132   148  3.1399  0.8354
    84   132   148  3.1076  0.8236
    81   132   148  3.1065  0.8232
    85   130   148  3.1025  0.8218
    85   131   148  3.0956  0.8192
    84   128   148  3.0821  0.8143
    85   129   148  3.0611  0.8067
    85   132   148  3.0448  0.8009
    85   128   148  2.9733  0.7753
    82   132   149  2.9351  0.7611
    83   132   149  2.9238  0.7571
    82   131   149  2.9122  0.7530
    81   132   149  2.9109  0.7525
    83   131   149  2.9000  0.7487
    81   131   149  2.8884  0.7447
    84   132   149  2.8817  0.7424
    84   131   149  2.8564  0.7336
    82   130   149  2.8461  0.7300
    83   130   149  2.8312  0.7249
    81   130   149  2.8259  0.7230
    85   132   149  2.8120  0.7183
    84   130   149  2.7855  0.7092
    85   131   149  2.7846  0.7089
    82   129   149  2.7432  0.6948
    81   129   149  2.7290  0.6900
    83   129   149  2.7242  0.6884
    85   130   149  2.7121  0.6843
    84   129   149  2.6761  0.6722
    82   128   149  2.6140  0.6516
    81   128   149  2.6073  0.6494
    85   129   149  2.6019  0.6476
    83   128   149  2.5902  0.6438
    84   128   149  2.5399  0.6273
    84   132   150  3.3878  0.9268
    85   132   150  3.3807  0.9240
    84   133   150  3.3754  0.9220
    83   132   150  3.3753  0.9220
    80   130   147  3.3719  0.9235
    85   133   150  3.3705  0.9201
    83   133   147  3.3673  0.9218
    84   131   150  3.3640  0.9177
    86   130   147  3.3637  0.9204
    83   133   150  3.3623  0.9170
    86   132   150  3.3570  0.9150
    82   133   147  3.3560  0.9174
    80   131   147  3.3548  0.9170
    83   131   150  3.3544  0.9140
    85   131   150  3.3526  0.9133
    86   133   150  3.3501  0.9124
    86   131   147  3.3470  0.9140
    80   129   147  3.3448  0.9131
    82   132   150  3.3399  0.9085
    84   133   147  3.3386  0.9108
    82   133   150  3.3285  0.9041
    86   131   150  3.3243  0.9025
    86   129   147  3.3232  0.9049
    82   131   150  3.3201  0.9009
    81   133   147  3.3045  0.8978
    84   130   150  3.3010  0.8937
    80   132   147  3.2991  0.8957
    83   130   150  3.2960  0.8918
    85   130   150  3.2841  0.8873
    81   132   150  3.2791  0.8854
    86   132   147  3.2779  0.8877
    83   127   147  3.2773  0.8875
    82   127   147  3.2755  0.8868
    80   128   147  3.2732  0.8859
    85   133   147  3.2713  0.8852
    81   133   150  3.2710  0.8824
    82   130   150  3.2649  0.8801
    81   131   150  3.2585  0.8777
    86   130   150  3.2508  0.8748
    84   127   147  3.2454  0.8755
    81   127   147  3.2376  0.8726
    86   128   147  3.2294  0.8695
    80   133   147  3.2140  0.8637
    81   130   150  3.2050  0.8578
    83   129   150  3.2000  0.8559
    84   129   150  3.1998  0.8558
    80   132   150  3.1906  0.8524
    80   133   150  3.1870  0.8511
    85   127   147  3.1829  0.8522
    85   129   150  3.1775  0.8476
    82   129   150  3.1734  0.8461
    86   133   147  3.1687  0.8469
    80   131   150  3.1682  0.8442
    80   127   147  3.1617  0.8443
    80   129   148  3.1551  0.8410
    80   130   148  3.1546  0.8408
    86   129   150  3.1397  0.8337
    81   129   150  3.1175  0.8256
    80   130   150  3.1158  0.8250
    80   131   148  3.1130  0.8256
    80   128   148  3.1100  0.8245
    86   127   147  3.0941  0.8195
    82   127   148  3.0757  0.8120
    83   128   150  3.0702  0.8084
    81   127   148  3.0697  0.8098
    84   128   150  3.0650  0.8066
    82   128   150  3.0486  0.8007
    80   132   148  3.0389  0.7987
    85   128   150  3.0384  0.7970
    83   133   148  3.0383  0.7985
    83   127   148  3.0383  0.7985
    82   133   148  3.0366  0.7979
    80   129   150  3.0320  0.7947
    80   127   148  3.0203  0.7921
    84   133   148  3.0123  0.7892
    81   133   148  3.0055  0.7868
    81   128   150  2.9980  0.7825
    86   128   150  2.9977  0.7824
    86   131   148  2.9901  0.7813
    86   130   148  2.9825  0.7786
    85   133   148  2.9603  0.7707
    84   127   148  2.9603  0.7707
    86   132   148  2.9548  0.7688
    80   133   148  2.9433  0.7647
    86   129   148  2.9295  0.7598
    80   128   150  2.9186  0.7545
    82   133   149  2.9142  0.7537
    83   127   150  2.9131  0.7526
    84   127   150  2.9043  0.7495
    83   133   149  2.9019  0.7494
    82   127   150  2.8964  0.7468
    81   133   149  2.8925  0.7461
    86   133   148  2.8846  0.7441
    85   127   150  2.8752  0.7394
    84   133   149  2.8605  0.7350
    81   127   150  2.8518  0.7313
    85   127   148  2.8479  0.7313
    80   132   149  2.8458  0.7299
    86   128   148  2.8354  0.7270
    80   133   149  2.8312  0.7249
    80   131   149  2.8239  0.7224
    85   133   149  2.7932  0.7118
    80   127   150  2.7802  0.7067
    80   130   149  2.7662  0.7026
    86   132   149  2.7163  0.6857
    86   127   148  2.7098  0.6842
    86   133   149  2.7013  0.6807
    86   131   149  2.6866  0.6757
    80   129   149  2.6776  0.6727
    86   130   149  2.6134  0.6514
    80   128   149  2.5664  0.6360
    86   129   149  2.5045  0.6159
    84   134   150  3.3332  0.9059
    85   134   150  3.3281  0.9040
    83   134   150  3.3222  0.9017
    87   132   150  3.3206  0.9011
    87   133   150  3.3169  0.8997
    86   134   150  3.3088  0.8966
    82   134   150  3.2924  0.8905
    87   131   150  3.2841  0.8873
    87   134   150  3.2773  0.8848
    83   131   151  3.2550  0.8755
    82   131   151  3.2502  0.8737
    83   134   147  3.2427  0.8744
    81   134   150  3.2406  0.8710
    83   132   151  3.2396  0.8698
    84   131   151  3.2385  0.8694
    82   134   147  3.2367  0.8722
    87   130   147  3.2346  0.8714
    79   130   147  3.2312  0.8702
    82   130   151  3.2290  0.8658
    82   132   151  3.2289  0.8658
    84   132   151  3.2283  0.8656
    83   130   151  3.2255  0.8645
    81   131   151  3.2175  0.8615
    87   131   147  3.2157  0.8644
    79   131   147  3.2142  0.8638
    84   134   147  3.2100  0.8622
    79   129   147  3.2094  0.8620
    87   130   150  3.2072  0.8586
    81   130   151  3.2055  0.8571
    85   131   151  3.2053  0.8570
    84   130   151  3.2019  0.8558
    85   132   151  3.1995  0.8549
    87   129   147  3.1982  0.8578
    81   134   147  3.1923  0.8556
    81   132   151  3.1899  0.8513
    83   133   151  3.1826  0.8486
    84   133   151  3.1748  0.8458
    82   133   151  3.1682  0.8433
    82   129   151  3.1648  0.8421
    79   132   147  3.1635  0.8450
    85   130   151  3.1630  0.8414
    80   134   150  3.1629  0.8422
    86   131   151  3.1580  0.8396
    86   132   151  3.1555  0.8387
    81   129   151  3.1531  0.8378
    83   129   151  3.1509  0.8370
    85   133   151  3.1492  0.8364
    80   131   151  3.1492  0.8363
    79   128   147  3.1472  0.8390
    80   130   151  3.1471  0.8356
    87   132   147  3.1458  0.8385
    85   134   147  3.1401  0.8364
    81   133   151  3.1256  0.8277
    84   129   151  3.1185  0.8252
    80   132   151  3.1150  0.8239
    82   126   147  3.1135  0.8266
    86   130   151  3.1118  0.8227
    80   134   147  3.1109  0.8257
    87   128   147  3.1108  0.8256
    83   126   147  3.1097  0.8252
    86   133   151  3.1081  0.8214
    80   129   151  3.1073  0.8211
    87   131   151  3.0981  0.8177
    87   132   151  3.0976  0.8176
    87   129   150  3.0938  0.8170
    83   134   151  3.0898  0.8147
    79   133   147  3.0877  0.8172
    84   134   151  3.0844  0.8128
    81   126   147  3.0837  0.8158
    84   126   147  3.0758  0.8129
    79   133   150  3.0743  0.8099
    79   132   150  3.0737  0.8097
    82   134   151  3.0735  0.8088
    85   129   151  3.0729  0.8086
    85   134   151  3.0615  0.8045
    81   128   151  3.0610  0.8043
    82   128   151  3.0595  0.8038
    79   134   150  3.0563  0.8034
    87   133   151  3.0526  0.8013
    79   129   148  3.0503  0.8028
    87   130   151  3.0502  0.8004
    79   131   150  3.0495  0.8010
    80   133   151  3.0476  0.7995
    79   130   148  3.0472  0.8017
    79   127   147  3.0471  0.8025
    79   130   151  3.0462  0.7990
    79   131   151  3.0382  0.7962
    87   133   147  3.0368  0.7988
    86   134   147  3.0364  0.7986
    83   128   151  3.0339  0.7946
    80   128   151  3.0298  0.7931
    81   134   151  3.0298  0.7931
    86   134   151  3.0233  0.7908
    79   129   151  3.0197  0.7895
    80   126   147  3.0177  0.7919
    86   129   151  3.0176  0.7888
    85   126   147  3.0154  0.7911
    79   128   148  3.0115  0.7889
    79   131   148  3.0069  0.7873
    79   130   150  2.9984  0.7827
    79   132   151  2.9978  0.7817
    79   134   147  2.9960  0.7842
    84   128   151  2.9920  0.7797
    87   127   147  2.9843  0.7800
    87   134   151  2.9706  0.7721
    79   128   151  2.9576  0.7675
    87   129   151  2.9549  0.7666
    80   134   151  2.9519  0.7655
    87   128   150  2.9516  0.7661
    85   128   151  2.9394  0.7611
    79   132   148  2.9375  0.7626
    86   126   147  2.9333  0.7619
    81   126   148  2.9325  0.7609
    81   127   151  2.9317  0.7584
    82   126   148  2.9311  0.7604
    79   127   148  2.9308  0.7603
    79   133   151  2.9282  0.7572
    83   134   148  2.9210  0.7568
    82   134   148  2.9198  0.7564
    79   129   150  2.9192  0.7547
    82   127   151  2.9168  0.7532
    80   127   151  2.9155  0.7527
    79   126   147  2.9143  0.7552
    87   134   147  2.9049  0.7520
    84   134   148  2.8989  0.7491
    81   134   148  2.8929  0.7470
    80   126   148  2.8921  0.7467
    83   126   148  2.8886  0.7455
    86   128   151  2.8805  0.7405
    83   127   151  2.8798  0.7403
    87   131   148  2.8607  0.7358
    79   127   151  2.8597  0.7333
    85   134   148  2.8550  0.7338
    82   134   149  2.8541  0.7328
    79   133   148  2.8492  0.7318
    87   132   148  2.8421  0.7293
    83   134   149  2.8393  0.7277
    87   130   148  2.8386  0.7281
    80   134   148  2.8377  0.7278
    81   134   149  2.8373  0.7270
    87   126   147  2.8344  0.7274
    79   134   151  2.8344  0.7246
    86   127   150  2.8341  0.7252
    84   127   151  2.8289  0.7227
    87   128   151  2.8182  0.7190
    79   128   150  2.8132  0.7180
    79   126   148  2.8130  0.7193
    84   126   148  2.8087  0.7178
    84   134   149  2.7982  0.7135
    86   134   148  2.7909  0.7117
    87   127   150  2.7903  0.7102
    87   133   148  2.7882  0.7108
    80   134   149  2.7832  0.7084
    87   129   148  2.7758  0.7066
    85   127   151  2.7706  0.7028
    81   126   151  2.7692  0.7023
    80   126   151  2.7669  0.7015
    79   134   148  2.7521  0.6985
    82   126   151  2.7425  0.6933
    83   126   150  2.7376  0.6923
    79   132   149  2.7368  0.6926
    85   134   149  2.7336  0.6915
    84   126   150  2.7268  0.6886
    79   126   151  2.7267  0.6880
    79   133   149  2.7265  0.6892
    82   126   150  2.7249  0.6880
    79   131   149  2.7159  0.6856
    86   127   151  2.7098  0.6822
    87   134   148  2.7085  0.6837
    85   126   148  2.6983  0.6803
    85   126   150  2.6980  0.6789
    83   126   151  2.6962  0.6777
    79   134   149  2.6877  0.6761
    81   126   150  2.6866  0.6751
    79   127   150  2.6844  0.6744
    87   128   148  2.6782  0.6736
    79   130   149  2.6644  0.6683
    86   126   150  2.6594  0.6661
    87   127   151  2.6502  0.6624
    86   134   149  2.6464  0.6623
    84   126   151  2.6389  0.6586
    80   126   150  2.6234  0.6541
    87   132   149  2.5961  0.6457
    79   129   149  2.5865  0.6426
    87   133   149  2.5856  0.6423
    85   126   151  2.5776  0.6385
    86   126   148  2.5667  0.6367
    87   131   149  2.5643  0.6353
    87   127   148  2.5564  0.6333
    79   126   150  2.5385  0.6263
    87   134   149  2.5370  0.6264
    86   126   151  2.5178  0.6191
    88   132   150  3.2752  0.8840
    88   133   150  3.2736  0.8834
    84   135   150  3.2699  0.8820
    83   135   150  3.2633  0.8795
    85   135   150  3.2619  0.8790
    86   135   150  3.2412  0.8712
    82   135   150  3.2394  0.8706
    88   131   150  3.2368  0.8696
    88   134   150  3.2357  0.8692
    81   130   152  3.2239  0.8631
    81   129   152  3.2220  0.8624
    82   130   152  3.2173  0.8606
    87   135   150  3.2094  0.8594
    82   129   152  3.2083  0.8573
    80   129   152  3.1946  0.8522
    81   135   150  3.1945  0.8539
    80   130   152  3.1913  0.8510
    81   131   152  3.1795  0.8467
    82   131   152  3.1793  0.8466
    83   130   152  3.1779  0.8461
    81   128   152  3.1688  0.8427
    88   135   150  3.1678  0.8440
    83   129   152  3.1602  0.8396
    88   130   150  3.1593  0.8409
    83   131   152  3.1490  0.8355
    82   128   152  3.1483  0.8352
    80   128   152  3.1480  0.8351
    80   131   152  3.1434  0.8334
    80   135   150  3.1242  0.8280
    79   129   152  3.1227  0.8259
    79   130   152  3.1159  0.8234
    84   130   152  3.1134  0.8225
    83   135   147  3.1101  0.8254
    82   135   147  3.1092  0.8250
    82   132   152  3.1038  0.8190
    81   132   152  3.0987  0.8172
    84   131   152  3.0956  0.8161
    83   128   152  3.0931  0.8152
    84   129   152  3.0862  0.8126
    88   130   147  3.0827  0.8154
    79   128   152  3.0822  0.8112
    83   132   152  3.0821  0.8112
    84   135   147  3.0738  0.8121
    81   135   147  3.0717  0.8114
    79   131   152  3.0671  0.8058
    81   127   152  3.0653  0.8051
    88   131   147  3.0611  0.8076
    80   132   152  3.0608  0.8035
    78   130   147  3.0552  0.8054
    88   129   147  3.0521  0.8043
    80   127   152  3.0516  0.8002
    88   129   150  3.0470  0.8001
    84   132   152  3.0396  0.7959
    78   131   147  3.0395  0.7998
    82   127   152  3.0389  0.7956
    78   129   147  3.0376  0.7991
    85   130   152  3.0318  0.7931
    88   132   151  3.0266  0.7920
    88   131   151  3.0265  0.7919
    85   131   152  3.0256  0.7909
    79   135   150  3.0243  0.7919
    84   128   152  3.0127  0.7863
    78   129   152  3.0068  0.7842
    82   133   152  3.0039  0.7832
    85   135   147  3.0016  0.7862
    80   135   147  2.9996  0.7855
    78   130   152  2.9979  0.7810
    78   132   147  2.9960  0.7842
    85   129   152  2.9953  0.7801
    81   133   152  2.9949  0.7800
    79   127   152  2.9941  0.7797
    88   132   147  2.9911  0.7824
    83   133   152  2.9892  0.7779
    79   132   152  2.9861  0.7768
    78   128   147  2.9843  0.7800
    88   133   151  2.9832  0.7766
    85   132   152  2.9815  0.7752
    83   127   152  2.9797  0.7746
    88   130   151  2.9794  0.7752
    88   128   147  2.9740  0.7763
    78   128   152  2.9720  0.7718
    83   135   151  2.9691  0.7716
    84   135   151  2.9657  0.7704
    80   133   152  2.9568  0.7665
    84   133   152  2.9560  0.7662
    82   135   151  2.9522  0.7656
    78   131   152  2.9506  0.7643
    85   135   151  2.9457  0.7633
    86   131   152  2.9444  0.7621
    86   130   152  2.9400  0.7606
    78   133   150  2.9331  0.7596
    82   125   147  2.9329  0.7618
    78   133   147  2.9316  0.7613
    78   132   150  2.9295  0.7583
    83   125   147  2.9261  0.7594
    78   134   150  2.9196  0.7549
    81   126   152  2.9176  0.7528
    85   128   152  2.9169  0.7525
    78   129   148  2.9124  0.7538
    86   132   152  2.9118  0.7507
    86   135   151  2.9109  0.7511
    80   126   152  2.9108  0.7504
    81   135   151  2.9093  0.7506
    81   125   147  2.9086  0.7532
    85   133   152  2.9084  0.7495
    88   128   150  2.9080  0.7508
    78   130   148  2.9076  0.7521
    78   131   150  2.9049  0.7497
    88   134   151  2.9039  0.7487
    78   130   151  2.8987  0.7469
    84   127   152  2.8973  0.7457
    86   135   147  2.8970  0.7492
    79   135   147  2.8966  0.7490
    86   129   152  2.8962  0.7453
    78   127   147  2.8957  0.7487
    82   134   152  2.8932  0.7443
    78   127   152  2.8929  0.7441
    78   135   150  2.8929  0.7455
    84   125   147  2.8926  0.7476
    82   126   152  2.8876  0.7423
    88   129   151  2.8867  0.7427
    79   133   152  2.8854  0.7415
    78   129   151  2.8854  0.7422
    88   133   147  2.8837  0.7445
    83   134   152  2.8836  0.7409
    81   134   152  2.8820  0.7404
    78   131   151  2.8813  0.7408
    78   128   148  2.8794  0.7423
    78   132   152  2.8739  0.7376
    78   131   148  2.8694  0.7388
    79   126   152  2.8627  0.7337
    87   135   151  2.8618  0.7341
    88   127   147  2.8596  0.7361
    84   134   152  2.8573  0.7318
    87   131   152  2.8570  0.7317
    78   130   150  2.8564  0.7329
    78   134   147  2.8539  0.7342
    80   125   147  2.8500  0.7328
    86   133   152  2.8491  0.7290
    80   134   152  2.8450  0.7275
    87   130   152  2.8444  0.7274
    78   128   151  2.8390  0.7262
    85   125   147  2.8368  0.7282
    78   132   151  2.8356  0.7250
    80   135   151  2.8345  0.7246
    87   132   152  2.8341  0.7238
    83   126   152  2.8281  0.7218
    85   134   152  2.8174  0.7181
    86   128   152  2.8154  0.7174
    78   127   148  2.8079  0.7175
    78   132   148  2.8055  0.7167
    85   127   152  2.8023  0.7129
    82   135   148  2.8011  0.7152
    83   135   148  2.8006  0.7150
    88   135   151  2.7987  0.7123
    87   129   152  2.7962  0.7108
    82   135   152  2.7835  0.7065
    78   129   150  2.7831  0.7077
    87   133   152  2.7806  0.7055
    84   135   148  2.7801  0.7080
    78   133   152  2.7799  0.7053
    81   135   148  2.7791  0.7077
    79   134   152  2.7782  0.7047
    83   135   152  2.7766  0.7042
    78   126   147  2.7746  0.7068
    78   126   152  2.7728  0.7029
    81   135   152  2.7716  0.7025
    78   135   147  2.7689  0.7049
    81   125   148  2.7688  0.7042
    88   131   152  2.7673  0.7010
    87   135   147  2.7665  0.7041
    86   134   152  2.7660  0.7006
    78   133   151  2.7655  0.7011
    82   135   149  2.7638  0.7018
    86   125   147  2.7635  0.7031
    82   125   148  2.7629  0.7022
    78   127   151  2.7582  0.6986
    79   125   147  2.7554  0.7003
    88   128   151  2.7550  0.6975
    84   135   152  2.7544  0.6966
    88   134   147  2.7543  0.6999
    81   135   149  2.7533  0.6982
    88   127   150  2.7524  0.6973
    88   132   152  2.7514  0.6956
    88   130   152  2.7499  0.6951
    84   126   152  2.7491  0.6948
    83   135   149  2.7462  0.6958
    85   135   148  2.7414  0.6949
    80   135   152  2.7368  0.6907
    80   125   148  2.7360  0.6930
    81   125   152  2.7356  0.6903
    80   125   152  2.7340  0.6898
    80   135   148  2.7312  0.6914
    78   133   148  2.7249  0.6893
    88   126   147  2.7240  0.6897
    79   135   151  2.7228  0.6866
    83   125   148  2.7193  0.6874
    85   135   152  2.7192  0.6848
    87   128   152  2.7166  0.6839
    88   131   148  2.7147  0.6858
    88   132   148  2.7120  0.6849
    80   135   149  2.7086  0.6831
    84   135   149  2.7053  0.6820
    88   133   152  2.7051  0.6800
    86   127   152  2.7048  0.6800
    82   125   152  2.7048  0.6800
    87   134   152  2.7044  0.6798
    78   126   148  2.7014  0.6814
    88   129   152  2.7011  0.6787
    79   125   152  2.6952  0.6767
    78   128   150  2.6862  0.6750
    86   135   148  2.6855  0.6760
    78   134   152  2.6808  0.6719
    88   130   148  2.6799  0.6742
    87   125   147  2.6773  0.6739
    78   134   151  2.6759  0.6709
    79   135   152  2.6756  0.6702
    88   133   148  2.6747  0.6724
    86   135   152  2.6723  0.6691
    79   125   148  2.6669  0.6698
    85   126   152  2.6610  0.6654
    79   135   148  2.6545  0.6657
    83   125   152  2.6495  0.6615
    85   135   149  2.6437  0.6614
    84   125   148  2.6425  0.6617
    78   126   151  2.6423  0.6598
    78   134   148  2.6368  0.6598
    88   134   152  2.6346  0.6566
    88   128   152  2.6264  0.6539
    79   135   149  2.6254  0.6554
    78   125   147  2.6253  0.6566
    87   126   150  2.6209  0.6533
    88   135   147  2.6185  0.6544
    78   125   152  2.6174  0.6510
    87   135   152  2.6148  0.6501
    87   127   152  2.6135  0.6497
    87   135   148  2.6135  0.6521
    88   129   148  2.6099  0.6509
    88   134   148  2.6097  0.6508
    88   127   151  2.5948  0.6441
    88   126   150  2.5912  0.6435
    80   125   151  2.5883  0.6420
    78   135   152  2.5873  0.6411
    78   132   149  2.5855  0.6422
    88   125   147  2.5820  0.6423
    78   133   149  2.5799  0.6404
    81   125   151  2.5795  0.6391
    84   125   152  2.5792  0.6384
    86   126   152  2.5741  0.6368
    78   135   151  2.5731  0.6370
    78   127   150  2.5688  0.6362
    78   125   148  2.5672  0.6369
    78   131   149  2.5661  0.6359
    86   135   149  2.5620  0.6345
    79   125   151  2.5617  0.6333
    83   125   150  2.5537  0.6313
    78   134   149  2.5514  0.6311
    78   135   148  2.5486  0.6308
    88   135   152  2.5480  0.6283
    82   125   151  2.5444  0.6277
    82   125   150  2.5439  0.6281
    84   125   150  2.5429  0.6278
    85   125   148  2.5398  0.6279
    88   127   152  2.5341  0.6238
    88   135   148  2.5263  0.6235
    78   130   149  2.5222  0.6216
    85   125   150  2.5170  0.6194
    88   128   148  2.5122  0.6190
    81   125   150  2.5112  0.6175
    85   125   152  2.5040  0.6141
    78   135   149  2.5036  0.6156
    89   132   150  3.2242  0.8649
    89   133   150  3.2230  0.8644
    84   136   150  3.1937  0.8536
    83   136   150  3.1931  0.8533
    89   131   150  3.1868  0.8510
    89   134   150  3.1855  0.8506
    85   136   150  3.1807  0.8488
    82   136   150  3.1760  0.8470
    86   136   150  3.1562  0.8397
    81   136   150  3.1382  0.8332
    87   136   150  3.1217  0.8271
    89   135   150  3.1174  0.8256
    89   130   150  3.1120  0.8236
    88   136   150  3.0780  0.8112
    80   136   150  3.0751  0.8102
    83   130   153  3.0480  0.7982
    82   130   153  3.0403  0.7954
    83   131   153  3.0365  0.7940
    84   130   153  3.0309  0.7920
    82   131   153  3.0283  0.7911
    89   136   150  3.0256  0.7924
    84   131   153  3.0212  0.7886
    89   129   150  3.0046  0.7849
    81   130   153  3.0020  0.7817
    83   129   153  3.0005  0.7812
    82   129   153  2.9951  0.7793
    85   130   153  2.9946  0.7791
    81   131   153  2.9907  0.7777
    85   131   153  2.9878  0.7767
    82   136   147  2.9819  0.7791
    79   136   150  2.9819  0.7768
    84   129   153  2.9812  0.7744
    83   136   147  2.9789  0.7781
    83   132   153  2.9710  0.7708
    82   132   153  2.9642  0.7684
    81   129   153  2.9595  0.7667
    84   132   153  2.9567  0.7657
    81   136   147  2.9502  0.7679
    89   131   151  2.9442  0.7628
    86   130   153  2.9440  0.7613
    89   132   151  2.9433  0.7625
    85   129   153  2.9429  0.7609
    86   131   153  2.9411  0.7603
    84   136   147  2.9402  0.7643
    81   132   153  2.9304  0.7565
    80   130   153  2.9286  0.7559
    85   132   153  2.9265  0.7552
    80   131   153  2.9187  0.7524
    89   130   147  2.9166  0.7560
    89   133   151  2.9007  0.7475
    89   130   151  2.9006  0.7475
    83   128   153  2.8975  0.7450
    82   128   153  2.8958  0.7445
    89   129   147  2.8930  0.7478
    89   131   147  2.8922  0.7475
    86   129   153  2.8904  0.7426
    80   129   153  2.8897  0.7423
    80   136   147  2.8861  0.7454
    87   131   153  2.8850  0.7407
    86   132   153  2.8849  0.7407
    87   130   153  2.8836  0.7402
    84   128   153  2.8763  0.7377
    89   128   150  2.8728  0.7386
    85   136   147  2.8668  0.7386
    81   128   153  2.8661  0.7342
    80   132   153  2.8645  0.7336
    83   133   153  2.8640  0.7334
    82   133   153  2.8601  0.7321
    78   136   150  2.8560  0.7327
    77   130   147  2.8526  0.7337
    77   129   152  2.8521  0.7300
    84   133   153  2.8499  0.7286
    77   130   152  2.8426  0.7267
    77   131   147  2.8406  0.7295
    85   128   153  2.8374  0.7243
    77   129   147  2.8373  0.7284
    87   132   153  2.8349  0.7234
    81   133   153  2.8325  0.7226
    83   136   151  2.8295  0.7229
    87   129   153  2.8285  0.7212
    84   136   151  2.8280  0.7224
    89   128   147  2.8259  0.7245
    89   134   151  2.8236  0.7209
    89   132   147  2.8230  0.7234
    85   133   153  2.8228  0.7193
    88   131   153  2.8225  0.7192
    77   128   152  2.8223  0.7198
    79   130   153  2.8190  0.7180
    88   130   153  2.8168  0.7172
    89   129   151  2.8145  0.7178
    82   136   151  2.8126  0.7171
    85   136   151  2.8114  0.7167
    79   131   153  2.8109  0.7152
    77   132   147  2.8063  0.7177
    80   128   153  2.8043  0.7129
    77   131   152  2.7986  0.7117
    79   136   147  2.7939  0.7135
    77   128   147  2.7912  0.7125
    86   133   153  2.7863  0.7068
    86   128   153  2.7858  0.7067
    79   129   153  2.7845  0.7062
    86   136   151  2.7810  0.7063
    88   132   153  2.7790  0.7043
    80   133   153  2.7761  0.7033
    81   136   151  2.7724  0.7034
    77   133   150  2.7669  0.7022
    79   132   153  2.7643  0.6994
    77   132   150  2.7626  0.7007
    86   136   147  2.7623  0.7027
    88   129   153  2.7609  0.6982
    89   131   153  2.7561  0.6966
    77   133   147  2.7555  0.7003
    77   134   150  2.7554  0.6983
    82   127   153  2.7529  0.6955
    77   127   152  2.7522  0.6959
    77   129   148  2.7508  0.6981
    83   127   153  2.7503  0.6946
    89   130   153  2.7470  0.6935
    82   124   147  2.7445  0.6966
    77   130   148  2.7445  0.6959
    87   133   153  2.7430  0.6922
    77   131   150  2.7396  0.6929
    83   124   147  2.7385  0.6946
    87   136   151  2.7367  0.6913
    83   134   153  2.7329  0.6888
    82   134   153  2.7327  0.6887
    77   135   150  2.7317  0.6903
    81   127   153  2.7309  0.6881
    77   132   152  2.7288  0.6880
    84   127   153  2.7280  0.6871
    89   127   150  2.7264  0.6885
    87   128   153  2.7258  0.6864
    89   127   147  2.7258  0.6903
    77   128   148  2.7232  0.6887
    89   135   151  2.7219  0.6863
    81   124   147  2.7219  0.6889
    89   132   153  2.7190  0.6841
    89   133   147  2.7187  0.6879
    84   134   153  2.7185  0.6839
    77   127   147  2.7130  0.6860
    81   134   153  2.7125  0.6819
    79   128   153  2.7088  0.6807
    84   124   147  2.7088  0.6845
    77   131   148  2.7085  0.6838
    77   130   151  2.7065  0.6811
    77   129   151  2.7051  0.6807
    80   136   151  2.7033  0.6801
    77   136   150  2.6984  0.6791
    77   130   150  2.6954  0.6781
    88   133   153  2.6948  0.6760
    77   134   147  2.6938  0.6795
    85   134   153  2.6936  0.6756
    89   128   151  2.6925  0.6765
    89   129   153  2.6915  0.6749
    85   127   153  2.6909  0.6747
    82   136   148  2.6882  0.6769
    79   133   153  2.6878  0.6737
    83   136   148  2.6853  0.6760
    82   136   152  2.6820  0.6723
    77   131   151  2.6810  0.6726
    80   127   153  2.6801  0.6711
    78   136   147  2.6797  0.6747
    89   131   152  2.6785  0.6712
    88   136   151  2.6784  0.6718
    78   130   153  2.6764  0.6699
    83   136   152  2.6757  0.6702
    77   128   151  2.6738  0.6702
    81   136   152  2.6711  0.6687
    81   136   148  2.6710  0.6712
    78   131   153  2.6703  0.6679
    80   134   153  2.6670  0.6667
    80   124   147  2.6667  0.6704
    89   132   152  2.6666  0.6672
    84   136   148  2.6650  0.6692
    86   134   153  2.6615  0.6649
    88   128   153  2.6615  0.6649
    77   127   148  2.6608  0.6678
    85   124   147  2.6603  0.6683
    89   130   152  2.6601  0.6651
    82   136   149  2.6550  0.6652
    84   136   152  2.6550  0.6634
    81   136   149  2.6507  0.6638
    77   132   148  2.6497  0.6641
    78   129   153  2.6466  0.6600
    77   133   152  2.6443  0.6598
    77   126   152  2.6441  0.6597
    86   127   153  2.6432  0.6588
    89   133   153  2.6426  0.6587
    80   136   152  2.6397  0.6583
    83   136   149  2.6348  0.6585
    87   136   147  2.6331  0.6592
    78   132   153  2.6322  0.6552
    77   132   151  2.6321  0.6564
    80   136   148  2.6300  0.6575
    77   129   150  2.6296  0.6562
    85   136   148  2.6290  0.6572
    77   135   147  2.6251  0.6566
    89   133   152  2.6250  0.6535
    87   134   153  2.6242  0.6526
    85   136   152  2.6214  0.6523
    80   136   149  2.6162  0.6524
    89   129   152  2.6145  0.6500
    77   127   151  2.6100  0.6491
    89   136   151  2.6064  0.6479
    89   126   147  2.6061  0.6503
    77   126   147  2.6032  0.6493
    79   136   151  2.6009  0.6461
    82   135   153  2.5990  0.6443
    79   127   153  2.5984  0.6441
    86   124   147  2.5978  0.6475
    89   128   153  2.5966  0.6435
    83   135   153  2.5956  0.6432
    84   136   149  2.5946  0.6452
    89   134   147  2.5937  0.6462
    79   134   153  2.5930  0.6424
    81   124   148  2.5926  0.6452
    87   127   153  2.5889  0.6410
    81   135   153  2.5859  0.6400
    82   124   148  2.5857  0.6429
    79   136   152  2.5849  0.6403
    88   134   153  2.5831  0.6391
    78   128   153  2.5817  0.6387
    82   126   153  2.5816  0.6386
    84   135   153  2.5802  0.6382
    86   136   148  2.5781  0.6404
    79   124   147  2.5769  0.6407
    77   133   148  2.5763  0.6399
    89   126   150  2.5761  0.6386
    86   136   152  2.5760  0.6374
    83   126   153  2.5753  0.6366
    89   132   148  2.5700  0.6378
    78   133   153  2.5693  0.6346
    81   126   153  2.5677  0.6341
    77   126   148  2.5661  0.6365
    80   124   148  2.5646  0.6360
    77   133   151  2.5638  0.6340
    79   136   148  2.5618  0.6351
    89   131   148  2.5592  0.6342
    89   134   152  2.5585  0.6317
    85   135   153  2.5567  0.6305
    77   134   152  2.5565  0.6310
    84   126   153  2.5536  0.6295
    77   136   147  2.5514  0.6323
    80   135   153  2.5513  0.6288
    89   128   152  2.5483  0.6284
    89   133   148  2.5476  0.6304
    79   136   149  2.5469  0.6296
    83   124   148  2.5454  0.6297
    89   127   151  2.5453  0.6279
    77   128   150  2.5430  0.6278
    89   134   153  2.5386  0.6247
    85   136   149  2.5365  0.6263
    88   127   153  2.5317  0.6224
    80   124   152  2.5315  0.6229
    81   124   152  2.5304  0.6226
    80   126   153  2.5292  0.6216
    86   135   153  2.5275  0.6211
    87   124   147  2.5250  0.6237
    85   126   153  2.5206  0.6188
    87   136   152  2.5196  0.6191
    89   130   148  2.5148  0.6198
    87   136   148  2.5128  0.6191
    77   126   151  2.5117  0.6171
    77   130   153  2.5090  0.6151
    78   136   152  2.5062  0.6148
    77   131   153  2.5053  0.6139
    79   124   148  2.5037  0.6162
    82   124   152  2.5025  0.6136
    77   125   152  2.5024  0.6135
    79   124   152  2.5002  0.6128
    83   131   154  3.2871  0.8850
    84   131   154  3.2841  0.8839
    83   130   154  3.2677  0.8777
    82   131   154  3.2668  0.8774
    84   130   154  3.2646  0.8766
    85   131   154  3.2606  0.8751
    83   132   154  3.2583  0.8742
    84   132   154  3.2558  0.8733
    82   130   154  3.2466  0.8699
    85   130   154  3.2401  0.8675
    82   132   154  3.2392  0.8671
    85   132   154  3.2344  0.8653
    81   131   154  3.2207  0.8603
    86   131   154  3.2198  0.8599
    81   130   154  3.1993  0.8524
    86   130   154  3.1979  0.8518
    83   129   154  3.1976  0.8517
    86   132   154  3.1968  0.8514
    84   129   154  3.1955  0.8510
    81   132   154  3.1952  0.8508
    83   133   154  3.1900  0.8489
    84   133   154  3.1880  0.8482
    82   129   154  3.1756  0.8436
    82   133   154  3.1723  0.8424
    85   129   154  3.1718  0.8423
    90   132   150  3.1704  0.8450
    85   133   154  3.1691  0.8413
    90   133   150  3.1671  0.8437
    87   131   154  3.1658  0.8401
    87   132   154  3.1462  0.8329
    80   131   154  3.1459  0.8328
    87   130   154  3.1429  0.8317
    90   131   150  3.1369  0.8327
    86   133   154  3.1354  0.8289
    81   133   154  3.1313  0.8275
    86   129   154  3.1307  0.8272
    90   134   150  3.1284  0.8296
    81   129   154  3.1280  0.8263
    80   130   154  3.1240  0.8248
    80   132   154  3.1227  0.8243
    83   137   150  3.1161  0.8251
    84   137   150  3.1101  0.8229
    82   137   150  3.1056  0.8213
    88   131   154  3.1034  0.8173
    83   134   154  3.0940  0.8139
    84   134   154  3.0923  0.8133
    85   137   150  3.0910  0.8159
    87   133   154  3.0892  0.8122
    88   132   154  3.0862  0.8111
    84   128   154  3.0821  0.8096
    83   128   154  3.0818  0.8095
    88   130   154  3.0808  0.8092
    82   134   154  3.0779  0.8082
    87   129   154  3.0778  0.8081
    85   134   154  3.0754  0.8072
    81   137   150  3.0745  0.8100
    90   130   150  3.0683  0.8077
    80   133   154  3.0627  0.8027
    85   128   154  3.0615  0.8022
    86   137   150  3.0608  0.8051
    90   135   150  3.0588  0.8043
    82   128   154  3.0581  0.8010
    80   129   154  3.0540  0.7995
    86   134   154  3.0451  0.7964
    81   134   154  3.0404  0.7947
    79   131   154  3.0399  0.7945
    89   131   154  3.0369  0.7935
    88   133   154  3.0329  0.7920
    86   128   154  3.0244  0.7890
    87   137   150  3.0214  0.7909
    89   132   154  3.0202  0.7875
    88   129   154  3.0195  0.7872
    79   130   154  3.0192  0.7871
    79   132   154  3.0183  0.7868
    80   137   150  3.0178  0.7896
    89   130   154  3.0168  0.7863
    81   128   154  3.0105  0.7840
    87   134   154  3.0027  0.7813
    83   135   154  2.9815  0.7738
    84   135   154  2.9796  0.7731
    87   128   154  2.9769  0.7721
    80   134   154  2.9766  0.7720
    88   137   150  2.9734  0.7738
    90   129   150  2.9695  0.7724
    90   131   154  2.9693  0.7695
    89   133   154  2.9689  0.7693
    82   135   154  2.9673  0.7688
    90   136   150  2.9644  0.7706
    85   135   154  2.9638  0.7676
    79   133   154  2.9622  0.7670
    89   129   154  2.9616  0.7668
    90   130   154  2.9543  0.7642
    79   129   154  2.9531  0.7638
    90   132   154  2.9505  0.7629
    88   134   154  2.9499  0.7627
    80   128   154  2.9390  0.7588
    86   135   154  2.9355  0.7576
    84   127   154  2.9354  0.7576
    81   135   154  2.9332  0.7568
    79   137   150  2.9307  0.7588
    83   127   154  2.9306  0.7559
    88   128   154  2.9258  0.7542
    85   127   154  2.9205  0.7524
    89   137   150  2.9171  0.7540
    90   129   154  2.9074  0.7478
    82   127   154  2.9042  0.7467
    78   131   154  2.9020  0.7459
    90   133   154  2.8989  0.7449
    87   135   154  2.8954  0.7436
    86   127   154  2.8904  0.7419
    89   134   154  2.8880  0.7411
    78   130   154  2.8849  0.7400
    79   134   154  2.8817  0.7389
    78   132   154  2.8805  0.7385
    89   128   154  2.8771  0.7373
    80   135   154  2.8744  0.7364
    83   136   154  2.8600  0.7314
    84   136   154  2.8574  0.7305
    82   137   147  2.8571  0.7353
    81   127   154  2.8561  0.7301
    90   131   151  2.8526  0.7309
    83   137   147  2.8520  0.7335
    90   137   150  2.8519  0.7313
    87   127   154  2.8512  0.7284
    90   132   151  2.8488  0.7295
    90   128   150  2.8484  0.7301
    82   136   154  2.8475  0.7271
    88   135   154  2.8444  0.7260
    79   128   154  2.8441  0.7259
    85   136   154  2.8415  0.7250
    90   128   154  2.8341  0.7225
    81   137   147  2.8293  0.7256
    78   133   154  2.8279  0.7204
    78   129   154  2.8259  0.7197
    90   134   154  2.8181  0.7170
    81   136   154  2.8165  0.7165
    90   130   151  2.8153  0.7180
    86   136   154  2.8133  0.7154
    84   137   147  2.8125  0.7199
    78   137   150  2.8102  0.7170
    88   127   154  2.8101  0.7143
    90   133   151  2.8061  0.7149
    80   127   154  2.7875  0.7066
    79   135   154  2.7859  0.7061
    89   135   154  2.7834  0.7052
    87   136   154  2.7734  0.7018
    89   127   154  2.7728  0.7016
    80   137   147  2.7717  0.7058
    84   126   154  2.7689  0.7003
    80   136   154  2.7625  0.6981
    85   126   154  2.7624  0.6981
    83   126   154  2.7574  0.6964
    78   134   154  2.7533  0.6950
    90   130   147  2.7444  0.6966
    90   127   154  2.7424  0.6913
    86   126   154  2.7419  0.6912
    85   137   147  2.7395  0.6949
    90   129   151  2.7394  0.6922
    77   131   154  2.7347  0.6888
    90   134   151  2.7310  0.6894
    90   129   147  2.7280  0.6910
    78   128   154  2.7267  0.6861
    82   126   154  2.7266  0.6860
    77   130   154  2.7235  0.6850
    90   131   147  2.7175  0.6875
    90   127   150  2.7143  0.6844
    87   126   154  2.7136  0.6817
    90   135   154  2.7131  0.6815
    77   132   154  2.7119  0.6811
    79   127   154  2.6995  0.6770
    79   137   147  2.6887  0.6778
    90   131   153  2.6880  0.6737
    88   126   154  2.6841  0.6718
    79   136   154  2.6808  0.6707
    84   137   151  2.6800  0.6723
    83   137   151  2.6794  0.6721
    81   126   154  2.6771  0.6695
    90   130   153  2.6769  0.6700
    77   129   154  2.6745  0.6686
    90   128   147  2.6726  0.6724
    76   129   152  2.6680  0.6677
    85   137   151  2.6676  0.6682
    78   135   154  2.6650  0.6655
    82   137   151  2.6633  0.6667
    77   133   154  2.6619  0.6645
    76   130   152  2.6594  0.6648
    89   126   154  2.6591  0.6635
    77   137   150  2.6568  0.6652
    90   132   153  2.6562  0.6632
    90   132   147  2.6501  0.6648
    86   137   151  2.6427  0.6599
    76   128   152  2.6418  0.6590
    76   130   147  2.6364  0.6603
    86   137   147  2.6364  0.6603
    90   135   151  2.6328  0.6566
    90   128   151  2.6317  0.6562
    76   131   147  2.6306  0.6584
    81   137   151  2.6273  0.6548
    90   129   153  2.6234  0.6523
    76   131   152  2.6207  0.6520
    76   129   147  2.6206  0.6550
    80   126   154  2.6108  0.6476
    76   132   147  2.6075  0.6507
    87   137   151  2.6047  0.6474
    85   125   154  2.5992  0.6438
    84   125   154  2.5950  0.6425
    78   127   154  2.5932  0.6419
    77   134   154  2.5932  0.6419
    90   131   152  2.5931  0.6430
    82   137   152  2.5915  0.6424
    86   125   154  2.5906  0.6410
    77   128   154  2.5885  0.6403
    90   127   147  2.5871  0.6440
    90   133   153  2.5871  0.6404
    78   137   147  2.5864  0.6438
    83   137   152  2.5839  0.6400
    82   137   148  2.5837  0.6423
    81   137   152  2.5831  0.6397
    76   133   150  2.5831  0.6409
    90   132   152  2.5819  0.6393
    76   132   150  2.5808  0.6401
    76   127   152  2.5795  0.6385
    76   128   147  2.5790  0.6413
    83   137   148  2.5784  0.6405
    76   129   148  2.5775  0.6402
    90   126   150  2.5771  0.6389
    90   130   152  2.5769  0.6377
    83   125   154  2.5748  0.6359
    76   133   147  2.5718  0.6390
    76   134   150  2.5710  0.6369
    81   137   148  2.5709  0.6381
    76   130   148  2.5697  0.6377
    80   137   151  2.5665  0.6349
    84   137   152  2.5623  0.6329
    76   131   150  2.5613  0.6337
    76   132   152  2.5600  0.6322
    84   137   148  2.5575  0.6337
    80   137   152  2.5563  0.6310
    82   123   147  2.5557  0.6337
    76   128   148  2.5550  0.6329
    83   123   147  2.5545  0.6333
    88   137   151  2.5526  0.6303
    90   133   147  2.5507  0.6321
    76   135   150  2.5477  0.6293
    76   131   154  2.5449  0.6261
    90   133   152  2.5427  0.6265
    76   130   154  2.5409  0.6249
    81   137   149  2.5404  0.6275
    82   137   149  2.5393  0.6272
    90   129   152  2.5380  0.6250
    82   125   154  2.5378  0.6239
    80   137   148  2.5362  0.6268
    76   131   148  2.5355  0.6265
    90   128   153  2.5347  0.6234
    84   123   147  2.5321  0.6260
    81   123   147  2.5304  0.6254
    79   126   154  2.5295  0.6212
    85   137   152  2.5280  0.6218
    76   134   147  2.5271  0.6244
    76   130   150  2.5230  0.6213
    85   137   148  2.5225  0.6223
    90   136   151  2.5219  0.6204
    76   132   154  2.5196  0.6180
    83   137   149  2.5174  0.6201
    76   136   150  2.5156  0.6189
    80   137   149  2.5155  0.6194
    87   137   147  2.5098  0.6188
    76   127   147  2.5089  0.6185
    79   137   152  2.5087  0.6156
    76   129   154  2.5037  0.6129
    90   127   151  2.5021  0.6140
    76   127   148  2.5011  0.6154
    91   132   150  3.1150  0.8247
    91   133   150  3.1069  0.8217
    91   131   150  3.0881  0.8149
    91   134   150  3.0647  0.8065
    83   138   150  3.0331  0.7951
    91   130   150  3.0286  0.7935
    82   138   150  3.0284  0.7934
    84   138   150  3.0210  0.7907
    81   138   150  3.0028  0.7843
    85   138   150  2.9953  0.7816
    91   135   150  2.9918  0.7804
    86   138   150  2.9586  0.7686
    80   138   150  2.9515  0.7661
    91   129   150  2.9413  0.7625
    87   138   150  2.9128  0.7525
    91   131   154  2.9013  0.7457
    91   130   154  2.8937  0.7430
    91   136   150  2.8937  0.7458
    91   132   154  2.8777  0.7375
    79   138   150  2.8700  0.7376
    88   138   150  2.8589  0.7337
    91   129   154  2.8572  0.7304
    91   128   150  2.8336  0.7250
    91   133   154  2.8234  0.7188
    89   138   150  2.7972  0.7125
    91   128   154  2.7964  0.7096
    91   137   150  2.7767  0.7055
    78   138   150  2.7549  0.6981
    91   131   151  2.7533  0.6969
    91   132   151  2.7451  0.6942
    91   134   154  2.7407  0.6908
    83   137   154  2.7317  0.6877
    82   138   147  2.7315  0.6922
    84   137   154  2.7279  0.6865
    90   138   150  2.7270  0.6887
    83   138   147  2.7259  0.6903
    91   130   151  2.7248  0.6873
    88   136   154  2.7221  0.6845
    82   137   154  2.7208  0.6841
    91   127   154  2.7181  0.6832
    91   127   150  2.7139  0.6843
    85   137   154  2.7110  0.6808
    81   138   147  2.7061  0.6836
    91   133   151  2.7017  0.6795
    81   137   154  2.6927  0.6747
    84   138   147  2.6876  0.6774
    86   137   154  2.6815  0.6710
    91   129   151  2.6624  0.6664
    89   136   154  2.6604  0.6640
    80   138   147  2.6535  0.6660
    91   138   150  2.6472  0.6620
    80   137   154  2.6433  0.6583
    90   126   154  2.6413  0.6577
    87   137   154  2.6399  0.6572
    91   135   154  2.6341  0.6553
    91   126   154  2.6297  0.6538
    91   134   151  2.6285  0.6552
    91   131   153  2.6197  0.6511
    85   138   147  2.6168  0.6538
    91   130   153  2.6087  0.6475
    77   138   150  2.6064  0.6485
    91   132   153  2.5915  0.6419
    91   126   150  2.5913  0.6435
    90   136   154  2.5890  0.6405
    88   137   154  2.5870  0.6398
    79   138   147  2.5785  0.6412
    87   125   154  2.5748  0.6358
    91   128   151  2.5727  0.6369
    91   130   147  2.5720  0.6390
    78   136   154  2.5684  0.6338
    79   137   154  2.5684  0.6338
    91   129   147  2.5623  0.6358
    91   129   153  2.5594  0.6314
    88   125   154  2.5578  0.6304
    89   125   154  2.5450  0.6262
    91   131   147  2.5435  0.6297
    90   125   154  2.5386  0.6241
    91   135   151  2.5340  0.6243
    84   138   151  2.5296  0.6229
    91   133   153  2.5283  0.6213
    83   138   151  2.5269  0.6220
    85   138   151  2.5220  0.6204
    91   128   147  2.5176  0.6213
    86   138   147  2.5170  0.6211
    77   135   154  2.5131  0.6159
    82   138   151  2.5122  0.6172
    91   131   152  2.5114  0.6164
    82   138   152  2.5105  0.6161
    91   136   154  2.5088  0.6145
    81   138   152  2.5062  0.6147
    86   138   151  2.5036  0.6145
    91   130   152  2.5003  0.6129
    92   132   150  3.0570  0.8037
    92   133   150  3.0417  0.7982
    92   131   150  3.0393  0.7973
    92   134   150  2.9936  0.7810
    92   130   150  2.9910  0.7801
    83   139   150  2.9410  0.7624
    82   139   150  2.9409  0.7624
    84   139   150  2.9237  0.7563
    81   139   150  2.9198  0.7549
    92   129   150  2.9169  0.7539
    92   135   150  2.9153  0.7534
    85   139   150  2.8921  0.7453
    80   139   150  2.8732  0.7387
    86   139   150  2.8491  0.7303
    92   130   154  2.8329  0.7221
    92   131   154  2.8312  0.7215
    92   128   150  2.8239  0.7217
    92   136   150  2.8120  0.7176
    92   129   154  2.8081  0.7136
    92   132   154  2.8007  0.7111
    79   139   150  2.7969  0.7124
    87   139   150  2.7967  0.7123
    92   128   154  2.7607  0.6975
    92   133   154  2.7415  0.6911
    88   139   150  2.7365  0.6919
    92   127   150  2.7196  0.6862
    92   127   154  2.6961  0.6758
    92   137   150  2.6900  0.6763
    78   139   150  2.6876  0.6755
    89   139   150  2.6691  0.6693
    92   134   154  2.6555  0.6623
    92   131   151  2.6493  0.6621
    92   132   151  2.6355  0.6575
    92   130   151  2.6315  0.6562
    92   126   154  2.6203  0.6507
    92   126   150  2.6120  0.6503
    82   139   147  2.5989  0.6479
    83   138   154  2.5950  0.6424
    83   139   147  2.5941  0.6463
    90   139   150  2.5941  0.6445
    92   133   151  2.5907  0.6428
    84   138   154  2.5899  0.6408
    82   138   154  2.5857  0.6394
    92   129   151  2.5850  0.6409
    81   139   147  2.5752  0.6401
    85   138   154  2.5714  0.6348
    81   138   154  2.5602  0.6311
    84   139   147  2.5583  0.6345
    92   138   150  2.5564  0.6321
    92   131   153  2.5526  0.6292
    92   135   154  2.5466  0.6267
    77   139   150  2.5453  0.6285
    92   130   153  2.5440  0.6264
    86   138   154  2.5399  0.6245
    92   125   154  2.5389  0.6242
    91   125   154  2.5378  0.6239
    80   139   147  2.5271  0.6244
    92   132   153  2.5257  0.6205
    89   137   154  2.5236  0.6193
    92   134   151  2.5194  0.6196
    92   128   151  2.5158  0.6184
    80   138   154  2.5154  0.6166
    91   139   150  2.5106  0.6173
    92   125   150  2.5073  0.6162
    92   129   153  2.5011  0.6126
    93   132   150  2.9938  0.7810
    93   131   150  2.9869  0.7786
    93   133   150  2.9690  0.7723
    93   130   150  2.9511  0.7659
    93   134   150  2.9126  0.7524
    93   129   150  2.8910  0.7449
    82   140   150  2.8376  0.7264
    83   140   150  2.8341  0.7252
    93   135   150  2.8271  0.7228
    81   140   150  2.8202  0.7204
    93   128   150  2.8130  0.7179
    84   140   150  2.8129  0.7179
    80   140   150  2.7781  0.7060
    85   140   150  2.7768  0.7056
    93   130   154  2.7678  0.6999
    93   131   154  2.7557  0.6958
    93   129   154  2.7554  0.6957
    86   140   150  2.7287  0.6893
    93   127   150  2.7239  0.6876
    93   128   154  2.7216  0.6844
    93   136   150  2.7174  0.6854
    93   132   154  2.7171  0.6829
    79   140   150  2.7073  0.6820
    87   140   150  2.6710  0.6699
    93   127   154  2.6707  0.6674
    93   133   154  2.6518  0.6611
    93   126   150  2.6307  0.6565
    93   126   154  2.6074  0.6465
    88   140   150  2.6057  0.6483
    78   140   150  2.6048  0.6480
    93   137   150  2.5903  0.6432
    93   134   154  2.5617  0.6316
    93   131   151  2.5447  0.6278
    93   130   151  2.5388  0.6259
    93   125   150  2.5388  0.6264
    93   125   154  2.5364  0.6234
    89   140   150  2.5338  0.6248
    93   132   151  2.5242  0.6211
    93   129   151  2.5095  0.6164
    94   131   150  2.9259  0.7571
    94   132   150  2.9206  0.7552
    94   130   150  2.9032  0.7491
    94   133   150  2.8847  0.7427
    94   129   150  2.8571  0.7331
    94   134   150  2.8184  0.7198
    94   128   150  2.7933  0.7112
    94   135   150  2.7243  0.6878
    94   127   150  2.7184  0.6858
    82   141   150  2.7123  0.6838
    83   141   150  2.7062  0.6817
    81   141   150  2.6984  0.6791
    94   130   154  2.6941  0.6752
    94   129   154  2.6940  0.6751
    84   141   150  2.6826  0.6738
    94   128   154  2.6735  0.6683
    94   131   154  2.6713  0.6676
    80   141   150  2.6610  0.6666
    85   141   150  2.6442  0.6610
    94   126   150  2.6383  0.6590
    94   127   154  2.6360  0.6559
    94   132   154  2.6242  0.6520
    94   136   150  2.6077  0.6490
    79   141   150  2.5965  0.6453
    86   141   150  2.5934  0.6442
    94   126   154  2.5853  0.6393
    94   125   150  2.5580  0.6326
    94   133   154  2.5526  0.6286
    87   141   150  2.5329  0.6245
    94   125   154  2.5252  0.6198
    78   141   150  2.5021  0.6146
    95   131   150  2.8503  0.7308
    95   130   150  2.8410  0.7275
    95   132   150  2.8321  0.7245
    95   129   150  2.8082  0.7163
    95   133   150  2.7841  0.7081
    95   128   150  2.7575  0.6990
    95   134   150  2.7070  0.6820
    95   127   150  2.6951  0.6779
    95   126   150  2.6264  0.6551
    95   129   154  2.6198  0.6506
    95   128   154  2.6122  0.6481
    95   130   154  2.6081  0.6467
    95   135   150  2.6041  0.6478
    95   127   154  2.5878  0.6401
    95   131   154  2.5751  0.6360
    82   142   150  2.5608  0.6336
    95   125   150  2.5562  0.6321
    83   142   150  2.5529  0.6310
    81   142   150  2.5501  0.6301
    95   126   154  2.5497  0.6277
    84   142   150  2.5288  0.6232
    95   132   154  2.5198  0.6181
    80   142   150  2.5179  0.6197
    95   125   154  2.5013  0.6121
    96   130   150  2.7582  0.6992
    96   131   150  2.7546  0.6980
    96   129   150  2.7380  0.6924
    96   132   150  2.7234  0.6875
    96   128   150  2.6990  0.6793
    96   133   150  2.6633  0.6673
    96   127   150  2.6473  0.6620
    96   126   150  2.5883  0.6426
    96   134   150  2.5756  0.6384
    96   128   154  2.5353  0.6231
    96   129   154  2.5309  0.6216
    96   125   150  2.5267  0.6225
    96   127   154  2.5236  0.6193
    96   130   154  2.5082  0.6143
    97   130   150  2.6505  0.6631
    97   129   150  2.6417  0.6602
    97   131   150  2.6346  0.6578
    97   128   150  2.6131  0.6507
    97   132   150  2.5912  0.6435
    97   127   150  2.5706  0.6368
    97   133   150  2.5199  0.6203
    97   126   150  2.5198  0.6203
    98   129   150  2.5174  0.6195
    98   130   150  2.5158  0.6190
