#   X     Y     Z      S       D
    64   318   333  3.2346  1.0958
    64   319   333  3.2312  1.0941
    65   319   333  3.2273  1.0921
    65   318   333  3.2261  1.0916
    63   318   333  3.2214  1.0892
    63   319   333  3.2138  1.0855
    64   317   333  3.2000  1.0786
    63   317   333  3.1907  1.0740
    65   317   333  3.1892  1.0733
    65   319   332  2.7382  0.8602
    65   318   332  2.7346  0.8586
    64   319   332  2.7317  0.8573
    64   318   332  2.7273  0.8554
    64   319   334  2.7180  0.8557
    65   319   334  2.7125  0.8533
    63   319   332  2.7121  0.8487
    65   317   332  2.7094  0.8475
    63   319   334  2.7091  0.8518
    64   318   334  2.7089  0.8517
    63   318   332  2.7083  0.8470
    65   318   334  2.7039  0.8495
    63   318   334  2.7011  0.8483
    64   317   332  2.7010  0.8438
    63   317   332  2.6828  0.8359
    64   317   334  2.6619  0.8311
    65   317   334  2.6570  0.8290
    63   317   334  2.6566  0.8288
    66   319   333  3.2059  1.0816
    66   318   333  3.2003  1.0788
    65   320   333  3.1942  1.0758
    64   320   333  3.1920  1.0747
    62   318   333  3.1826  1.0700
    66   320   333  3.1804  1.0690
    62   319   333  3.1711  1.0644
    63   320   333  3.1701  1.0639
    66   317   333  3.1625  1.0601
    62   317   333  3.1568  1.0574
    64   316   333  3.1285  1.0436
    62   320   333  3.1248  1.0418
    63   316   333  3.1220  1.0404
    65   316   333  3.1177  1.0384
    62   316   333  3.0941  1.0269
    66   316   333  3.0939  1.0268
    64   316   331  2.7993  0.8850
    63   316   331  2.7992  0.8850
    64   317   331  2.7931  0.8823
    63   317   331  2.7910  0.8813
    65   316   331  2.7843  0.8783
    62   316   331  2.7818  0.8772
    65   317   331  2.7782  0.8756
    62   317   331  2.7698  0.8719
    64   318   331  2.7628  0.8688
    66   316   331  2.7571  0.8663
    63   318   331  2.7571  0.8663
    65   318   331  2.7501  0.8632
    66   317   331  2.7495  0.8630
    66   319   332  2.7343  0.8585
    66   318   332  2.7327  0.8578
    62   318   331  2.7312  0.8549
    66   318   331  2.7224  0.8510
    65   320   332  2.7207  0.8525
    66   320   332  2.7156  0.8503
    64   320   332  2.7146  0.8498
    64   319   331  2.7116  0.8463
    66   317   332  2.7103  0.8479
    65   319   331  2.7030  0.8425
    63   319   331  2.7011  0.8417
    66   319   334  2.6960  0.8460
    63   320   332  2.6942  0.8409
    64   320   334  2.6925  0.8445
    66   318   334  2.6893  0.8431
    65   320   334  2.6860  0.8416
    63   320   334  2.6842  0.8409
    62   319   334  2.6825  0.8401
    66   319   331  2.6785  0.8319
    62   319   332  2.6775  0.8336
    62   318   334  2.6770  0.8377
    62   318   332  2.6761  0.8330
    62   319   331  2.6701  0.8282
    66   316   332  2.6686  0.8297
    66   320   334  2.6682  0.8338
    65   316   332  2.6644  0.8279
    62   320   334  2.6578  0.8293
    62   320   332  2.6575  0.8249
    64   316   332  2.6544  0.8236
    62   317   332  2.6533  0.8231
    66   317   334  2.6451  0.8238
    64   320   331  2.6450  0.8174
    65   320   331  2.6419  0.8161
    62   317   334  2.6379  0.8206
    63   316   332  2.6369  0.8160
    63   320   331  2.6289  0.8105
    66   320   331  2.6227  0.8078
    62   316   332  2.6105  0.8047
    62   320   331  2.5929  0.7951
    64   316   334  2.5777  0.7947
    63   316   334  2.5760  0.7940
    65   316   334  2.5733  0.7928
    66   316   334  2.5650  0.7893
    62   316   334  2.5647  0.7892
    62   316   335  2.5434  0.7821
    62   317   335  2.5382  0.7798
    62   318   335  2.5125  0.7690
    67   319   333  3.1708  1.0642
    67   318   333  3.1610  1.0595
    67   320   333  3.1535  1.0558
    65   321   333  3.1317  1.0451
    66   321   333  3.1278  1.0433
    67   317   333  3.1237  1.0412
    64   321   333  3.1219  1.0404
    61   318   333  3.1149  1.0370
    67   321   333  3.1124  1.0358
    61   319   333  3.1001  1.0298
    63   321   333  3.0953  1.0275
    61   317   333  3.0953  1.0275
    67   316   333  3.0602  1.0106
    61   320   333  3.0528  1.0071
    62   321   333  3.0482  1.0049
    61   316   333  3.0412  1.0016
    64   315   333  3.0239  0.9934
    63   315   333  3.0193  0.9912
    65   315   333  3.0157  0.9895
    66   315   333  2.9982  0.9812
    62   315   333  2.9977  0.9810
    61   321   333  2.9768  0.9712
    67   315   333  2.9736  0.9697
    61   315   333  2.9554  0.9611
    62   316   336  2.8864  0.9366
    62   317   336  2.8816  0.9343
    61   316   336  2.8778  0.9326
    61   317   336  2.8725  0.9302
    63   316   336  2.8676  0.9279
    63   317   336  2.8651  0.9268
    62   315   336  2.8574  0.9232
    62   318   336  2.8498  0.9197
    61   315   336  2.8490  0.9193
    65   317   330  2.8429  0.9022
    61   318   336  2.8401  0.9153
    64   317   330  2.8386  0.9002
    63   315   336  2.8373  0.9140
    63   318   336  2.8365  0.9136
    65   318   330  2.8270  0.8951
    65   316   330  2.8218  0.8927
    66   317   330  2.8208  0.8923
    64   316   330  2.8198  0.8919
    64   318   330  2.8186  0.8913
    66   318   330  2.8072  0.8862
    63   317   330  2.8065  0.8859
    66   316   330  2.8004  0.8832
    62   319   336  2.7994  0.8967
    63   316   330  2.7942  0.8804
    63   319   336  2.7894  0.8922
    61   319   336  2.7888  0.8919
    65   319   330  2.7805  0.8743
    63   315   331  2.7803  0.8766
    64   315   331  2.7803  0.8766
    63   318   330  2.7801  0.8741
    67   317   330  2.7747  0.8718
    65   315   331  2.7673  0.8708
    64   319   330  2.7667  0.8682
    66   319   330  2.7656  0.8677
    62   315   331  2.7654  0.8700
    67   318   330  2.7624  0.8664
    65   315   330  2.7611  0.8658
    64   315   330  2.7599  0.8653
    67   316   330  2.7568  0.8639
    62   317   330  2.7467  0.8594
    61   316   331  2.7460  0.8614
    62   316   330  2.7449  0.8587
    66   315   331  2.7438  0.8604
    66   315   330  2.7432  0.8579
    63   315   330  2.7404  0.8567
    61   315   331  2.7345  0.8563
    61   317   331  2.7288  0.8538
    67   319   330  2.7259  0.8503
    67   318   332  2.7246  0.8542
    67   319   332  2.7233  0.8536
    63   319   330  2.7220  0.8486
    67   316   331  2.7213  0.8505
    65   320   330  2.7128  0.8446
    67   315   331  2.7127  0.8467
    62   318   330  2.7115  0.8440
    67   317   331  2.7112  0.8461
    67   317   332  2.7060  0.8460
    67   315   330  2.7056  0.8415
    66   320   330  2.7051  0.8413
    67   320   332  2.7031  0.8448
    62   315   330  2.7025  0.8401
    64   320   330  2.6926  0.8358
    61   318   331  2.6850  0.8347
    65   321   332  2.6846  0.8367
    67   318   331  2.6840  0.8342
    66   321   332  2.6797  0.8346
    64   321   332  2.6780  0.8338
    67   320   330  2.6737  0.8276
    61   316   330  2.6729  0.8273
    67   319   334  2.6704  0.8348
    67   316   332  2.6689  0.8299
    67   321   332  2.6672  0.8291
    67   318   334  2.6665  0.8331
    61   317   330  2.6613  0.8223
    63   321   332  2.6564  0.8244
    62   319   330  2.6467  0.8160
    61   315   330  2.6462  0.8158
    67   319   331  2.6426  0.8163
    63   320   330  2.6422  0.8141
    67   320   334  2.6411  0.8220
    64   321   334  2.6388  0.8210
    61   319   334  2.6365  0.8200
    66   321   330  2.6363  0.8115
    65   321   330  2.6351  0.8110
    61   318   334  2.6349  0.8193
    63   321   334  2.6323  0.8182
    65   321   334  2.6309  0.8176
    61   318   332  2.6303  0.8132
    61   319   332  2.6277  0.8120
    67   317   334  2.6269  0.8159
    61   319   331  2.6193  0.8064
    62   321   332  2.6173  0.8076
    67   315   332  2.6162  0.8071
    61   318   330  2.6160  0.8029
    67   321   330  2.6154  0.8026
    61   317   332  2.6121  0.8054
    66   321   334  2.6120  0.8095
    61   320   334  2.6116  0.8093
    66   315   332  2.6109  0.8048
    62   321   334  2.6082  0.8078
    64   321   330  2.6077  0.7993
    61   320   332  2.6040  0.8019
    61   317   334  2.6034  0.8058
    65   315   332  2.6028  0.8014
    61   316   335  2.5994  0.8060
    67   320   331  2.5915  0.7945
    64   315   332  2.5908  0.7963
    61   317   335  2.5875  0.8009
    61   315   335  2.5852  0.7999
    67   321   334  2.5844  0.7976
    61   316   332  2.5742  0.7892
    63   315   332  2.5737  0.7890
    65   321   331  2.5732  0.7867
    64   321   331  2.5696  0.7852
    61   321   334  2.5645  0.7891
    62   320   330  2.5620  0.7800
    66   321   331  2.5608  0.7815
    61   321   332  2.5600  0.7832
    61   318   335  2.5539  0.7865
    67   316   334  2.5531  0.7842
    63   321   330  2.5520  0.7758
    62   315   332  2.5501  0.7790
    63   321   331  2.5478  0.7760
    61   319   330  2.5444  0.7726
    61   316   334  2.5412  0.7792
    61   320   331  2.5382  0.7720
    67   321   331  2.5364  0.7712
    62   315   335  2.5244  0.7740
    61   315   332  2.5187  0.7658
    62   321   331  2.5071  0.7590
    61   319   335  2.5049  0.7658
    68   319   333  3.1249  1.0418
    68   320   333  3.1157  1.0374
    68   318   333  3.1117  1.0354
    68   321   333  3.0864  1.0232
    68   317   333  3.0760  1.0182
    66   322   333  3.0550  1.0082
    67   322   333  3.0533  1.0074
    65   322   333  3.0470  1.0044
    68   322   333  3.0414  1.0017
    64   322   333  3.0285  0.9956
    68   316   333  3.0191  0.9911
    60   318   333  3.0178  0.9905
    60   317   333  3.0050  0.9844
    60   319   333  2.9999  0.9820
    63   322   333  2.9967  0.9805
    60   316   333  2.9616  0.9641
    60   320   333  2.9529  0.9600
    62   322   333  2.9478  0.9576
    68   315   333  2.9430  0.9554
    64   314   333  2.8929  0.9323
    60   315   333  2.8898  0.9308
    65   314   333  2.8893  0.9306
    63   314   333  2.8890  0.9304
    66   314   333  2.8806  0.9266
    60   321   333  2.8795  0.9261
    61   322   333  2.8778  0.9253
    62   314   333  2.8738  0.9235
    67   314   333  2.8676  0.9207
    62   317   337  2.8565  0.9252
    68   314   333  2.8499  0.9126
    62   318   337  2.8477  0.9211
    63   317   337  2.8437  0.9192
    61   317   337  2.8432  0.9190
    61   314   333  2.8432  0.9095
    60   316   336  2.8407  0.9155
    63   318   337  2.8405  0.9178
    60   317   336  2.8371  0.9139
    62   316   337  2.8314  0.9136
    61   318   337  2.8279  0.9120
    61   316   337  2.8257  0.9110
    64   317   336  2.8253  0.9085
    64   316   336  2.8239  0.9078
    63   316   337  2.8129  0.9052
    60   315   336  2.8107  0.9018
    64   318   337  2.8073  0.9026
    62   319   337  2.8072  0.9025
    60   318   336  2.8065  0.8999
    64   317   337  2.8059  0.9019
    63   319   337  2.8051  0.9016
    60   317   337  2.8046  0.9013
    64   318   336  2.8019  0.8978
    60   316   337  2.7959  0.8974
    60   314   333  2.7938  0.8872
    64   315   336  2.7918  0.8932
    62   314   336  2.7908  0.8928
    60   322   333  2.7840  0.8829
    61   319   337  2.7827  0.8914
    60   318   337  2.7826  0.8913
    61   314   336  2.7824  0.8890
    64   319   337  2.7775  0.8890
    61   315   337  2.7732  0.8871
    64   316   337  2.7721  0.8866
    62   315   337  2.7712  0.8862
    63   314   336  2.7707  0.8837
    64   319   336  2.7604  0.8791
    60   319   336  2.7567  0.8774
    60   315   337  2.7534  0.8782
    63   315   337  2.7483  0.8759
    60   314   336  2.7438  0.8716
    63   320   337  2.7405  0.8724
    62   320   337  2.7379  0.8712
    62   320   336  2.7379  0.8690
    64   314   331  2.7369  0.8574
    63   314   331  2.7354  0.8567
    60   319   337  2.7331  0.8691
    63   320   336  2.7310  0.8659
    65   314   331  2.7278  0.8534
    61   320   336  2.7261  0.8637
    64   314   336  2.7255  0.8635
    62   314   331  2.7216  0.8507
    64   320   337  2.7190  0.8627
    68   318   332  2.7130  0.8491
    61   320   337  2.7103  0.8589
    66   314   331  2.7097  0.8455
    68   317   330  2.7085  0.8427
    68   319   332  2.7084  0.8471
    64   320   336  2.7072  0.8553
    64   315   337  2.7067  0.8572
    68   317   332  2.6988  0.8429
    68   318   330  2.6976  0.8380
    60   320   336  2.6945  0.8497
    61   314   331  2.6944  0.8388
    68   316   330  2.6936  0.8362
    60   316   331  2.6922  0.8378
    60   315   331  2.6868  0.8355
    68   320   332  2.6862  0.8374
    61   314   337  2.6859  0.8480
    67   314   331  2.6846  0.8345
    68   316   331  2.6798  0.8325
    62   314   337  2.6774  0.8443
    68   315   331  2.6759  0.8307
    60   314   337  2.6757  0.8435
    60   317   331  2.6692  0.8279
    68   317   331  2.6669  0.8269
    68   319   330  2.6668  0.8246
    68   316   332  2.6668  0.8289
    65   314   330  2.6626  0.8228
    64   314   330  2.6606  0.8220
    60   320   337  2.6588  0.8361
    68   314   331  2.6541  0.8213
    60   314   331  2.6527  0.8207
    63   314   337  2.6521  0.8331
    66   314   330  2.6503  0.8175
    68   321   332  2.6498  0.8216
    68   315   330  2.6496  0.8172
    63   314   330  2.6462  0.8158
    68   318   331  2.6391  0.8149
    68   319   334  2.6351  0.8194
    60   316   335  2.6346  0.8213
    68   318   334  2.6345  0.8192
    65   322   332  2.6338  0.8147
    66   322   332  2.6309  0.8134
    60   315   335  2.6268  0.8179
    64   322   332  2.6252  0.8110
    68   320   330  2.6238  0.8062
    67   314   330  2.6215  0.8052
    60   318   331  2.6206  0.8069
    67   322   332  2.6202  0.8088
    62   314   330  2.6199  0.8045
    68   315   332  2.6193  0.8084
    60   317   335  2.6153  0.8129
    64   314   337  2.6122  0.8157
    68   320   334  2.6045  0.8062
    68   322   332  2.6042  0.8020
    63   322   332  2.6013  0.8007
    68   317   334  2.6005  0.8045
    68   319   331  2.5997  0.7980
    60   314   335  2.5895  0.8018
    60   316   330  2.5811  0.7881
    61   314   330  2.5804  0.7878
    68   321   330  2.5770  0.7863
    68   314   330  2.5757  0.7858
    60   318   334  2.5753  0.7937
    60   318   335  2.5739  0.7951
    60   319   334  2.5722  0.7924
    60   315   330  2.5722  0.7843
    60   318   332  2.5716  0.7881
    66   322   330  2.5688  0.7829
    64   322   334  2.5641  0.7889
    60   319   332  2.5636  0.7847
    63   322   334  2.5600  0.7871
    67   322   330  2.5595  0.7790
    60   317   332  2.5592  0.7828
    68   314   332  2.5591  0.7828
    62   322   332  2.5591  0.7828
    65   322   330  2.5577  0.7782
    60   317   330  2.5554  0.7772
    65   322   334  2.5548  0.7850
    60   317   334  2.5532  0.7843
    68   320   331  2.5529  0.7782
    67   314   332  2.5512  0.7795
    60   319   331  2.5512  0.7774
    68   321   334  2.5483  0.7822
    60   320   334  2.5467  0.7815
    61   314   335  2.5433  0.7820
    66   314   332  2.5410  0.7752
    62   322   334  2.5390  0.7782
    66   322   334  2.5356  0.7768
    60   320   332  2.5349  0.7726
    68   316   334  2.5347  0.7764
    68   322   330  2.5338  0.7682
    65   314   332  2.5289  0.7700
    60   316   332  2.5273  0.7694
    60   314   330  2.5265  0.7651
    64   322   330  2.5227  0.7635
    60   319   335  2.5167  0.7708
    64   314   332  2.5145  0.7640
    67   322   334  2.5085  0.7653
    60   316   334  2.5041  0.7635
    68   321   331  2.5040  0.7577
    65   322   331  2.5037  0.7576
    60   321   334  2.5017  0.7625
    60   318   330  2.5001  0.7541
    69   319   333  3.0708  1.0157
    69   320   333  3.0686  1.0147
    69   318   333  3.0552  1.0083
    69   321   333  3.0500  1.0058
    69   317   333  3.0220  0.9925
    69   322   333  3.0182  0.9907
    68   323   333  2.9872  0.9760
    67   323   333  2.9839  0.9745
    69   323   333  2.9780  0.9717
    69   316   333  2.9721  0.9690
    66   323   333  2.9708  0.9684
    65   323   333  2.9501  0.9587
    64   323   333  2.9217  0.9455
    69   315   333  2.9065  0.9385
    59   318   333  2.8937  0.9326
    59   317   333  2.8882  0.9301
    63   323   333  2.8837  0.9280
    59   319   333  2.8729  0.9231
    59   316   333  2.8568  0.9157
    62   323   333  2.8322  0.9045
    59   320   333  2.8267  0.9021
    69   314   333  2.8257  0.9016
    59   315   333  2.8010  0.8905
    59   317   336  2.7758  0.8860
    59   316   336  2.7756  0.8859
    65   317   336  2.7649  0.8811
    61   323   333  2.7628  0.8734
    65   316   336  2.7587  0.8783
    59   321   333  2.7569  0.8707
    65   318   337  2.7519  0.8775
    64   317   338  2.7501  0.8789
    59   318   336  2.7493  0.8741
    65   318   336  2.7483  0.8737
    65   317   337  2.7471  0.8753
    66   313   333  2.7466  0.8662
    67   313   333  2.7458  0.8658
    65   313   333  2.7458  0.8658
    64   313   333  2.7440  0.8650
    63   317   338  2.7436  0.8760
    59   316   337  2.7433  0.8736
    59   317   337  2.7429  0.8734
    59   315   336  2.7428  0.8712
    64   316   338  2.7428  0.8756
    68   313   333  2.7411  0.8637
    63   313   333  2.7400  0.8632
    65   317   338  2.7398  0.8743
    63   316   338  2.7359  0.8725
    65   316   338  2.7340  0.8717
    62   313   333  2.7308  0.8592
    69   313   333  2.7293  0.8585
    65   319   337  2.7278  0.8667
    64   318   338  2.7277  0.8688
    65   315   336  2.7247  0.8631
    59   314   333  2.7240  0.8562
    63   318   338  2.7196  0.8652
    65   318   338  2.7189  0.8649
    62   317   338  2.7181  0.8645
    65   319   336  2.7146  0.8586
    59   318   337  2.7145  0.8607
    65   316   337  2.7126  0.8599
    61   313   333  2.7123  0.8510
    59   315   337  2.7117  0.8595
    62   316   338  2.7113  0.8615
    59   319   336  2.7028  0.8534
    64   315   338  2.7011  0.8569
    69   318   332  2.6990  0.8430
    65   315   338  2.6968  0.8550
    62   318   338  2.6922  0.8529
    63   315   338  2.6917  0.8527
    69   319   332  2.6909  0.8394
    69   317   332  2.6892  0.8387
    62   313   336  2.6870  0.8464
    64   319   338  2.6831  0.8489
    60   313   333  2.6798  0.8368
    61   313   336  2.6787  0.8427
    65   319   338  2.6784  0.8468
    65   320   337  2.6769  0.8440
    59   314   336  2.6747  0.8410
    60   323   333  2.6724  0.8335
    61   317   338  2.6721  0.8440
    64   313   331  2.6716  0.8289
    63   319   338  2.6715  0.8438
    62   321   336  2.6707  0.8392
    65   320   336  2.6690  0.8384
    63   313   336  2.6678  0.8379
    61   316   338  2.6678  0.8421
    62   315   338  2.6674  0.8420
    65   313   331  2.6673  0.8270
    63   313   331  2.6671  0.8269
    63   321   336  2.6666  0.8374
    69   320   332  2.6665  0.8288
    59   322   333  2.6663  0.8309
    69   316   332  2.6621  0.8269
    59   319   337  2.6614  0.8372
    65   314   336  2.6596  0.8343
    61   321   336  2.6573  0.8333
    66   313   331  2.6555  0.8219
    62   313   331  2.6531  0.8209
    63   321   337  2.6509  0.8326
    65   315   337  2.6496  0.8320
    64   321   336  2.6474  0.8290
    59   314   337  2.6452  0.8301
    61   318   338  2.6441  0.8317
    62   321   337  2.6438  0.8295
    59   316   335  2.6429  0.8249
    59   320   336  2.6426  0.8269
    59   315   335  2.6423  0.8247
    62   319   338  2.6412  0.8304
    60   313   336  2.6406  0.8260
    67   313   331  2.6373  0.8141
    64   321   337  2.6364  0.8262
    69   315   331  2.6350  0.8131
    69   316   331  2.6348  0.8130
    59   313   333  2.6299  0.8151
    69   321   332  2.6292  0.8127
    61   313   331  2.6284  0.8103
    69   317   330  2.6276  0.8078
    65   314   338  2.6269  0.8241
    61   315   338  2.6266  0.8240
    65   320   338  2.6263  0.8239
    64   320   338  2.6250  0.8233
    60   321   336  2.6250  0.8192
    64   313   336  2.6249  0.8191
    64   314   338  2.6242  0.8229
    59   315   331  2.6226  0.8078
    59   316   331  2.6216  0.8073
    69   317   331  2.6194  0.8064
    69   315   332  2.6194  0.8085
    69   314   331  2.6188  0.8061
    69   318   330  2.6186  0.8040
    59   317   335  2.6164  0.8134
    65   321   336  2.6158  0.8152
    69   316   330  2.6155  0.8026
    61   321   337  2.6139  0.8164
    68   313   331  2.6135  0.8039
    59   314   335  2.6116  0.8113
    63   314   338  2.6108  0.8171
    63   320   338  2.6084  0.8161
    60   317   338  2.6058  0.8149
    60   316   338  2.6048  0.8145
    65   321   337  2.6035  0.8119
    59   314   331  2.5952  0.7961
    69   319   330  2.5940  0.7935
    59   317   331  2.5932  0.7952
    60   313   331  2.5914  0.7945
    69   318   331  2.5913  0.7944
    61   319   338  2.5910  0.8085
    69   318   334  2.5900  0.8000
    69   319   334  2.5876  0.7989
    62   314   338  2.5859  0.8063
    59   320   337  2.5857  0.8042
    69   313   331  2.5846  0.7916
    69   322   332  2.5840  0.7934
    69   315   330  2.5785  0.7870
    60   318   338  2.5756  0.8018
    62   320   338  2.5744  0.8013
    66   323   332  2.5741  0.7892
    65   323   332  2.5731  0.7887
    59   321   336  2.5730  0.7967
    59   313   336  2.5720  0.7963
    65   321   338  2.5701  0.7994
    60   315   338  2.5683  0.7986
    59   318   335  2.5680  0.7926
    61   313   337  2.5674  0.7963
    67   323   332  2.5672  0.7862
    60   313   337  2.5649  0.7952
    69   314   332  2.5632  0.7845
    65   313   336  2.5627  0.7923
    69   317   334  2.5621  0.7880
    64   321   338  2.5617  0.7958
    60   321   337  2.5617  0.7938
    69   320   330  2.5606  0.7794
    64   323   332  2.5606  0.7834
    65   314   337  2.5606  0.7933
    59   323   333  2.5595  0.7850
    69   320   334  2.5567  0.7857
    62   313   337  2.5547  0.7908
    68   323   332  2.5542  0.7807
    69   319   331  2.5536  0.7785
    59   313   335  2.5500  0.7849
    61   314   338  2.5479  0.7899
    59   313   337  2.5441  0.7863
    59   318   331  2.5407  0.7731
    59   313   331  2.5402  0.7728
    63   321   338  2.5393  0.7861
    69   323   332  2.5358  0.7729
    63   323   332  2.5327  0.7716
    65   313   330  2.5312  0.7671
    63   313   337  2.5294  0.7800
    65   313   338  2.5271  0.7809
    64   313   330  2.5271  0.7654
    66   313   330  2.5258  0.7648
    69   321   330  2.5257  0.7648
    59   316   338  2.5235  0.7794
    60   313   335  2.5231  0.7735
    61   320   338  2.5214  0.7785
    60   319   338  2.5208  0.7782
    59   317   338  2.5207  0.7782
    63   313   330  2.5168  0.7611
    64   313   338  2.5158  0.7761
    69   314   330  2.5152  0.7604
    67   323   330  2.5124  0.7592
    69   320   331  2.5107  0.7605
    66   323   330  2.5098  0.7582
    67   313   330  2.5072  0.7571
    69   316   334  2.5052  0.7640
    59   319   335  2.5040  0.7654
    69   321   334  2.5023  0.7628
    59   318   334  2.5018  0.7626
    62   313   330  2.5013  0.7546
    59   318   332  2.5010  0.7584
    62   321   338  2.5006  0.7697
    70   320   333  3.0136  0.9885
    70   319   333  3.0106  0.9871
    70   321   333  3.0036  0.9838
    70   318   333  2.9938  0.9791
    70   322   333  2.9825  0.9738
    70   317   333  2.9633  0.9649
    70   323   333  2.9539  0.9605
    69   324   333  2.9349  0.9516
    68   324   333  2.9308  0.9497
    70   324   333  2.9220  0.9456
    70   316   333  2.9198  0.9446
    67   324   333  2.9129  0.9415
    66   324   333  2.8854  0.9288
    70   315   333  2.8632  0.9186
    65   324   333  2.8515  0.9133
    64   324   333  2.8124  0.8956
    70   314   333  2.7927  0.8867
    63   324   333  2.7668  0.8752
    58   317   333  2.7503  0.8678
    58   318   333  2.7483  0.8669
    58   316   333  2.7310  0.8593
    58   319   333  2.7245  0.8564
    66   317   338  2.7149  0.8631
    66   316   338  2.7112  0.8614
    62   324   333  2.7111  0.8505
    70   313   333  2.7064  0.8484
    66   318   338  2.6957  0.8545
    58   315   333  2.6916  0.8419
    58   317   336  2.6904  0.8479
    66   317   336  2.6878  0.8467
    58   316   336  2.6845  0.8453
    70   318   332  2.6819  0.8355
    66   318   337  2.6805  0.8456
    66   315   338  2.6797  0.8474
    66   318   336  2.6792  0.8429
    58   320   333  2.6790  0.8364
    66   316   336  2.6763  0.8417
    70   317   332  2.6760  0.8329
    66   317   337  2.6733  0.8424
    70   319   332  2.6706  0.8306
    58   318   336  2.6698  0.8388
    58   316   337  2.6695  0.8408
    66   319   337  2.6620  0.8375
    58   317   337  2.6609  0.8370
    66   319   338  2.6600  0.8387
    66   319   336  2.6549  0.8322
    70   316   332  2.6530  0.8230
    58   315   337  2.6481  0.8314
    58   315   336  2.6476  0.8291
    70   320   332  2.6438  0.8190
    61   324   333  2.6407  0.8198
    66   315   336  2.6407  0.8260
    66   316   337  2.6400  0.8278
    58   314   333  2.6339  0.8168
    58   319   336  2.6283  0.8206
    58   315   335  2.6271  0.8180
    58   318   337  2.6268  0.8220
    58   316   335  2.6205  0.8152
    66   320   337  2.6197  0.8189
    66   320   336  2.6189  0.8165
    66   314   338  2.6187  0.8205
    68   312   333  2.6172  0.8096
    69   312   333  2.6158  0.8090
    66   320   338  2.6148  0.8189
    70   315   332  2.6142  0.8062
    58   321   333  2.6125  0.8076
    67   312   333  2.6107  0.8068
    70   321   332  2.6051  0.8023
    58   314   335  2.6037  0.8079
    70   312   333  2.6016  0.8029
    66   312   333  2.6011  0.8027
    62   322   336  2.6007  0.8086
    63   322   336  2.5995  0.8081
    58   314   337  2.5928  0.8072
    65   312   333  2.5920  0.7988
    70   315   331  2.5905  0.7941
    58   317   335  2.5877  0.8010
    65   312   331  2.5876  0.7928
    70   316   331  2.5871  0.7926
    64   312   331  2.5867  0.7925
    64   312   333  2.5856  0.7961
    61   322   336  2.5850  0.8019
    64   322   336  2.5843  0.8016
    66   312   331  2.5819  0.7904
    66   315   337  2.5818  0.8025
    63   312   333  2.5818  0.7944
    63   312   331  2.5789  0.7892
    70   314   331  2.5787  0.7891
    62   312   333  2.5783  0.7930
    66   314   336  2.5777  0.7987
    58   314   336  2.5775  0.7986
    66   321   336  2.5746  0.7974
    58   320   336  2.5712  0.7959
    61   312   333  2.5710  0.7898
    58   319   337  2.5706  0.7976
    70   317   331  2.5703  0.7855
    67   312   331  2.5702  0.7855
    66   321   338  2.5667  0.7979
    62   312   331  2.5637  0.7827
    70   314   332  2.5610  0.7836
    58   313   333  2.5601  0.7852
    70   322   332  2.5593  0.7829
    65   322   336  2.5584  0.7904
    66   321   337  2.5572  0.7919
    60   312   333  2.5545  0.7828
    68   312   331  2.5531  0.7783
    60   324   333  2.5520  0.7818
    62   312   336  2.5508  0.7872
    60   322   336  2.5504  0.7870
    70   313   331  2.5499  0.7769
    58   313   335  2.5488  0.7844
    61   312   336  2.5427  0.7837
    70   318   331  2.5424  0.7738
    58   315   331  2.5423  0.7737
    63   322   337  2.5420  0.7854
    61   312   331  2.5402  0.7728
    70   317   330  2.5381  0.7700
    64   322   337  2.5358  0.7827
    58   316   331  2.5357  0.7709
    58   318   335  2.5338  0.7780
    63   312   336  2.5329  0.7796
    70   318   330  2.5313  0.7671
    69   312   331  2.5305  0.7688
    62   322   337  2.5297  0.7801
    66   313   338  2.5297  0.7820
    70   318   334  2.5296  0.7742
    70   316   330  2.5282  0.7659
    58   322   333  2.5269  0.7712
    66   322   336  2.5251  0.7762
    70   319   334  2.5249  0.7723
    59   312   333  2.5232  0.7696
    58   314   331  2.5212  0.7649
    66   322   338  2.5203  0.7780
    65   322   338  2.5155  0.7760
    65   322   337  2.5140  0.7734
    66   324   332  2.5139  0.7638
    70   319   330  2.5129  0.7594
    67   324   332  2.5124  0.7632
    70   323   332  2.5113  0.7627
    70   317   334  2.5075  0.7649
    65   324   332  2.5069  0.7608
    70   319   331  2.5068  0.7589
    60   312   331  2.5066  0.7588
    60   312   336  2.5057  0.7680
    68   324   332  2.5040  0.7596
    58   317   331  2.5034  0.7575
    58   321   336  2.5024  0.7666
    58   313   337  2.5021  0.7684
    70   312   331  2.5017  0.7567
    66   314   337  2.5008  0.7678
    71   320   333  2.9521  0.9596
    71   321   333  2.9478  0.9576
    71   319   333  2.9458  0.9567
    71   322   333  2.9343  0.9513
    71   318   333  2.9286  0.9487
    71   323   333  2.9140  0.9419
    71   317   333  2.9006  0.9358
    69   325   333  2.8943  0.9329
    70   325   333  2.8909  0.9313
    71   324   333  2.8903  0.9311
    68   325   333  2.8788  0.9258
    71   325   333  2.8667  0.9202
    71   316   333  2.8619  0.9180
    67   325   333  2.8484  0.9119
    71   315   333  2.8118  0.8953
    66   325   333  2.8078  0.8935
    65   325   333  2.7614  0.8727
    71   314   333  2.7486  0.8671
    64   325   333  2.7111  0.8505
    67   317   338  2.6774  0.8464
    67   316   338  2.6754  0.8455
    71   313   333  2.6695  0.8322
    67   318   338  2.6605  0.8389
    71   318   332  2.6590  0.8256
    63   325   333  2.6565  0.8266
    71   317   332  2.6559  0.8242
    67   315   338  2.6498  0.8342
    71   319   332  2.6452  0.8196
    71   316   332  2.6360  0.8156
    67   319   338  2.6303  0.8256
    71   320   332  2.6164  0.8072
    67   318   337  2.6007  0.8107
    71   315   332  2.5999  0.8001
    57   317   333  2.5986  0.8016
    67   317   336  2.5984  0.8077
    67   318   336  2.5984  0.8076
    67   314   338  2.5983  0.8116
    62   325   333  2.5944  0.7998
    67   320   338  2.5930  0.8093
    67   317   337  2.5918  0.8068
    57   316   333  2.5904  0.7981
    57   318   333  2.5894  0.7977
    67   319   337  2.5877  0.8050
    67   319   336  2.5846  0.8017
    57   317   336  2.5842  0.8015
    67   316   336  2.5817  0.8004
    57   315   335  2.5793  0.7974
    71   321   332  2.5761  0.7900
    57   316   337  2.5758  0.7999
    57   316   336  2.5716  0.7961
    71   312   333  2.5709  0.7898
    57   318   336  2.5706  0.7957
    57   316   335  2.5666  0.7920
    57   315   333  2.5657  0.7876
    57   314   335  2.5631  0.7904
    57   315   337  2.5627  0.7942
    57   319   333  2.5621  0.7861
    67   316   337  2.5609  0.7935
    57   317   337  2.5607  0.7934
    67   320   336  2.5599  0.7911
    67   320   337  2.5542  0.7906
    67   321   338  2.5536  0.7923
    71   314   332  2.5489  0.7785
    67   315   336  2.5449  0.7847
    71   315   331  2.5419  0.7736
    71   316   331  2.5368  0.7714
    57   319   336  2.5353  0.7806
    71   314   331  2.5333  0.7699
    63   323   336  2.5307  0.7786
    57   315   336  2.5295  0.7781
    57   317   335  2.5290  0.7760
    71   322   332  2.5289  0.7700
    62   323   336  2.5285  0.7777
    67   321   336  2.5266  0.7769
    57   314   333  2.5252  0.7704
    57   318   337  2.5222  0.7769
    67   313   338  2.5211  0.7784
    61   325   333  2.5206  0.7685
    71   317   331  2.5198  0.7643
    64   323   336  2.5195  0.7738
    57   314   337  2.5168  0.7746
    57   320   333  2.5163  0.7667
    67   322   338  2.5160  0.7762
    57   313   335  2.5155  0.7703
    61   323   336  2.5094  0.7696
    67   315   337  2.5090  0.7713
    71   313   331  2.5088  0.7597
    67   321   337  2.5035  0.7690
    72   320   333  2.8851  0.9287
    72   321   333  2.8838  0.9281
    72   319   333  2.8773  0.9251
    72   322   333  2.8745  0.9238
    70   326   333  2.8639  0.9189
    72   318   333  2.8602  0.9173
    69   326   333  2.8600  0.9172
    72   323   333  2.8592  0.9168
    71   326   333  2.8455  0.9106
    72   324   333  2.8407  0.9084
    68   326   333  2.8359  0.9062
    72   317   333  2.8338  0.9053
    72   325   333  2.8219  0.8999
    72   326   333  2.8050  0.8923
    72   316   333  2.7979  0.8891
    67   326   333  2.7958  0.8881
    72   315   333  2.7514  0.8683
    66   326   333  2.7447  0.8653
    72   314   333  2.6920  0.8421
    65   326   333  2.6871  0.8399
    68   317   338  2.6286  0.8249
    68   316   338  2.6272  0.8243
    72   318   332  2.6266  0.8116
    64   326   333  2.6258  0.8133
    72   317   332  2.6250  0.8109
    72   313   333  2.6167  0.8094
    68   318   338  2.6150  0.8189
    72   319   332  2.6117  0.8052
    72   316   332  2.6067  0.8030
    68   315   338  2.6066  0.8153
    68   319   338  2.5913  0.8086
    72   320   332  2.5818  0.7924
    72   315   332  2.5722  0.7884
    68   314   338  2.5640  0.7968
    68   320   338  2.5625  0.7962
    63   326   333  2.5610  0.7856
    72   321   332  2.5403  0.7748
    68   321   338  2.5325  0.7833
    72   314   332  2.5228  0.7675
    72   312   333  2.5218  0.7690
    68   318   337  2.5205  0.7762
    68   319   337  2.5124  0.7727
    68   317   337  2.5105  0.7720
    68   318   336  2.5102  0.7699
    68   319   336  2.5075  0.7688
    68   322   338  2.5041  0.7711
    68   317   336  2.5017  0.7663
    56   315   335  2.5005  0.7639
    70   327   333  2.8419  0.9089
    69   327   333  2.8333  0.9051
    71   327   333  2.8276  0.9025
    73   320   333  2.8137  0.8962
    73   321   333  2.8132  0.8960
    73   319   333  2.8055  0.8925
    73   322   333  2.8053  0.8924
    68   327   333  2.8040  0.8918
    73   323   333  2.7919  0.8864
    72   327   333  2.7905  0.8858
    73   318   333  2.7885  0.8849
    73   324   333  2.7756  0.8791
    73   317   333  2.7626  0.8733
    73   325   333  2.7594  0.8718
    67   327   333  2.7575  0.8710
    73   326   333  2.7450  0.8654
    73   327   333  2.7328  0.8601
    73   316   333  2.7273  0.8576
    66   327   333  2.6987  0.8450
    73   315   333  2.6814  0.8375
    65   327   333  2.6320  0.8160
    73   314   333  2.6227  0.8120
    73   318   332  2.5813  0.7922
    73   317   332  2.5795  0.7914
    69   317   338  2.5693  0.7991
    69   316   338  2.5670  0.7981
    73   319   332  2.5669  0.7861
    73   316   332  2.5615  0.7838
    64   327   333  2.5605  0.7854
    69   318   338  2.5604  0.7952
    69   315   338  2.5497  0.7906
    73   313   333  2.5483  0.7802
    69   319   338  2.5444  0.7883
    73   320   332  2.5374  0.7736
    73   315   332  2.5279  0.7696
    69   320   338  2.5248  0.7800
    69   314   338  2.5143  0.7755
    69   321   338  2.5046  0.7713
    70   328   333  2.8239  0.9008
    69   328   333  2.8132  0.8960
    71   328   333  2.8119  0.8954
    68   328   333  2.7816  0.8818
    72   328   333  2.7772  0.8798
    74   320   333  2.7386  0.8626
    74   321   333  2.7378  0.8622
    67   328   333  2.7322  0.8598
    74   319   333  2.7306  0.8591
    74   322   333  2.7293  0.8585
    73   328   333  2.7215  0.8551
    74   323   333  2.7155  0.8524
    74   318   333  2.7132  0.8514
    74   324   333  2.6992  0.8453
    74   317   333  2.6865  0.8397
    74   325   333  2.6832  0.8382
    74   326   333  2.6694  0.8322
    66   328   333  2.6688  0.8320
    74   327   333  2.6581  0.8273
    74   316   333  2.6499  0.8237
    74   328   333  2.6479  0.8229
    74   315   333  2.6025  0.8033
    65   328   333  2.5955  0.8003
    74   314   333  2.5422  0.7776
    74   318   332  2.5211  0.7668
    74   317   332  2.5176  0.7653
    64   328   333  2.5153  0.7663
    74   319   332  2.5088  0.7616
    70   317   338  2.5004  0.7696
    70   329   333  2.8068  0.8931
    69   329   333  2.7963  0.8883
    71   329   333  2.7956  0.8880
    68   329   333  2.7651  0.8744
    72   329   333  2.7623  0.8731
    67   329   333  2.7156  0.8524
    73   329   333  2.7083  0.8492
    75   320   333  2.6608  0.8285
    75   321   333  2.6591  0.8277
    75   319   333  2.6527  0.8249
    66   329   333  2.6506  0.8240
    75   322   333  2.6493  0.8235
    74   329   333  2.6360  0.8177
    75   318   333  2.6343  0.8170
    75   323   333  2.6337  0.8167
    75   324   333  2.6156  0.8089
    75   317   333  2.6057  0.8047
    75   325   333  2.5980  0.8014
    75   326   333  2.5829  0.7949
    65   329   333  2.5734  0.7909
    75   327   333  2.5709  0.7898
    75   316   333  2.5666  0.7880
    75   328   333  2.5605  0.7854
    75   329   333  2.5489  0.7805
    75   315   333  2.5162  0.7667
    70   330   333  2.7871  0.8842
    69   330   333  2.7783  0.8803
    71   330   333  2.7753  0.8789
    68   330   333  2.7496  0.8675
    72   330   333  2.7426  0.8644
    67   330   333  2.7024  0.8466
    73   330   333  2.6900  0.8412
    66   330   333  2.6384  0.8187
    74   330   333  2.6192  0.8105
    76   320   333  2.5810  0.7941
    76   321   333  2.5787  0.7931
    76   319   333  2.5724  0.7904
    76   322   333  2.5671  0.7882
    65   330   333  2.5599  0.7851
    76   318   333  2.5524  0.7819
    76   323   333  2.5491  0.7806
    75   330   333  2.5330  0.7737
    76   324   333  2.5282  0.7717
    76   317   333  2.5212  0.7688
    76   325   333  2.5077  0.7631
    70   331   333  2.7616  0.8728
    69   331   333  2.7556  0.8702
    71   331   333  2.7485  0.8670
    68   331   333  2.7307  0.8591
    72   331   333  2.7160  0.8527
    67   331   333  2.6873  0.8400
    73   331   333  2.6647  0.8302
    66   331   333  2.6263  0.8135
    74   331   333  2.5956  0.8004
    65   331   333  2.5491  0.7805
    75   331   333  2.5108  0.7644
    77   320   333  2.5001  0.7599
    70   332   333  2.7290  0.8584
    69   332   333  2.7260  0.8570
    71   332   333  2.7144  0.8519
    68   332   333  2.7054  0.8479
    72   332   333  2.6822  0.8378
    67   332   333  2.6668  0.8311
    73   332   333  2.6324  0.8162
    66   332   333  2.6102  0.8066
    74   332   333  2.5654  0.7874
    65   332   333  2.5362  0.7751
    70   333   333  2.6898  0.8411
    69   333   333  2.6894  0.8410
    71   333   333  2.6744  0.8344
    68   333   333  2.6728  0.8337
    72   333   333  2.6430  0.8208
    67   333   333  2.6391  0.8191
    73   333   333  2.5951  0.8001
    66   333   333  2.5876  0.7969
    74   333   333  2.5306  0.7727
    65   333   333  2.5182  0.7675
    69   334   333  2.6478  0.8228
    70   334   333  2.6468  0.8224
    68   334   333  2.6342  0.8169
    71   334   333  2.6316  0.8158
    67   334   333  2.6048  0.8043
    72   334   333  2.6018  0.8030
    66   334   333  2.5583  0.7845
    73   334   333  2.5565  0.7837
    69   335   333  2.6041  0.8040
    70   335   333  2.6031  0.8035
    68   335   333  2.5920  0.7988
    71   335   333  2.5894  0.7977
    67   335   333  2.5657  0.7876
    72   335   333  2.5622  0.7861
    66   335   333  2.5239  0.7699
    73   335   333  2.5201  0.7683
    70   336   333  2.5615  0.7858
    69   336   333  2.5609  0.7856
    71   336   333  2.5504  0.7811
    68   336   333  2.5490  0.7805
    72   336   333  2.5266  0.7711
    67   336   333  2.5246  0.7702
    70   337   333  2.5234  0.7697
    69   337   333  2.5203  0.7684
    71   337   333  2.5158  0.7665
    68   337   333  2.5073  0.7629
