#   X     Y     Z      S       D
   340   301   135  2.7502  0.7074
   340   302   135  2.7473  0.7064
   339   301   135  2.7407  0.7041
   341   301   135  2.7405  0.7040
   339   302   135  2.7403  0.7040
   340   300   135  2.7370  0.7028
   341   302   135  2.7348  0.7021
   341   300   135  2.7307  0.7007
   339   300   135  2.7246  0.6985
   340   303   135  2.7182  0.6964
   340   299   135  2.7170  0.6959
   338   302   135  2.7141  0.6949
   341   299   135  2.7140  0.6949
   339   303   135  2.7131  0.6946
   338   301   135  2.7120  0.6942
   342   301   135  2.7114  0.6940
   342   300   135  2.7052  0.6919
   341   303   135  2.7041  0.6915
   342   302   135  2.7026  0.6910
   339   299   135  2.7014  0.6906
   338   300   135  2.6933  0.6878
   342   299   135  2.6923  0.6875
   338   303   135  2.6890  0.6864
   342   303   135  2.6700  0.6799
   338   299   135  2.6675  0.6791
   341   298   135  2.6965  0.6889
   340   298   135  2.6962  0.6888
   342   298   135  2.6781  0.6827
   339   298   135  2.6777  0.6825
   337   302   135  2.6687  0.6795
   337   301   135  2.6644  0.6780
   343   301   135  2.6621  0.6772
   343   300   135  2.6601  0.6765
   340   304   135  2.6556  0.6750
   339   304   135  2.6515  0.6737
   343   299   135  2.6511  0.6735
   343   302   135  2.6498  0.6731
   337   303   135  2.6462  0.6719
   337   300   135  2.6436  0.6710
   338   298   135  2.6413  0.6702
   341   304   135  2.6411  0.6701
   343   298   135  2.6405  0.6699
   338   304   135  2.6294  0.6662
   337   299   135  2.6158  0.6616
   343   303   135  2.6151  0.6614
   342   304   135  2.6070  0.6586
   337   304   135  2.5895  0.6528
   337   298   135  2.5877  0.6522
   343   304   135  2.5520  0.6403
   341   297   135  2.6808  0.6836
   340   297   135  2.6776  0.6825
   342   297   135  2.6655  0.6784
   339   297   135  2.6564  0.6753
   343   297   135  2.6312  0.6668
   338   297   135  2.6177  0.6623
   336   302   135  2.6051  0.6580
   336   301   135  2.5989  0.6559
   344   300   135  2.5946  0.6545
   344   301   135  2.5921  0.6537
   344   299   135  2.5900  0.6530
   336   303   135  2.5854  0.6514
   344   298   135  2.5833  0.6507
   344   297   135  2.5777  0.6489
   336   300   135  2.5767  0.6485
   344   302   135  2.5758  0.6482
   337   297   135  2.5625  0.6438
   340   305   135  2.5578  0.6422
   339   305   135  2.5539  0.6409
   336   299   135  2.5477  0.6389
   341   305   135  2.5442  0.6377
   344   303   135  2.5386  0.6359
   338   305   135  2.5334  0.6342
   336   304   135  2.5326  0.6339
   336   298   135  2.5185  0.6292
   342   305   135  2.5118  0.6270
   341   296   135  2.6669  0.6789
   340   296   135  2.6610  0.6769
   342   296   135  2.6547  0.6747
   339   296   135  2.6373  0.6689
   343   296   135  2.6238  0.6643
   338   296   135  2.5967  0.6552
   344   296   135  2.5745  0.6478
   337   296   135  2.5401  0.6364
   335   302   135  2.5251  0.6314
   335   301   135  2.5175  0.6289
   345   299   135  2.5089  0.6261
   345   300   135  2.5086  0.6260
   335   303   135  2.5083  0.6259
   345   296   135  2.5075  0.6256
   345   298   135  2.5067  0.6254
   345   297   135  2.5056  0.6250
   345   301   135  2.5011  0.6235
   341   295   135  2.6528  0.6741
   342   295   135  2.6440  0.6711
   340   295   135  2.6439  0.6711
   339   295   135  2.6179  0.6623
   343   295   135  2.6174  0.6621
   338   295   135  2.5755  0.6481
   344   295   135  2.5732  0.6474
   337   295   135  2.5178  0.6290
   345   295   135  2.5126  0.6273
   341   294   135  2.6349  0.6681
   342   294   135  2.6305  0.6666
   340   294   135  2.6226  0.6639
   343   294   135  2.6094  0.6595
   339   294   135  2.5941  0.6543
   344   294   135  2.5720  0.6470
   338   294   135  2.5500  0.6396
   345   294   135  2.5195  0.6296
   342   293   135  2.6105  0.6598
   341   293   135  2.6093  0.6594
   343   293   135  2.5963  0.6551
   340   293   135  2.5927  0.6539
   344   293   135  2.5675  0.6455
   339   293   135  2.5612  0.6434
   345   293   135  2.5249  0.6314
   338   293   135  2.5153  0.6282
   342   292   135  2.5800  0.6496
   343   292   135  2.5744  0.6478
   341   292   135  2.5720  0.6470
   344   292   135  2.5557  0.6415
   340   292   135  2.5503  0.6397
   345   292   135  2.5245  0.6312
   344   292   136  2.5192  0.6288
   343   292   136  2.5154  0.6276
   339   292   135  2.5152  0.6282
   345   292   136  2.5124  0.6266
   342   292   136  2.5020  0.6232
   344   291   136  2.5462  0.6377
   345   291   136  2.5425  0.6365
   343   291   135  2.5404  0.6365
   343   291   136  2.5378  0.6349
   342   291   135  2.5364  0.6352
   344   291   135  2.5329  0.6340
   346   291   136  2.5263  0.6311
   341   291   135  2.5206  0.6299
   342   291   136  2.5185  0.6286
   345   291   135  2.5140  0.6278
   345   290   136  2.5681  0.6450
   344   290   136  2.5670  0.6446
   346   290   136  2.5550  0.6406
   343   290   136  2.5520  0.6396
   347   290   136  2.5274  0.6315
   342   290   136  2.5243  0.6305
   345   289   136  2.5848  0.6505
   344   289   136  2.5770  0.6479
   346   289   136  2.5760  0.6476
   343   289   136  2.5531  0.6400
   347   289   136  2.5509  0.6393
   342   289   136  2.5147  0.6273
   348   289   136  2.5095  0.6256
   345   288   136  2.5860  0.6509
   346   288   136  2.5831  0.6499
   344   288   136  2.5696  0.6455
   347   288   136  2.5612  0.6427
   343   288   136  2.5348  0.6339
   348   288   136  2.5213  0.6295
   346   287   136  2.5673  0.6447
   345   287   136  2.5630  0.6433
   347   287   136  2.5500  0.6390
   344   287   136  2.5368  0.6346
   348   287   136  2.5124  0.6266
   346   286   136  2.5197  0.6289
   347   286   136  2.5082  0.6252
   345   286   136  2.5073  0.6249
