#   X     Y     Z      S       D
   101   125   122  2.7339  0.7123
   100   125   122  2.7319  0.7116
   101   124   122  2.7288  0.7105
   102   124   122  2.7269  0.7098
   102   125   122  2.7248  0.7091
   100   126   122  2.7227  0.7084
   101   126   122  2.7194  0.7072
   100   124   122  2.7189  0.7070
   102   126   122  2.7058  0.7024
   100   125   123  2.5492  0.6480
   100   124   123  2.5457  0.6468
   101   124   123  2.5382  0.6443
   101   125   123  2.5363  0.6437
   100   126   123  2.5284  0.6410
   102   124   123  2.5181  0.6376
   101   126   123  2.5117  0.6354
   102   125   123  2.5107  0.6351
    99   125   122  2.7211  0.7078
    99   126   122  2.7173  0.7065
   102   123   122  2.7095  0.7037
   103   124   122  2.7084  0.7034
   101   123   122  2.7021  0.7011
   103   125   122  2.7004  0.7006
    99   124   122  2.7003  0.7005
   103   123   122  2.6991  0.7001
   100   127   122  2.6940  0.6984
    99   127   122  2.6913  0.6974
   101   127   122  2.6882  0.6963
   100   123   122  2.6826  0.6944
   102   124   124  2.6798  0.6918
   103   126   122  2.6782  0.6929
   102   127   122  2.6726  0.6909
   102   125   124  2.6726  0.6893
   103   124   124  2.6682  0.6878
   101   124   124  2.6654  0.6868
   101   125   124  2.6625  0.6858
   102   123   124  2.6617  0.6856
   103   125   124  2.6572  0.6840
    99   123   122  2.6552  0.6849
   103   123   124  2.6545  0.6831
   103   127   122  2.6443  0.6811
   101   123   124  2.6428  0.6791
   102   126   124  2.6411  0.6785
   101   126   124  2.6349  0.6764
   100   125   124  2.6316  0.6752
   100   124   124  2.6302  0.6747
   103   126   124  2.6225  0.6721
   100   126   124  2.6083  0.6673
   100   123   124  2.6039  0.6658
   102   127   124  2.5866  0.6599
    99   125   124  2.5852  0.6594
   101   127   124  2.5844  0.6592
    99   124   124  2.5804  0.6578
    99   126   124  2.5658  0.6529
   100   127   124  2.5620  0.6516
    99   125   123  2.5531  0.6493
    99   123   124  2.5516  0.6481
    99   124   123  2.5445  0.6464
    99   126   123  2.5354  0.6434
    99   127   124  2.5237  0.6387
   100   123   123  2.5159  0.6368
   101   123   123  2.5153  0.6366
    99   123   123  2.5086  0.6344
   102   123   123  2.5021  0.6322
    98   126   122  2.7029  0.7015
    98   125   122  2.7017  0.7010
    98   127   122  2.6796  0.6933
    98   124   122  2.6740  0.6914
   102   122   122  2.6712  0.6904
   103   122   122  2.6703  0.6901
   104   124   122  2.6676  0.6892
   104   123   122  2.6647  0.6882
   104   125   122  2.6557  0.6851
   101   122   122  2.6539  0.6845
   100   128   122  2.6486  0.6826
    99   128   122  2.6463  0.6818
   104   122   122  2.6441  0.6811
   101   128   122  2.6425  0.6805
    98   128   122  2.6350  0.6779
   104   126   122  2.6321  0.6770
   102   128   122  2.6270  0.6752
   104   124   124  2.6266  0.6735
   100   122   122  2.6249  0.6745
    98   123   122  2.6214  0.6733
   102   122   124  2.6188  0.6709
   104   123   124  2.6170  0.6702
   103   122   124  2.6163  0.6700
   104   125   124  2.6129  0.6688
   103   128   122  2.5993  0.6657
   104   127   122  2.5986  0.6655
   101   122   124  2.5960  0.6631
    99   122   122  2.5891  0.6623
   104   122   124  2.5841  0.6590
   104   126   124  2.5761  0.6564
   103   127   124  2.5649  0.6526
   104   128   122  2.5551  0.6507
   100   122   124  2.5547  0.6491
    98   122   122  2.5489  0.6486
    98   125   123  2.5481  0.6476
    98   124   123  2.5355  0.6434
    98   126   123  2.5327  0.6424
   104   122   125  2.5307  0.6403
    98   125   124  2.5288  0.6404
    98   124   124  2.5217  0.6380
   104   127   124  2.5165  0.6363
   103   122   125  2.5129  0.6344
   101   128   124  2.5125  0.6350
    98   126   124  2.5123  0.6349
   102   128   124  2.5104  0.6342
   104   123   125  2.5094  0.6332
    99   122   124  2.5018  0.6314
    97   126   122  2.6779  0.6927
    97   125   122  2.6723  0.6908
    97   127   122  2.6569  0.6855
    97   124   122  2.6391  0.6794
   103   121   122  2.6217  0.6734
   102   121   122  2.6135  0.6706
    97   128   122  2.6127  0.6703
   104   121   122  2.6045  0.6675
   105   123   122  2.6013  0.6664
   105   124   122  2.5996  0.6659
   100   129   122  2.5883  0.6620
   105   122   122  2.5877  0.6618
   101   121   122  2.5874  0.6617
   105   125   122  2.5857  0.6611
    99   129   122  2.5850  0.6609
   101   129   122  2.5831  0.6602
    97   123   122  2.5809  0.6595
    98   129   122  2.5726  0.6567
   102   129   122  2.5685  0.6553
   105   126   122  2.5621  0.6531
   105   121   122  2.5566  0.6512
   103   121   124  2.5557  0.6495
   105   124   124  2.5545  0.6491
   102   121   124  2.5540  0.6489
   100   121   122  2.5506  0.6492
    97   129   122  2.5494  0.6488
   105   123   124  2.5485  0.6470
   103   129   122  2.5420  0.6463
   105   125   124  2.5388  0.6438
   105   121   125  2.5382  0.6428
   104   121   125  2.5340  0.6414
    97   125   123  2.5311  0.6419
   105   127   122  2.5301  0.6423
   105   122   125  2.5297  0.6400
   104   121   124  2.5293  0.6406
   101   121   124  2.5290  0.6405
   105   122   124  2.5211  0.6379
    97   126   123  2.5167  0.6371
    97   124   123  2.5162  0.6369
   103   121   125  2.5102  0.6335
    99   121   122  2.5086  0.6351
    97   122   122  2.5041  0.6336
   105   123   125  2.5040  0.6314
   105   126   124  2.5008  0.6311
    96   126   122  2.6391  0.6794
    96   125   122  2.6301  0.6763
    96   127   122  2.6202  0.6729
    96   124   122  2.5930  0.6636
    96   128   122  2.5767  0.6580
   103   120   122  2.5554  0.6508
   104   120   122  2.5464  0.6478
   102   120   122  2.5400  0.6456
    96   123   122  2.5316  0.6428
   105   120   125  2.5245  0.6383
   106   121   125  2.5186  0.6363
   104   120   125  2.5142  0.6348
   100   130   122  2.5133  0.6367
    96   129   122  2.5126  0.6365
   106   120   125  2.5114  0.6339
   101   130   122  2.5091  0.6353
    99   130   122  2.5087  0.6351
   101   120   122  2.5078  0.6348
   105   120   122  2.5072  0.6346
   106   123   122  2.5067  0.6345
   106   122   125  2.5052  0.6318
   106   124   122  2.5016  0.6328
    95   126   122  2.5829  0.6602
    95   125   122  2.5718  0.6564
    95   127   122  2.5658  0.6544
    95   124   122  2.5329  0.6433
    95   128   122  2.5231  0.6400
    94   126   122  2.5061  0.6343
