#   X     Y     Z      S       D
   249   415   150  3.9863  1.1713
   249   414   150  3.9814  1.1692
   248   415   150  3.9729  1.1655
   248   414   150  3.9621  1.1608
   250   415   150  3.9505  1.1558
   250   414   150  3.9501  1.1557
   249   416   150  3.9393  1.1510
   248   416   150  3.9312  1.1476
   250   416   150  3.9005  1.1344
   249   416   151  3.7174  1.0567
   248   416   151  3.7102  1.0538
   249   415   151  3.7086  1.0531
   248   415   151  3.7080  1.0529
   250   416   151  3.6812  1.0419
   248   414   151  3.6725  1.0384
   249   414   151  3.6674  1.0363
   250   415   151  3.6655  1.0356
   250   414   151  3.6185  1.0166
   250   416   149  3.4230  0.9413
   250   415   149  3.4172  0.9391
   249   416   149  3.3957  0.9308
   249   415   149  3.3918  0.9293
   250   414   149  3.3783  0.9241
   249   414   149  3.3537  0.9146
   248   416   149  3.3299  0.9056
   248   415   149  3.3285  0.9050
   248   414   149  3.2926  0.8914
   249   413   150  3.9226  1.1439
   247   415   150  3.9053  1.1365
   249   415   148  3.8987  1.1361
   250   413   150  3.8978  1.1333
   248   413   150  3.8965  1.1327
   247   414   150  3.8873  1.1288
   249   414   148  3.8845  1.1301
   248   415   148  3.8803  1.1283
   251   414   150  3.8730  1.1227
   247   416   150  3.8712  1.1220
   250   415   148  3.8711  1.1244
   251   415   150  3.8700  1.1215
   248   414   148  3.8642  1.1215
   249   416   148  3.8596  1.1195
   250   414   148  3.8582  1.1189
   249   417   150  3.8459  1.1113
   248   416   148  3.8427  1.1123
   248   417   150  3.8425  1.1099
   250   416   148  3.8320  1.1078
   251   413   150  3.8270  1.1033
   251   416   150  3.8189  1.1000
   247   413   150  3.8149  1.0983
   247   415   148  3.8137  1.1001
   249   413   148  3.8136  1.1001
   250   417   150  3.8052  1.0942
   251   415   148  3.8018  1.0951
   247   414   148  3.7945  1.0921
   250   413   148  3.7913  1.0907
   251   414   148  3.7905  1.0904
   248   413   148  3.7900  1.0902
   247   417   150  3.7899  1.0878
   247   416   148  3.7801  1.0861
   249   417   148  3.7751  1.0840
   251   416   148  3.7634  1.0791
   248   417   148  3.7607  1.0780
   250   417   148  3.7476  1.0725
   251   413   148  3.7292  1.0649
   251   417   150  3.7241  1.0606
   247   413   148  3.7171  1.0600
   247   417   148  3.7037  1.0544
   249   417   151  3.6914  1.0461
   251   417   148  3.6805  1.0449
   248   417   151  3.6777  1.0405
   250   417   151  3.6619  1.0341
   247   415   151  3.6609  1.0337
   247   416   151  3.6575  1.0323
   247   414   151  3.6300  1.0212
   247   417   151  3.6193  1.0169
   248   413   151  3.6056  1.0114
   251   416   151  3.6033  1.0105
   249   413   151  3.5971  1.0080
   251   417   151  3.5907  1.0054
   251   415   151  3.5814  1.0017
   247   413   151  3.5657  0.9955
   250   413   151  3.5450  0.9872
   251   414   151  3.5296  0.9811
   251   413   151  3.4541  0.9515
   251   416   149  3.4081  0.9356
   251   415   149  3.4014  0.9330
   250   417   149  3.3917  0.9293
   251   417   149  3.3789  0.9243
   251   414   149  3.3633  0.9183
   249   417   149  3.3624  0.9180
   250   413   149  3.3110  0.8984
   251   413   149  3.2991  0.8939
   248   417   149  3.2947  0.8922
   249   413   149  3.2855  0.8887
   247   415   149  3.2307  0.8682
   247   416   149  3.2290  0.8675
   248   413   149  3.2256  0.8663
   247   414   149  3.1982  0.8561
   247   417   149  3.1918  0.8537
   247   413   149  3.1341  0.8325
   249   412   150  3.8117  1.0969
   250   412   150  3.7958  1.0903
   246   415   150  3.7798  1.0836
   248   412   150  3.7779  1.0828
   246   416   150  3.7549  1.0733
   246   414   150  3.7537  1.0728
   252   414   150  3.7533  1.0726
   252   415   150  3.7476  1.0703
   251   412   150  3.7344  1.0648
   248   418   150  3.7136  1.0563
   252   413   150  3.7135  1.0562
   249   418   150  3.7132  1.0561
   246   415   148  3.6992  1.0526
   252   415   148  3.6970  1.0517
   252   416   150  3.6969  1.0494
   247   412   150  3.6899  1.0466
   252   414   148  3.6885  1.0482
   249   412   148  3.6885  1.0482
   246   417   150  3.6833  1.0439
   246   414   148  3.6750  1.0427
   246   413   150  3.6750  1.0405
   250   412   148  3.6742  1.0424
   246   416   148  3.6724  1.0416
   250   418   150  3.6716  1.0391
   247   418   150  3.6678  1.0376
   252   416   148  3.6591  1.0362
   248   412   148  3.6591  1.0362
   250   415   147  3.6588  1.0372
   249   415   147  3.6578  1.0368
   249   418   148  3.6569  1.0353
   248   418   148  3.6464  1.0311
   249   416   147  3.6398  1.0295
   250   416   147  3.6398  1.0295
   250   414   147  3.6382  1.0288
   249   414   147  3.6359  1.0279
   252   413   148  3.6344  1.0262
   252   412   150  3.6309  1.0226
   251   415   147  3.6304  1.0256
   249   418   151  3.6287  1.0207
   250   418   148  3.6283  1.0237
   248   415   147  3.6242  1.0232
   251   412   148  3.6223  1.0213
   251   414   147  3.6117  1.0181
   251   416   147  3.6099  1.0174
   248   418   151  3.6093  1.0129
   248   416   147  3.6066  1.0160
   250   418   151  3.6054  1.0113
   246   417   148  3.6048  1.0142
   252   417   150  3.6045  1.0120
   248   414   147  3.6020  1.0142
   247   418   148  3.5968  1.0110
   246   413   148  3.5939  1.0098
   251   418   150  3.5922  1.0070
   249   417   147  3.5840  1.0069
   250   417   147  3.5837  1.0068
   247   412   148  3.5821  1.0051
   252   417   148  3.5786  1.0037
   250   413   147  3.5770  1.0041
   252   415   147  3.5733  1.0027
   249   413   147  3.5733  1.0026
   246   418   150  3.5708  0.9985
   246   415   151  3.5639  0.9947
   251   418   148  3.5625  0.9973
   246   416   151  3.5565  0.9918
   252   414   147  3.5564  0.9959
   251   417   147  3.5532  0.9946
   247   415   147  3.5530  0.9945
   251   413   147  3.5527  0.9944
   252   416   147  3.5514  0.9939
   248   417   147  3.5508  0.9937
   247   418   151  3.5459  0.9875
   246   412   150  3.5455  0.9884
   251   418   151  3.5405  0.9854
   252   412   148  3.5397  0.9881
   248   413   147  3.5394  0.9891
   246   414   151  3.5358  0.9835
   247   416   147  3.5352  0.9874
   247   414   147  3.5315  0.9860
   246   417   151  3.5138  0.9749
   248   412   151  3.5104  0.9735
   246   418   148  3.5088  0.9759
   249   412   151  3.5018  0.9701
   252   413   147  3.4996  0.9733
   250   418   147  3.4944  0.9713
   252   417   147  3.4940  0.9711
   249   418   147  3.4939  0.9711
   252   416   151  3.4859  0.9639
   247   417   147  3.4796  0.9655
   252   417   151  3.4791  0.9612
   252   418   150  3.4765  0.9612
   250   412   147  3.4756  0.9639
   246   413   151  3.4723  0.9586
   247   413   147  3.4705  0.9619
   249   412   147  3.4704  0.9618
   247   412   151  3.4701  0.9577
   251   418   147  3.4647  0.9596
   252   418   148  3.4633  0.9580
   248   418   147  3.4602  0.9578
   252   415   151  3.4592  0.9535
   246   412   148  3.4559  0.9551
   251   412   147  3.4539  0.9554
   250   412   151  3.4501  0.9500
   246   415   147  3.4381  0.9492
   248   412   147  3.4370  0.9488
   246   418   151  3.4360  0.9445
   252   418   151  3.4350  0.9441
   246   416   147  3.4201  0.9422
   246   414   147  3.4179  0.9413
   252   418   147  3.4061  0.9367
   252   414   151  3.4046  0.9323
   252   412   147  3.4037  0.9358
   247   418   147  3.3894  0.9303
   246   412   151  3.3749  0.9209
   247   412   147  3.3706  0.9230
   246   417   147  3.3655  0.9211
   251   412   151  3.3610  0.9156
   246   413   147  3.3596  0.9188
   252   416   149  3.3486  0.9127
   252   415   149  3.3420  0.9102
   252   413   151  3.3292  0.9035
   250   418   149  3.3215  0.9024
   252   417   149  3.3215  0.9024
   251   418   149  3.3113  0.8985
   252   414   149  3.3066  0.8967
   249   418   149  3.2906  0.8907
   246   418   147  3.2774  0.8875
   246   412   147  3.2638  0.8824
   252   418   149  3.2574  0.8782
   252   413   149  3.2477  0.8745
   252   412   151  3.2398  0.8698
   248   418   149  3.2220  0.8649
   250   412   149  3.2204  0.8643
   251   412   149  3.2140  0.8620
   249   412   149  3.1918  0.8537
   252   412   149  3.1701  0.8457
   248   412   149  3.1315  0.8315
   247   418   149  3.1185  0.8268
   246   415   149  3.0999  0.8200
   246   416   149  3.0945  0.8180
   246   414   149  3.0719  0.8098
   246   417   149  3.0550  0.8038
   247   412   149  3.0418  0.7990
   246   413   149  3.0121  0.7884
   246   418   149  2.9816  0.7775
   246   412   149  2.9235  0.7570
   249   416   146  3.6789  1.0465
   249   415   146  3.6671  1.0417
   248   416   146  3.6656  1.0411
   248   415   146  3.6577  1.0379
   249   411   150  3.6549  1.0323
   249   417   146  3.6537  1.0363
   250   416   146  3.6508  1.0351
   250   411   150  3.6499  1.0303
   248   417   146  3.6385  1.0301
   250   415   146  3.6324  1.0276
   250   417   146  3.6311  1.0270
   249   414   146  3.6148  1.0205
   248   411   150  3.6123  1.0151
   248   414   146  3.6104  1.0187
   247   416   146  3.6072  1.0174
   251   411   150  3.6009  1.0105
   247   415   146  3.6000  1.0145
   249   418   146  3.5962  1.0129
   245   415   150  3.5952  1.0082
   253   414   150  3.5921  1.0070
   251   416   146  3.5862  1.0089
   253   415   150  3.5842  1.0038
   247   417   146  3.5819  1.0072
   248   418   146  3.5815  1.0070
   245   416   150  3.5804  1.0023
   250   418   146  3.5770  1.0052
   251   417   146  3.5747  1.0043
   250   414   146  3.5738  1.0039
   253   415   148  3.5637  0.9977
   245   414   150  3.5610  0.9946
   251   415   146  3.5595  0.9982
   253   414   148  3.5591  0.9959
   253   413   150  3.5586  0.9936
   247   414   146  3.5551  0.9965
   248   419   150  3.5524  0.9911
   249   419   150  3.5492  0.9899
   245   415   148  3.5385  0.9877
   253   416   150  3.5347  0.9842
   247   418   146  3.5291  0.9861
   249   419   151  3.5279  0.9804
   251   418   146  3.5276  0.9855
   253   416   148  3.5255  0.9825
   249   413   146  3.5214  0.9830
   248   413   146  3.5212  0.9829
   245   416   148  3.5211  0.9808
   245   417   150  3.5200  0.9783
   247   411   150  3.5185  0.9777
   249   419   148  3.5175  0.9794
   249   411   148  3.5173  0.9793
   250   411   148  3.5152  0.9785
   253   413   148  3.5135  0.9778
   248   419   148  3.5128  0.9775
   247   419   150  3.5123  0.9753
   249   419   146  3.5111  0.9789
   252   411   150  3.5104  0.9745
   250   419   151  3.5099  0.9734
   250   419   150  3.5077  0.9734
   245   414   148  3.5074  0.9754
   248   419   151  3.5038  0.9710
   246   416   146  3.5014  0.9751
   248   419   146  3.4989  0.9741
   251   414   146  3.4941  0.9722
   250   419   146  3.4933  0.9719
   246   415   146  3.4915  0.9712
   252   416   146  3.4905  0.9708
   252   417   146  3.4888  0.9701
   250   419   148  3.4864  0.9671
   253   412   150  3.4861  0.9650
   253   415   147  3.4860  0.9679
   246   417   146  3.4813  0.9671
   248   411   148  3.4791  0.9642
   251   411   148  3.4783  0.9639
   245   413   150  3.4771  0.9614
   250   413   146  3.4760  0.9651
   247   419   148  3.4723  0.9616
   253   414   147  3.4702  0.9617
   247   413   146  3.4694  0.9625
   245   417   148  3.4652  0.9588
   253   416   147  3.4631  0.9590
   252   415   146  3.4550  0.9568
   247   419   146  3.4527  0.9559
   252   418   146  3.4512  0.9553
   251   419   151  3.4510  0.9503
   251   419   146  3.4491  0.9545
   253   417   148  3.4474  0.9518
   253   417   150  3.4466  0.9495
   246   414   146  3.4465  0.9535
   247   419   151  3.4362  0.9446
   246   418   146  3.4360  0.9494
   253   412   148  3.4319  0.9458
   251   419   150  3.4308  0.9434
   246   419   150  3.4241  0.9408
   245   413   148  3.4217  0.9418
   251   419   148  3.4208  0.9415
   245   418   150  3.4191  0.9389
   253   413   147  3.4147  0.9401
   245   415   151  3.4135  0.9358
   252   411   148  3.4122  0.9381
   253   417   147  3.4051  0.9364
   245   416   151  3.4041  0.9321
   246   419   148  3.3969  0.9322
   247   411   148  3.3965  0.9321
   251   413   146  3.3929  0.9326
   248   412   146  3.3914  0.9321
   248   411   151  3.3895  0.9265
   249   412   146  3.3892  0.9312
   245   414   151  3.3857  0.9251
   249   411   151  3.3850  0.9248
   252   414   146  3.3836  0.9290
   245   418   148  3.3832  0.9269
   252   419   146  3.3814  0.9282
   253   411   150  3.3785  0.9232
   253   417   146  3.3774  0.9266
   250   419   147  3.3771  0.9255
   249   419   147  3.3744  0.9245
   246   411   150  3.3717  0.9206
   253   416   146  3.3691  0.9235
   246   419   146  3.3686  0.9233
   246   413   146  3.3628  0.9210
   245   417   151  3.3585  0.9146
   252   419   151  3.3518  0.9121
   253   418   146  3.3507  0.9164
   251   419   147  3.3499  0.9151
   245   416   146  3.3479  0.9153
   245   412   150  3.3458  0.9107
   247   411   151  3.3452  0.9096
   247   412   146  3.3431  0.9134
   250   412   146  3.3430  0.9134
   248   419   147  3.3395  0.9111
   250   411   151  3.3381  0.9069
   245   417   146  3.3358  0.9107
   253   418   148  3.3358  0.9087
   250   411   147  3.3355  0.9096
   245   415   146  3.3325  0.9094
   253   416   151  3.3322  0.9046
   253   417   151  3.3295  0.9036
   249   411   147  3.3286  0.9070
   253   415   146  3.3257  0.9068
   253   418   150  3.3246  0.9026
   252   419   148  3.3240  0.9042
   246   419   151  3.3230  0.9011
   253   412   147  3.3211  0.9041
   253   411   148  3.3210  0.9031
   245   413   151  3.3207  0.9003
   252   419   150  3.3200  0.9009
   253   418   147  3.3179  0.9029
   251   411   147  3.3175  0.9027
   253   415   151  3.3029  0.8935
   245   418   146  3.3005  0.8972
   248   411   147  3.2960  0.8946
   252   419   147  3.2938  0.8937
   253   419   146  3.2917  0.8939
   253   418   151  3.2908  0.8890
   245   419   148  3.2868  0.8902
   245   414   146  3.2848  0.8912
   245   419   150  3.2839  0.8872
   245   412   148  3.2813  0.8881
   252   413   146  3.2805  0.8896
   245   418   151  3.2776  0.8840
   245   415   147  3.2737  0.8861
   252   411   147  3.2715  0.8853
   247   419   147  3.2694  0.8845
   246   411   148  3.2677  0.8829
   251   412   146  3.2611  0.8823
   245   416   147  3.2563  0.8796
   251   411   151  3.2550  0.8755
   245   414   147  3.2547  0.8790
   253   414   146  3.2498  0.8780
   253   414   151  3.2481  0.8729
   246   411   151  3.2455  0.8720
   253   416   149  3.2450  0.8735
   245   419   146  3.2443  0.8760
   246   412   146  3.2401  0.8744
   253   415   149  3.2397  0.8715
   247   411   147  3.2330  0.8708
   248   411   146  3.2262  0.8692
   249   411   146  3.2242  0.8684
   253   417   149  3.2196  0.8640
   245   412   151  3.2195  0.8623
   253   419   151  3.2140  0.8602
   250   419   149  3.2123  0.8613
   253   414   149  3.2084  0.8599
   253   419   147  3.2081  0.8615
   251   419   149  3.2046  0.8585
   245   417   147  3.2042  0.8601
   245   413   146  3.2014  0.8599
   253   419   148  3.2004  0.8578
   245   413   147  3.1993  0.8583
   253   411   147  3.1927  0.8558
   250   411   146  3.1813  0.8525
   247   411   146  3.1804  0.8521
   249   419   149  3.1803  0.8495
   253   419   150  3.1756  0.8469
   253   413   151  3.1754  0.8460
   245   411   150  3.1738  0.8462
   245   419   151  3.1622  0.8411
   246   419   147  3.1607  0.8439
   253   418   149  3.1596  0.8418
   253   413   149  3.1564  0.8407
   252   419   149  3.1550  0.8401
   252   412   146  3.1519  0.8416
   253   413   146  3.1467  0.8397
   252   411   151  3.1411  0.8334
   246   411   147  3.1314  0.8332
   245   418   147  3.1206  0.8292
   248   419   149  3.1121  0.8244
   251   411   149  3.1115  0.8242
   250   411   149  3.1104  0.8238
   245   412   147  3.1082  0.8247
   251   411   146  3.1055  0.8245
   245   411   148  3.0927  0.8182
   253   412   151  3.0917  0.8154
   253   412   149  3.0874  0.8154
   245   411   151  3.0849  0.8129
   246   411   146  3.0822  0.8160
   245   412   146  3.0821  0.8160
   249   411   149  3.0768  0.8116
   252   411   149  3.0763  0.8114
   253   419   149  3.0633  0.8067
   253   412   146  3.0228  0.7946
   248   411   149  3.0143  0.7891
   245   419   147  3.0105  0.7893
   247   419   149  3.0100  0.7876
   252   411   146  3.0044  0.7880
   253   411   149  3.0026  0.7850
   253   411   151  3.0013  0.7830
   245   411   147  2.9820  0.7792
   245   415   149  2.9363  0.7615
   245   411   146  2.9302  0.7616
   245   416   149  2.9267  0.7581
   247   411   149  2.9252  0.7576
   245   414   149  2.9135  0.7535
   245   417   149  2.8848  0.7434
   253   411   146  2.8842  0.7454
   246   419   149  2.8753  0.7401
   245   413   149  2.8592  0.7345
   245   418   149  2.8114  0.7181
   246   411   149  2.8100  0.7176
   245   412   149  2.7759  0.7059
   245   419   149  2.7083  0.6830
   245   411   149  2.6675  0.6694
   250   410   150  3.4686  0.9581
   249   410   150  3.4615  0.9553
   251   410   150  3.4337  0.9445
   248   410   150  3.4097  0.9352
   254   414   148  3.4076  0.9363
   254   415   148  3.4072  0.9362
   249   420   146  3.4024  0.9363
   248   420   146  3.3939  0.9330
   254   414   150  3.3889  0.9272
   249   420   151  3.3877  0.9258
   250   420   146  3.3845  0.9294
   254   415   150  3.3791  0.9235
   250   420   151  3.3745  0.9208
   248   420   148  3.3716  0.9224
   254   413   148  3.3712  0.9223
   249   420   148  3.3692  0.9215
   254   416   148  3.3683  0.9212
   248   420   150  3.3665  0.9186
   254   415   147  3.3643  0.9206
   249   420   150  3.3618  0.9168
   254   413   150  3.3615  0.9167
   248   420   151  3.3600  0.9152
   252   410   150  3.3577  0.9153
   247   420   146  3.3546  0.9179
   244   415   150  3.3541  0.9139
   244   416   150  3.3492  0.9120
   254   414   147  3.3487  0.9146
   251   420   146  3.3442  0.9139
   247   420   148  3.3416  0.9110
   254   416   147  3.3413  0.9118
   250   420   148  3.3343  0.9082
   244   415   148  3.3340  0.9081
   254   416   150  3.3321  0.9055
   247   420   150  3.3311  0.9051
   244   416   148  3.3281  0.9058
   250   410   148  3.3256  0.9049
   250   420   150  3.3214  0.9014
   251   420   151  3.3214  0.9005
   244   414   150  3.3129  0.8982
   249   410   148  3.3121  0.8997
   247   410   150  3.3107  0.8974
   251   410   148  3.3071  0.8978
   254   412   148  3.3024  0.8960
   244   417   150  3.3007  0.8936
   254   412   150  3.2988  0.8929
   244   414   148  3.2944  0.8930
   254   413   147  3.2938  0.8937
   254   417   148  3.2925  0.8923
   247   420   151  3.2898  0.8886
   244   417   148  3.2864  0.8900
   252   420   146  3.2839  0.8909
   254   417   147  3.2836  0.8899
   246   420   146  3.2801  0.8895
   246   420   148  3.2797  0.8875
   251   420   148  3.2677  0.8829
   248   410   148  3.2623  0.8809
   252   410   148  3.2602  0.8801
   246   420   150  3.2509  0.8748
   254   417   150  3.2499  0.8745
   249   410   151  3.2487  0.8732
   251   420   150  3.2479  0.8737
   248   410   151  3.2451  0.8718
   254   417   146  3.2441  0.8759
   253   410   150  3.2397  0.8707
   250   420   147  3.2373  0.8724
   249   420   147  3.2311  0.8701
   252   420   151  3.2291  0.8658
   254   418   146  3.2282  0.8699
   254   416   146  3.2269  0.8694
   244   413   150  3.2259  0.8655
   244   418   148  3.2206  0.8653
   251   420   147  3.2145  0.8639
   244   418   150  3.2126  0.8606
   250   410   151  3.2108  0.8591
   244   415   151  3.2067  0.8575
   254   411   148  3.2064  0.8600
   253   420   146  3.2045  0.8611
   244   413   148  3.2034  0.8589
   254   411   150  3.2033  0.8571
   254   412   147  3.2017  0.8591
   244   416   151  3.1978  0.8542
   254   418   147  3.1977  0.8577
   248   420   147  3.1946  0.8565
   247   410   151  3.1934  0.8526
   253   410   148  3.1870  0.8528
   245   420   148  3.1859  0.8524
   254   418   148  3.1853  0.8522
   254   419   146  3.1807  0.8522
   254   415   146  3.1773  0.8510
   244   414   151  3.1767  0.8465
   246   420   151  3.1748  0.8458
   247   410   148  3.1728  0.8476
   252   420   148  3.1723  0.8474
   245   420   146  3.1670  0.8472
   246   410   150  3.1638  0.8425
   252   420   147  3.1630  0.8448
   250   410   147  3.1599  0.8436
   244   417   151  3.1513  0.8371
   249   410   147  3.1507  0.8403
   244   416   146  3.1492  0.8406
   244   417   146  3.1470  0.8398
   254   416   151  3.1470  0.8355
   254   417   151  3.1464  0.8353
   251   410   147  3.1464  0.8387
   252   420   150  3.1427  0.8348
   244   419   148  3.1420  0.8362
   251   410   151  3.1374  0.8320
   254   418   150  3.1367  0.8326
   244   415   146  3.1261  0.8321
   247   420   147  3.1256  0.8310
   244   418   146  3.1232  0.8310
   245   420   150  3.1223  0.8273
   248   410   147  3.1188  0.8286
   254   415   151  3.1179  0.8249
   254   418   151  3.1118  0.8227
   244   413   151  3.1077  0.8212
   252   410   147  3.1061  0.8239
   254   420   146  3.1051  0.8244
   254   416   149  3.1010  0.8204
   253   420   151  3.0990  0.8181
   254   414   146  3.0990  0.8222
   254   415   149  3.0978  0.8192
   244   412   150  3.0963  0.8179
   244   419   150  3.0911  0.8160
   254   419   147  3.0911  0.8184
   254   410   148  3.0876  0.8163
   246   410   151  3.0870  0.8137
   253   420   147  3.0821  0.8152
   244   419   146  3.0793  0.8150
   254   410   150  3.0771  0.8109
   254   417   149  3.0768  0.8116
   254   411   147  3.0765  0.8131
   244   414   146  3.0736  0.8129
   254   414   149  3.0719  0.8098
   244   418   151  3.0690  0.8072
   250   420   149  3.0657  0.8076
   254   414   151  3.0657  0.8060
   244   412   148  3.0611  0.8068
   251   420   149  3.0604  0.8057
   247   410   147  3.0594  0.8070
   244   420   148  3.0594  0.8061
   244   415   147  3.0559  0.8057
   254   419   148  3.0553  0.8046
   253   420   148  3.0522  0.8035
   246   410   148  3.0413  0.7996
   254   419   151  3.0410  0.7972
   244   416   147  3.0408  0.8002
   244   414   147  3.0371  0.7989
   249   410   146  3.0350  0.7989
   248   410   146  3.0341  0.7986
   249   420   149  3.0337  0.7961
   252   410   151  3.0337  0.7945
   253   410   147  3.0332  0.7975
   254   413   149  3.0274  0.7938
   246   420   147  3.0214  0.7933
   254   418   149  3.0214  0.7917
   252   420   149  3.0155  0.7896
   244   420   146  3.0145  0.7916
   245   420   151  3.0136  0.7874
   253   420   150  3.0066  0.7856
   244   412   151  3.0012  0.7829
   250   410   146  2.9990  0.7860
   254   419   150  2.9983  0.7827
   254   413   151  2.9981  0.7818
   254   413   146  2.9975  0.7855
   244   417   147  2.9934  0.7832
   251   410   149  2.9925  0.7813
   247   410   146  2.9896  0.7827
   244   413   146  2.9890  0.7824
   244   413   147  2.9842  0.7799
   250   410   149  2.9834  0.7781
   245   410   150  2.9713  0.7731
   254   420   147  2.9705  0.7751
   248   420   149  2.9672  0.7724
   254   412   149  2.9668  0.7722
   252   410   149  2.9660  0.7719
   246   410   147  2.9637  0.7727
   244   419   151  2.9531  0.7659
   244   420   150  2.9444  0.7636
   249   410   149  2.9438  0.7641
   254   420   151  2.9344  0.7594
   251   410   146  2.9332  0.7627
   254   419   149  2.9323  0.7601
   253   420   149  2.9309  0.7596
   244   411   150  2.9308  0.7588
   254   410   147  2.9222  0.7580
   254   412   151  2.9217  0.7549
   245   410   151  2.9203  0.7544
   244   418   147  2.9175  0.7563
   254   420   148  2.9125  0.7538
   253   410   151  2.9039  0.7487
   253   410   149  2.9000  0.7487
   244   412   147  2.8975  0.7494
   246   410   146  2.8966  0.7498
   254   411   149  2.8896  0.7451
   245   420   147  2.8800  0.7432
   254   412   146  2.8791  0.7437
   248   410   149  2.8779  0.7410
   244   411   148  2.8737  0.7403
   244   412   146  2.8723  0.7413
   247   420   149  2.8684  0.7377
   245   410   148  2.8674  0.7381
   244   411   151  2.8607  0.7337
   252   410   146  2.8436  0.7313
   254   420   150  2.8412  0.7276
   254   411   151  2.8399  0.7265
   245   410   147  2.8215  0.7229
   244   419   147  2.8180  0.7217
   254   420   149  2.8092  0.7173
   244   420   151  2.8061  0.7149
   254   410   149  2.7926  0.7116
   247   410   149  2.7885  0.7102
   244   411   147  2.7777  0.7079
   245   410   146  2.7527  0.7001
   254   410   151  2.7515  0.6963
   254   411   146  2.7488  0.6987
   244   415   149  2.7397  0.6936
   244   410   150  2.7395  0.6929
   246   420   149  2.7385  0.6932
   253   410   146  2.7346  0.6939
   244   411   146  2.7270  0.6914
   244   416   149  2.7257  0.6889
   244   414   149  2.7224  0.6878
   244   420   147  2.7008  0.6818
   244   410   151  2.6913  0.6761
   244   417   149  2.6815  0.6740
   246   410   149  2.6758  0.6721
   244   413   149  2.6743  0.6716
   244   410   148  2.6525  0.6650
   244   410   147  2.6250  0.6565
   249   419   145  2.6247  0.6577
   248   419   145  2.6219  0.6568
   250   419   145  2.6151  0.6545
   249   418   145  2.6133  0.6539
   249   420   145  2.6129  0.6538
   248   420   145  2.6115  0.6533
   248   418   145  2.6108  0.6531
   254   410   146  2.6090  0.6519
   244   418   149  2.6089  0.6499
   247   419   145  2.6079  0.6521
   250   420   145  2.6037  0.6508
   250   418   145  2.6020  0.6502
   247   420   145  2.6004  0.6497
   244   412   149  2.5975  0.6462
   247   418   145  2.5962  0.6482
   251   419   145  2.5901  0.6463
   246   419   145  2.5823  0.6437
   251   420   145  2.5814  0.6434
   246   420   145  2.5789  0.6426
   249   417   145  2.5788  0.6425
   248   417   145  2.5782  0.6423
   245   420   149  2.5781  0.6398
   251   418   145  2.5740  0.6409
   246   418   145  2.5688  0.6392
   250   417   145  2.5651  0.6380
   247   417   145  2.5648  0.6379
   244   410   146  2.5595  0.6355
   252   419   145  2.5460  0.6318
   245   420   145  2.5448  0.6314
   245   419   145  2.5426  0.6307
   252   420   145  2.5421  0.6305
   245   410   149  2.5384  0.6269
   246   417   145  2.5378  0.6291
   251   417   145  2.5338  0.6278
   245   418   145  2.5261  0.6253
   252   418   145  2.5253  0.6250
   248   416   145  2.5252  0.6250
   249   416   145  2.5231  0.6243
   247   416   145  2.5142  0.6214
   244   419   149  2.5103  0.6178
   250   416   145  2.5064  0.6189
   249   421   146  3.2729  0.8867
   248   421   146  3.2682  0.8850
   250   409   150  3.2612  0.8787
   250   421   146  3.2545  0.8798
   249   409   150  3.2422  0.8716
   251   409   150  3.2400  0.8708
   255   414   148  3.2362  0.8711
   247   421   146  3.2355  0.8727
   248   421   148  3.2323  0.8697
   255   415   148  3.2308  0.8691
   249   421   148  3.2222  0.8659
   251   421   146  3.2173  0.8659
   247   421   148  3.2131  0.8625
   255   413   148  3.2087  0.8609
   249   421   151  3.2082  0.8581
   255   415   147  3.2039  0.8600
   250   421   151  3.1992  0.8548
   255   416   148  3.1910  0.8543
   255   414   147  3.1879  0.8540
   250   421   148  3.1824  0.8511
   248   409   150  3.1819  0.8492
   255   416   147  3.1817  0.8517
   252   409   150  3.1780  0.8478
   248   421   151  3.1780  0.8469
   246   421   146  3.1698  0.8482
   246   421   148  3.1647  0.8446
   248   421   150  3.1641  0.8426
   252   421   146  3.1637  0.8459
   249   421   150  3.1589  0.8408
   251   421   151  3.1522  0.8375
   255   412   148  3.1514  0.8396
   255   414   150  3.1431  0.8349
   255   413   147  3.1331  0.8338
   247   421   150  3.1325  0.8311
   255   415   150  3.1324  0.8310
   255   417   147  3.1255  0.8310
   255   413   150  3.1211  0.8269
   250   421   150  3.1206  0.8267
   255   417   148  3.1180  0.8274
   251   409   148  3.1171  0.8271
   250   409   148  3.1162  0.8268
   251   421   148  3.1138  0.8259
   247   421   151  3.1069  0.8209
   243   416   148  3.0958  0.8193
   253   421   146  3.0937  0.8202
   249   409   151  3.0927  0.8158
   255   417   146  3.0917  0.8195
   252   409   148  3.0896  0.8171
   255   416   150  3.0894  0.8154
   243   415   148  3.0889  0.8168
   245   421   148  3.0868  0.8160
   249   409   148  3.0857  0.8156
   255   418   146  3.0850  0.8171
   250   421   147  3.0806  0.8146
   247   409   150  3.0793  0.8117
   248   409   151  3.0780  0.8105
   253   409   150  3.0729  0.8094
   249   421   147  3.0700  0.8108
   243   417   148  3.0697  0.8098
   252   421   151  3.0679  0.8068
   255   411   148  3.0677  0.8091
   255   416   146  3.0676  0.8107
   243   416   150  3.0674  0.8074
   245   421   146  3.0674  0.8107
   255   412   150  3.0673  0.8074
   250   409   151  3.0668  0.8064
   251   421   147  3.0636  0.8085
   243   415   150  3.0636  0.8060
   246   421   150  3.0601  0.8048
   251   421   150  3.0514  0.8016
   255   419   146  3.0482  0.8037
   255   418   147  3.0424  0.8008
   255   412   147  3.0423  0.8008
   243   414   148  3.0399  0.7991
   253   409   148  3.0337  0.7969
   248   421   147  3.0316  0.7969
   243   417   150  3.0302  0.7940
   248   409   148  3.0231  0.7931
   243   418   148  3.0217  0.7926
   252   421   148  3.0189  0.7916
   252   421   147  3.0187  0.7923
   243   414   150  3.0175  0.7895
   247   409   151  3.0165  0.7884
   255   418   148  3.0162  0.7906
   255   417   150  3.0157  0.7889
   255   415   146  3.0141  0.7915
   251   409   151  3.0056  0.7845
   254   421   146  3.0052  0.7883
   246   421   151  2.9929  0.7800
   255   420   146  2.9840  0.7807
   255   411   150  2.9826  0.7771
   244   421   148  2.9780  0.7770
   247   421   147  2.9641  0.7728
   243   419   148  2.9623  0.7714
   255   410   148  2.9599  0.7706
   243   418   150  2.9555  0.7675
   250   409   147  2.9527  0.7688
   252   421   150  2.9525  0.7664
   253   421   151  2.9475  0.7639
   254   409   148  2.9474  0.7661
   253   421   147  2.9448  0.7660
   251   409   147  2.9446  0.7659
   245   421   150  2.9438  0.7634
   243   413   148  2.9433  0.7647
   243   415   151  2.9431  0.7624
   249   409   147  2.9406  0.7645
   255   419   147  2.9404  0.7644
   255   416   151  2.9371  0.7603
   243   416   151  2.9370  0.7603
   255   417   151  2.9362  0.7600
   255   414   146  2.9352  0.7634
   246   409   150  2.9345  0.7601
   243   413   150  2.9305  0.7587
   244   421   146  2.9268  0.7604
   247   409   148  2.9259  0.7586
   255   416   149  2.9231  0.7568
   255   415   149  2.9226  0.7566
   254   409   150  2.9215  0.7555
   255   411   147  2.9200  0.7572
   243   417   146  2.9195  0.7578
   255   418   150  2.9147  0.7532
   252   409   151  2.9136  0.7521
   252   409   147  2.9113  0.7542
   255   415   151  2.9108  0.7511
   243   416   146  2.9108  0.7548
   248   409   147  2.9090  0.7534
   243   414   151  2.9086  0.7503
   243   418   146  2.9077  0.7537
   255   418   151  2.9041  0.7487
   246   409   151  2.9022  0.7481
   255   414   149  2.9021  0.7495
   253   421   148  2.9015  0.7500
   255   417   149  2.8999  0.7487
   243   420   148  2.8993  0.7492
   255   421   146  2.8951  0.7493
   255   419   148  2.8932  0.7471
   243   417   151  2.8921  0.7446
   250   421   149  2.8862  0.7439
   251   421   149  2.8825  0.7426
   243   415   146  2.8786  0.7435
   243   419   146  2.8764  0.7427
   255   410   150  2.8673  0.7367
   246   421   147  2.8658  0.7383
   255   413   149  2.8646  0.7364
   255   414   151  2.8638  0.7347
   251   409   149  2.8554  0.7332
   249   421   149  2.8552  0.7332
   247   409   147  2.8528  0.7338
   243   419   150  2.8493  0.7304
   255   418   149  2.8492  0.7311
   253   409   147  2.8457  0.7313
   252   421   149  2.8422  0.7287
   254   421   147  2.8411  0.7297
   250   409   149  2.8395  0.7277
   255   419   151  2.8388  0.7261
   243   421   148  2.8368  0.7275
   255   413   146  2.8364  0.7288
   252   409   149  2.8356  0.7264
   245   421   151  2.8344  0.7246
   243   413   151  2.8338  0.7244
   249   409   146  2.8308  0.7269
   255   409   148  2.8283  0.7246
   255   420   147  2.8269  0.7248
   248   409   146  2.8253  0.7250
   253   421   150  2.8252  0.7221
   243   420   146  2.8245  0.7247
   243   414   146  2.8198  0.7231
   243   418   151  2.8111  0.7166
   255   412   149  2.8108  0.7179
   243   412   150  2.8067  0.7158
   250   409   146  2.8038  0.7176
   255   413   151  2.8032  0.7139
   243   412   148  2.7997  0.7147
   253   409   151  2.7944  0.7109
   249   409   149  2.7942  0.7122
   254   421   151  2.7940  0.7108
   246   409   148  2.7919  0.7121
   248   421   149  2.7918  0.7113
   255   419   150  2.7912  0.7104
   243   415   147  2.7853  0.7105
   244   421   150  2.7826  0.7075
   247   409   146  2.7812  0.7098
   253   409   149  2.7747  0.7055
   243   416   147  2.7747  0.7069
   255   410   147  2.7707  0.7055
   255   419   149  2.7682  0.7033
   254   421   148  2.7665  0.7034
   253   421   149  2.7653  0.7023
   243   414   147  2.7651  0.7036
   246   409   147  2.7626  0.7028
   255   420   148  2.7578  0.7004
   245   409   150  2.7505  0.6966
   243   421   146  2.7497  0.6991
   251   409   146  2.7497  0.6990
   254   409   147  2.7419  0.6957
   255   420   151  2.7408  0.6927
   255   411   149  2.7389  0.6934
   243   417   147  2.7352  0.6934
   245   421   147  2.7350  0.6934
   255   412   151  2.7347  0.6906
   243   413   146  2.7325  0.6932
   245   409   151  2.7299  0.6890
   248   409   149  2.7252  0.6887
   255   412   146  2.7234  0.6901
   243   412   151  2.7212  0.6861
   255   409   150  2.7211  0.6867
   243   420   150  2.7204  0.6865
   243   413   147  2.7134  0.6861
   255   421   147  2.7068  0.6838
   247   421   149  2.6982  0.6797
   243   419   151  2.6973  0.6781
   246   409   146  2.6933  0.6800
   252   409   146  2.6725  0.6730
   254   421   150  2.6722  0.6703
   243   418   147  2.6706  0.6717
   254   409   149  2.6697  0.6701
   255   411   151  2.6610  0.6660
   255   420   149  2.6559  0.6655
   254   421   149  2.6541  0.6649
   243   411   150  2.6529  0.6639
   254   409   151  2.6507  0.6625
   255   420   150  2.6504  0.6631
   255   410   149  2.6443  0.6617
   247   409   149  2.6354  0.6587
   244   421   151  2.6322  0.6564
   243   412   147  2.6306  0.6584
   245   409   147  2.6277  0.6574
   245   409   148  2.6202  0.6543
   255   421   148  2.6189  0.6539
   243   412   146  2.6176  0.6547
   243   411   148  2.6150  0.6526
   255   421   151  2.6126  0.6500
   255   411   146  2.6003  0.6490
   255   409   147  2.5974  0.6474
   243   419   147  2.5860  0.6437
   248   421   145  2.5818  0.6435
   249   421   145  2.5801  0.6430
   255   410   151  2.5799  0.6392
   243   421   150  2.5795  0.6397
   246   421   149  2.5758  0.6391
   243   411   151  2.5756  0.6378
   247   421   145  2.5756  0.6415
   253   409   146  2.5751  0.6407
   244   421   147  2.5715  0.6389
   250   421   145  2.5702  0.6397
   246   421   145  2.5603  0.6365
   245   409   146  2.5585  0.6352
   243   420   151  2.5550  0.6311
   251   421   145  2.5497  0.6330
   244   409   150  2.5339  0.6248
   245   421   145  2.5338  0.6278
   246   416   144  2.5260  0.6259
   246   415   144  2.5257  0.6257
   246   409   149  2.5255  0.6227
   255   409   149  2.5207  0.6211
   247   415   144  2.5172  0.6230
   247   416   144  2.5170  0.6229
   243   411   147  2.5169  0.6211
   252   421   145  2.5149  0.6216
   255   421   149  2.5136  0.6188
   245   416   144  2.5134  0.6217
   243   415   149  2.5111  0.6180
   246   417   144  2.5020  0.6180
   249   422   146  3.1247  0.8316
   248   422   146  3.1229  0.8309
   250   422   146  3.1063  0.8248
   248   422   148  3.1008  0.8212
   247   422   146  3.0955  0.8209
   247   422   148  3.0918  0.8179
   249   422   148  3.0829  0.8146
   251   422   146  3.0722  0.8124
   246   422   148  3.0558  0.8048
   256   414   148  3.0453  0.8010
   250   422   148  3.0378  0.7984
   246   422   146  3.0372  0.7998
   250   408   150  3.0359  0.7961
   256   415   148  3.0355  0.7975
   251   408   150  3.0259  0.7925
   256   413   148  3.0252  0.7938
   252   422   146  3.0245  0.7952
   249   408   150  3.0072  0.7858
   256   415   147  3.0022  0.7864
   256   416   148  2.9954  0.7832
   245   422   148  2.9921  0.7820
   249   422   151  2.9916  0.7795
   250   422   151  2.9865  0.7777
   256   414   147  2.9856  0.7805
   256   416   147  2.9817  0.7791
   256   412   148  2.9771  0.7766
   252   408   150  2.9750  0.7744
   251   422   148  2.9665  0.7729
   253   422   146  2.9629  0.7732
   248   422   151  2.9604  0.7685
   247   418   143  2.9581  0.7739
   248   417   143  2.9580  0.7738
   248   422   150  2.9544  0.7671
   249   422   150  2.9493  0.7653
   251   422   151  2.9462  0.7635
   247   417   143  2.9450  0.7692
   245   422   146  2.9441  0.7665
   248   408   150  2.9406  0.7623
   256   413   147  2.9314  0.7613
   256   417   147  2.9286  0.7603
   247   422   150  2.9263  0.7572
   256   417   148  2.9261  0.7586
   256   418   146  2.9221  0.7587
   256   417   146  2.9220  0.7587
   246   418   143  2.9178  0.7596
   249   408   151  2.9151  0.7526
   250   422   150  2.9137  0.7528
   251   408   148  2.9135  0.7542
   250   422   147  2.9118  0.7544
   248   416   143  2.9085  0.7563
   246   417   143  2.9055  0.7552
   252   408   148  2.9030  0.7505
   250   408   151  2.9024  0.7481
   256   411   148  2.9023  0.7503
   251   422   147  2.9016  0.7508
   244   422   148  2.8991  0.7492
   249   422   147  2.8965  0.7490
   247   416   143  2.8956  0.7517
   250   408   148  2.8951  0.7477
   256   419   146  2.8940  0.7489
   256   416   146  2.8935  0.7487
   247   422   151  2.8911  0.7442
   248   408   151  2.8880  0.7431
   254   422   146  2.8843  0.7455
   253   408   150  2.8797  0.7410
   252   422   151  2.8714  0.7374
   252   422   148  2.8712  0.7394
   252   422   147  2.8646  0.7379
   246   422   150  2.8620  0.7348
   253   408   148  2.8610  0.7359
   246   416   143  2.8583  0.7387
   256   414   150  2.8566  0.7329
   248   422   147  2.8563  0.7350
   251   408   151  2.8543  0.7314
   256   418   147  2.8503  0.7329
   251   422   150  2.8492  0.7304
   249   408   148  2.8487  0.7316
   256   415   150  2.8469  0.7296
   245   418   143  2.8439  0.7337
   256   412   147  2.8425  0.7302
   256   420   146  2.8394  0.7298
   256   413   150  2.8385  0.7267
   256   415   146  2.8383  0.7295
   247   408   150  2.8365  0.7260
   245   417   143  2.8336  0.7301
   256   418   148  2.8313  0.7256
   242   416   148  2.8281  0.7245
   248   415   143  2.8236  0.7266
   242   417   148  2.8182  0.7211
   247   408   151  2.8160  0.7183
   244   422   146  2.8147  0.7213
   247   415   143  2.8110  0.7223
   256   416   150  2.8103  0.7170
   242   415   148  2.8080  0.7176
   256   410   148  2.8016  0.7154
   253   422   147  2.7995  0.7154
   256   412   150  2.7921  0.7108
   247   422   147  2.7910  0.7125
   245   416   143  2.7903  0.7151
   242   418   148  2.7886  0.7109
   254   408   148  2.7846  0.7096
   255   422   146  2.7841  0.7108
   246   422   151  2.7815  0.7065
   246   415   143  2.7764  0.7103
   243   422   148  2.7748  0.7062
   252   408   151  2.7742  0.7040
   248   408   148  2.7740  0.7060
   253   422   151  2.7630  0.7002
   256   414   146  2.7604  0.7027
   256   421   146  2.7603  0.7027
   245   422   150  2.7592  0.6996
   252   422   150  2.7571  0.6989
   253   422   148  2.7556  0.6997
   256   419   147  2.7553  0.7003
   242   414   148  2.7493  0.6975
   242   419   148  2.7489  0.6974
   256   417   150  2.7485  0.6959
   242   416   150  2.7455  0.6949
   254   408   150  2.7364  0.6919
   242   415   150  2.7351  0.6914
   256   411   147  2.7238  0.6896
   244   417   143  2.7226  0.6920
   256   415   149  2.7216  0.6875
   256   416   149  2.7199  0.6870
   250   408   147  2.7187  0.6879
   242   417   150  2.7184  0.6858
   256   419   148  2.7173  0.6867
   256   411   150  2.7165  0.6851
   251   408   147  2.7161  0.6870
   245   415   143  2.7133  0.6888
   256   416   151  2.7107  0.6826
   256   417   151  2.7074  0.6815
   248   414   143  2.7060  0.6863
   242   420   148  2.7059  0.6829
   256   414   149  2.7056  0.6821
   254   422   147  2.7055  0.6834
   249   408   147  2.7035  0.6827
   246   422   147  2.6996  0.6814
   256   417   149  2.6978  0.6795
   251   408   149  2.6972  0.6793
   246   408   150  2.6963  0.6784
   246   408   151  2.6940  0.6770
   247   414   143  2.6934  0.6821
   252   408   147  2.6900  0.6782
   256   415   151  2.6896  0.6755
   242   414   150  2.6872  0.6753
   244   416   143  2.6842  0.6790
   250   422   149  2.6809  0.6738
   252   408   149  2.6806  0.6737
   251   422   149  2.6779  0.6728
   250   408   149  2.6774  0.6727
   256   418   151  2.6760  0.6710
   256   409   148  2.6741  0.6722
   256   413   149  2.6732  0.6713
   248   408   147  2.6714  0.6720
   255   408   148  2.6707  0.6711
   247   408   148  2.6697  0.6708
   253   408   151  2.6649  0.6673
   256   413   146  2.6648  0.6704
   256   418   150  2.6639  0.6676
   242   421   148  2.6627  0.6684
   242   418   146  2.6611  0.6692
   246   414   143  2.6611  0.6712
   242   417   146  2.6610  0.6692
   256   422   146  2.6584  0.6683
   242   418   150  2.6570  0.6652
   256   418   149  2.6520  0.6642
   249   422   149  2.6519  0.6642
   256   420   147  2.6512  0.6652
   243   422   146  2.6505  0.6656
   256   414   151  2.6495  0.6622
   242   413   148  2.6474  0.6633
   242   419   146  2.6422  0.6629
   252   422   149  2.6416  0.6608
   242   416   146  2.6411  0.6625
   253   422   150  2.6391  0.6593
   253   408   147  2.6324  0.6590
   245   422   151  2.6302  0.6557
   249   408   149  2.6290  0.6566
   242   415   151  2.6265  0.6545
   242   416   151  2.6253  0.6542
   254   422   148  2.6246  0.6557
   254   422   151  2.6237  0.6536
   256   412   149  2.6237  0.6548
   253   408   149  2.6210  0.6539
   249   408   146  2.6205  0.6557
   242   422   148  2.6182  0.6536
   247   408   147  2.6173  0.6540
   244   422   150  2.6171  0.6520
   256   419   151  2.6152  0.6508
   244   415   143  2.6139  0.6554
   256   410   150  2.6105  0.6499
   248   408   146  2.6101  0.6522
   242   413   150  2.6040  0.6477
   242   420   146  2.6032  0.6499
   245   414   143  2.6030  0.6518
   250   408   146  2.6020  0.6495
   242   415   146  2.5993  0.6486
   256   413   151  2.5967  0.6447
   248   422   149  2.5932  0.6448
   256   420   148  2.5918  0.6449
   242   414   151  2.5863  0.6413
   242   417   151  2.5847  0.6408
   255   422   147  2.5826  0.6425
   245   422   147  2.5808  0.6419
   256   410   147  2.5800  0.6417
   256   419   149  2.5795  0.6403
   253   422   149  2.5723  0.6379
   242   419   150  2.5672  0.6357
   247   408   146  2.5658  0.6376
   256   419   150  2.5600  0.6333
   248   408   149  2.5584  0.6334
   251   408   146  2.5584  0.6352
   256   412   146  2.5566  0.6346
   256   411   149  2.5538  0.6319
   255   408   150  2.5430  0.6278
   256   421   147  2.5429  0.6295
   242   421   146  2.5419  0.6298
   248   422   145  2.5372  0.6289
   254   408   147  2.5371  0.6276
   247   422   145  2.5370  0.6288
   256   412   151  2.5358  0.6249
   246   408   148  2.5340  0.6260
   242   414   146  2.5332  0.6270
   246   408   147  2.5316  0.6258
   249   422   145  2.5312  0.6269
   246   422   145  2.5293  0.6263
   254   408   151  2.5290  0.6227
   256   420   151  2.5257  0.6216
   245   408   150  2.5235  0.6215
   250   422   145  2.5192  0.6230
   245   408   151  2.5180  0.6191
   256   408   148  2.5179  0.6208
   254   408   149  2.5147  0.6192
   245   415   144  2.5117  0.6212
   245   422   145  2.5116  0.6205
   242   418   151  2.5083  0.6160
   247   422   149  2.5069  0.6167
   242   413   151  2.5055  0.6151
   242   412   148  2.5033  0.6161
   248   423   148  2.9786  0.7772
   247   423   148  2.9784  0.7771
   248   418   143  2.9703  0.7782
   249   423   146  2.9598  0.7721
   248   423   146  2.9594  0.7719
   249   418   143  2.9576  0.7737
   249   423   148  2.9535  0.7683
   246   423   148  2.9528  0.7681
   249   417   143  2.9473  0.7700
   248   419   143  2.9447  0.7691
   250   423   146  2.9424  0.7659
   247   423   146  2.9356  0.7635
   247   419   143  2.9345  0.7655
   251   423   146  2.9115  0.7550
   250   423   148  2.9032  0.7506
   245   423   148  2.9008  0.7498
   249   416   143  2.8995  0.7531
   246   419   143  2.8955  0.7517
   246   423   146  2.8829  0.7450
   252   423   146  2.8694  0.7403
   249   418   142  2.8527  0.7375
   249   417   142  2.8436  0.7343
   248   418   142  2.8354  0.7315
   257   414   148  2.8342  0.7266
   251   423   148  2.8288  0.7248
   245   419   143  2.8228  0.7263
   248   417   142  2.8217  0.7267
   257   415   148  2.8216  0.7223
   244   423   148  2.8207  0.7220
   257   413   148  2.8196  0.7216
   249   415   143  2.8163  0.7241
   253   423   146  2.8150  0.7214
   248   419   142  2.8099  0.7226
   249   416   142  2.8021  0.7199
   250   407   150  2.7983  0.7129
   245   423   146  2.7978  0.7155
   251   407   150  2.7950  0.7117
   247   418   142  2.7878  0.7150
   257   416   148  2.7825  0.7089
   257   412   148  2.7779  0.7073
   248   416   142  2.7741  0.7103
   247   417   142  2.7701  0.7089
   247   419   142  2.7657  0.7074
   249   407   150  2.7640  0.7012
   257   415   147  2.7610  0.7022
   252   407   150  2.7505  0.6966
   248   423   150  2.7474  0.6956
   254   423   146  2.7445  0.6973
   249   423   151  2.7443  0.6939
   257   414   147  2.7442  0.6965
   257   416   147  2.7428  0.6960
   249   423   150  2.7424  0.6939
   250   423   151  2.7424  0.6932
   257   418   146  2.7403  0.6959
   257   417   146  2.7361  0.6944
   250   423   147  2.7355  0.6935
   249   415   142  2.7352  0.6969
   252   423   148  2.7324  0.6918
   251   423   147  2.7322  0.6924
   244   418   143  2.7312  0.6949
   247   423   150  2.7231  0.6874
   257   417   148  2.7184  0.6871
   257   419   146  2.7181  0.6884
   247   416   142  2.7176  0.6910
   249   423   147  2.7155  0.6868
   248   423   151  2.7140  0.6837
   249   407   151  2.7140  0.6837
   250   407   151  2.7138  0.6836
   244   419   143  2.7123  0.6884
   243   423   148  2.7104  0.6844
   250   423   150  2.7097  0.6828
   251   423   151  2.7093  0.6821
   257   411   148  2.7087  0.6838
   246   418   142  2.7076  0.6876
   257   416   146  2.7056  0.6841
   252   423   147  2.7036  0.6828
   249   414   143  2.7007  0.6845
   248   415   142  2.6997  0.6849
   252   407   148  2.6989  0.6805
   251   407   148  2.6974  0.6800
   248   407   150  2.6946  0.6778
   257   417   147  2.6943  0.6797
   257   413   147  2.6918  0.6788
   246   419   142  2.6894  0.6814
   246   417   142  2.6864  0.6804
   244   423   146  2.6786  0.6750
   251   407   151  2.6776  0.6715
   248   407   151  2.6753  0.6707
   248   423   147  2.6740  0.6728
   257   420   146  2.6708  0.6724
   246   423   150  2.6677  0.6688
   253   407   148  2.6663  0.6696
   250   407   148  2.6658  0.6695
   253   407   150  2.6606  0.6665
   255   423   146  2.6526  0.6664
   257   415   146  2.6505  0.6656
   251   423   150  2.6501  0.6630
   249   414   142  2.6496  0.6680
   247   423   151  2.6496  0.6622
   253   423   147  2.6482  0.6642
   252   423   151  2.6454  0.6608
   247   415   142  2.6374  0.6639
   257   418   148  2.6324  0.6583
   246   416   142  2.6304  0.6616
   257   418   147  2.6233  0.6559
   253   423   148  2.6179  0.6535
   247   423   147  2.6115  0.6520
   257   410   148  2.6114  0.6514
   252   407   151  2.6081  0.6485
   249   407   148  2.6075  0.6501
   257   412   147  2.6065  0.6504
   248   414   142  2.6054  0.6533
   257   421   146  2.5996  0.6488
   254   407   148  2.5955  0.6461
   245   418   142  2.5947  0.6497
   247   407   151  2.5940  0.6438
   247   407   150  2.5919  0.6438
   245   419   142  2.5810  0.6452
   245   423   150  2.5796  0.6397
   243   418   143  2.5770  0.6432
   257   414   146  2.5744  0.6405
   245   417   142  2.5703  0.6416
   243   417   143  2.5687  0.6405
   242   423   148  2.5685  0.6373
   254   423   147  2.5651  0.6368
   252   423   150  2.5648  0.6349
   248   413   143  2.5596  0.6375
   249   413   143  2.5567  0.6365
   253   423   151  2.5514  0.6299
   249   413   142  2.5510  0.6353
   246   423   151  2.5486  0.6290
   247   413   143  2.5465  0.6332
   246   415   142  2.5462  0.6337
   257   419   147  2.5382  0.6280
   241   417   148  2.5375  0.6272
   257   414   150  2.5364  0.6256
   247   414   142  2.5363  0.6305
   256   423   146  2.5348  0.6275
   243   416   143  2.5348  0.6293
   241   416   148  2.5315  0.6252
   257   415   150  2.5305  0.6237
   257   419   148  2.5298  0.6246
   246   423   147  2.5277  0.6246
   243   423   146  2.5273  0.6250
   241   418   148  2.5258  0.6234
   248   407   148  2.5238  0.6227
   254   407   150  2.5218  0.6209
   257   413   150  2.5197  0.6202
   246   413   143  2.5159  0.6232
   251   407   149  2.5150  0.6193
   245   416   142  2.5119  0.6225
   244   414   143  2.5108  0.6215
   253   407   151  2.5075  0.6157
   257   422   146  2.5056  0.6180
   241   419   148  2.5053  0.6167
   257   416   150  2.5035  0.6150
   257   415   149  2.5031  0.6154
   257   416   149  2.5007  0.6146
   249   419   143  2.9296  0.7637
   250   418   143  2.9201  0.7604
   250   417   143  2.9120  0.7575
   250   419   143  2.8902  0.7499
   248   420   143  2.8822  0.7470
   247   420   143  2.8754  0.7447
   247   424   148  2.8703  0.7391
   250   416   143  2.8668  0.7416
   249   420   143  2.8643  0.7408
   248   424   148  2.8632  0.7367
   246   424   148  2.8527  0.7330
   250   418   142  2.8428  0.7341
   246   420   143  2.8401  0.7323
   250   417   142  2.8389  0.7327
   249   424   148  2.8320  0.7258
   249   419   142  2.8240  0.7275
   250   419   142  2.8112  0.7231
   245   424   148  2.8094  0.7181
   250   416   142  2.8044  0.7207
   250   415   143  2.7865  0.7138
   249   424   146  2.7806  0.7096
   248   424   146  2.7801  0.7094
   250   424   148  2.7770  0.7070
   245   420   143  2.7719  0.7088
   250   424   146  2.7649  0.7043
   247   424   146  2.7582  0.7020
   249   420   142  2.7553  0.7038
   250   415   142  2.7461  0.7007
   248   420   142  2.7430  0.6996
   244   424   148  2.7388  0.6940
   251   424   146  2.7377  0.6950
   246   424   146  2.7098  0.6855
   247   420   142  2.7019  0.6856
   252   424   146  2.7005  0.6824
   251   424   148  2.6994  0.6807
   250   414   143  2.6745  0.6757
   250   414   142  2.6704  0.6750
   244   420   143  2.6680  0.6735
   253   424   146  2.6520  0.6661
   243   424   148  2.6390  0.6605
   245   424   146  2.6314  0.6593
   246   420   142  2.6300  0.6615
   258   414   148  2.6041  0.6490
   252   424   148  2.6016  0.6481
   258   413   148  2.5927  0.6452
   258   415   148  2.5906  0.6445
   254   424   146  2.5877  0.6448
   250   413   142  2.5822  0.6456
   243   419   143  2.5628  0.6385
   251   424   147  2.5587  0.6347
   250   424   147  2.5556  0.6337
   258   412   148  2.5546  0.6327
   258   416   148  2.5541  0.6326
   248   424   150  2.5534  0.6312
   250   406   150  2.5507  0.6303
   251   406   150  2.5484  0.6295
   249   424   150  2.5480  0.6294
   258   418   146  2.5410  0.6295
   252   424   147  2.5383  0.6280
   258   417   146  2.5350  0.6275
   250   413   143  2.5346  0.6293
   247   424   150  2.5334  0.6247
   249   424   147  2.5316  0.6258
   243   420   143  2.5283  0.6272
   245   420   142  2.5277  0.6276
   258   419   146  2.5223  0.6234
   244   424   146  2.5220  0.6233
   250   424   150  2.5176  0.6196
   249   406   150  2.5159  0.6190
   242   424   148  2.5088  0.6179
   252   406   150  2.5049  0.6155
   258   416   146  2.5042  0.6175
   255   424   146  2.5021  0.6169
   251   418   143  2.8550  0.7375
   251   417   143  2.8482  0.7352
   251   419   143  2.8252  0.7272
   250   420   143  2.8237  0.7267
   251   417   142  2.8101  0.7227
   251   418   142  2.8089  0.7223
   251   416   143  2.8054  0.7203
   248   421   143  2.7862  0.7137
   247   421   143  2.7838  0.7129
   251   416   142  2.7831  0.7134
   251   419   142  2.7749  0.7105
   249   421   143  2.7657  0.7067
   247   425   148  2.7623  0.7020
   251   420   143  2.7604  0.7048
   246   421   143  2.7542  0.7027
   246   425   148  2.7505  0.6979
   248   425   148  2.7497  0.6977
   250   420   142  2.7419  0.6992
   251   415   142  2.7338  0.6965
   251   415   143  2.7288  0.6941
   250   421   143  2.7251  0.6928
   249   425   148  2.7133  0.6854
   245   425   148  2.7132  0.6853
   251   420   142  2.7060  0.6870
   245   421   143  2.6939  0.6822
   251   414   142  2.6681  0.6742
   250   425   148  2.6541  0.6655
   244   425   148  2.6489  0.6638
   249   421   142  2.6481  0.6675
   250   421   142  2.6362  0.6635
   248   421   142  2.6362  0.6635
   251   414   143  2.6215  0.6580
   244   421   143  2.6005  0.6510
   247   421   142  2.5978  0.6508
   249   425   146  2.5905  0.6457
   251   413   142  2.5901  0.6482
   248   425   146  2.5890  0.6452
   250   425   146  2.5774  0.6414
   251   425   148  2.5736  0.6389
   247   425   146  2.5679  0.6383
   243   425   148  2.5565  0.6334
   251   425   146  2.5536  0.6336
   246   421   142  2.5313  0.6288
   246   425   146  2.5226  0.6235
   252   425   146  2.5205  0.6229
   251   412   142  2.5017  0.6192
   252   417   142  2.7590  0.7051
   252   418   143  2.7585  0.7042
   252   418   142  2.7532  0.7031
   252   417   143  2.7509  0.7016
   252   416   142  2.7389  0.6982
   252   419   143  2.7319  0.6951
   252   419   142  2.7176  0.6910
   252   416   143  2.7096  0.6876
   252   415   142  2.6982  0.6844
   252   420   143  2.6728  0.6751
   247   422   143  2.6653  0.6726
   251   421   143  2.6653  0.6726
   248   422   143  2.6632  0.6719
   252   420   142  2.6506  0.6683
   247   426   148  2.6489  0.6638
   246   422   143  2.6430  0.6651
   252   414   142  2.6415  0.6653
   246   426   148  2.6411  0.6612
   249   422   143  2.6408  0.6644
   252   415   143  2.6367  0.6630
   248   426   148  2.6319  0.6582
   245   426   148  2.6077  0.6502
   251   421   142  2.6038  0.6527
   250   422   143  2.6015  0.6513
   245   422   143  2.5927  0.6484
   249   426   148  2.5914  0.6448
   252   421   143  2.5856  0.6460
   252   413   142  2.5723  0.6423
   252   421   142  2.5533  0.6361
   244   426   148  2.5477  0.6305
   251   422   143  2.5469  0.6333
   252   414   143  2.5349  0.6294
   250   426   148  2.5286  0.6243
   244   422   143  2.5127  0.6221
   249   422   142  2.5076  0.6211
   253   417   142  2.6859  0.6802
   253   418   142  2.6768  0.6772
   253   416   142  2.6714  0.6754
   253   419   142  2.6411  0.6652
   253   415   142  2.6376  0.6640
   253   418   143  2.6277  0.6600
   253   417   143  2.6165  0.6563
   253   419   143  2.6081  0.6535
   253   414   142  2.5881  0.6475
   253   420   142  2.5775  0.6440
   253   416   143  2.5752  0.6426
   253   420   143  2.5592  0.6374
   247   423   143  2.5281  0.6272
   247   427   148  2.5253  0.6232
   253   413   142  2.5252  0.6268
   248   423   143  2.5218  0.6251
   246   427   148  2.5209  0.6218
   246   423   143  2.5133  0.6223
   253   415   143  2.5055  0.6198
   248   427   148  2.5048  0.6166
   254   417   142  2.5907  0.6484
   254   418   142  2.5805  0.6450
   254   416   142  2.5796  0.6447
   254   415   142  2.5501  0.6350
   254   419   142  2.5467  0.6339
   254   414   142  2.5050  0.6202
