#   X     Y     Z      S       D
   389   371   215  5.2006  1.7273
   388   371   215  5.1808  1.7166
   389   372   215  5.1804  1.7164
   388   372   215  5.1739  1.7130
   390   371   215  5.1510  1.7008
   389   370   215  5.1309  1.6901
   390   372   215  5.1202  1.6845
   388   370   215  5.1031  1.6755
   390   370   215  5.0882  1.6676
   388   372   216  4.9230  1.5835
   388   371   216  4.8982  1.5709
   389   372   216  4.8683  1.5558
   389   371   216  4.8546  1.5489
   388   370   216  4.8032  1.5233
   389   370   216  4.7687  1.5062
   390   372   216  4.7343  1.4893
   390   371   216  4.7283  1.4863
   390   370   216  4.6502  1.4484
   388   370   214  3.8463  1.0887
   388   371   214  3.8379  1.0853
   389   370   214  3.8335  1.0835
   389   371   214  3.8311  1.0825
   390   371   214  3.7722  1.0585
   390   370   214  3.7683  1.0569
   388   372   214  3.7650  1.0556
   389   372   214  3.7606  1.0538
   390   372   214  3.7059  1.0318
   387   372   215  5.1127  1.6805
   387   371   215  5.1048  1.6764
   388   373   215  5.0913  1.6693
   389   373   215  5.0814  1.6641
   387   373   215  5.0486  1.6469
   391   371   215  5.0222  1.6332
   387   370   215  5.0192  1.6316
   390   373   215  5.0088  1.6263
   391   372   215  4.9843  1.6137
   389   369   215  4.9665  1.6045
   391   370   215  4.9649  1.6037
   388   369   215  4.9383  1.5901
   390   369   215  4.9255  1.5836
   387   372   216  4.9067  1.5752
   388   373   216  4.8812  1.5623
   387   373   216  4.8801  1.5617
   387   371   216  4.8679  1.5556
   391   373   215  4.8654  1.5532
   387   369   215  4.8553  1.5481
   389   373   216  4.8152  1.5292
   391   369   215  4.8050  1.5231
   387   370   216  4.7621  1.5029
   390   373   216  4.6748  1.4603
   388   369   216  4.6397  1.4433
   389   369   216  4.6112  1.4297
   387   369   216  4.5930  1.4210
   391   372   216  4.5187  1.3859
   391   371   216  4.5171  1.3851
   390   369   216  4.4995  1.3769
   391   373   216  4.4575  1.3573
   391   370   216  4.4459  1.3519
   391   369   216  4.3036  1.2869
   388   370   213  4.0247  1.1626
   389   370   213  4.0237  1.1621
   388   371   213  4.0213  1.1611
   389   371   213  4.0155  1.1586
   387   371   213  3.9721  1.1403
   387   370   213  3.9711  1.1399
   390   370   213  3.9647  1.1372
   390   371   213  3.9520  1.1319
   389   369   213  3.9472  1.1299
   388   369   213  3.9471  1.1298
   388   372   213  3.9411  1.1273
   389   372   213  3.9276  1.1217
   387   372   213  3.9010  1.1106
   387   369   213  3.8947  1.1080
   390   369   213  3.8911  1.1065
   390   372   213  3.8588  1.0932
   391   370   213  3.8460  1.0879
   391   371   213  3.8296  1.0812
   387   370   214  3.8089  1.0734
   387   371   214  3.7963  1.0683
   388   373   213  3.7954  1.0673
   388   369   214  3.7848  1.0636
   391   369   213  3.7764  1.0596
   389   373   213  3.7725  1.0580
   387   373   213  3.7676  1.0560
   389   369   214  3.7631  1.0548
   387   369   214  3.7560  1.0519
   391   372   213  3.7336  1.0423
   387   372   214  3.7240  1.0391
   390   373   213  3.6978  1.0280
   390   369   214  3.6902  1.0256
   391   371   214  3.6614  1.0141
   391   370   214  3.6522  1.0105
   388   373   214  3.6389  1.0052
   389   373   214  3.6331  1.0029
   387   373   214  3.6027  0.9910
   391   372   214  3.5996  0.9898
   390   373   214  3.5799  0.9821
   391   373   213  3.5709  0.9780
   391   369   214  3.5689  0.9778
   391   373   214  3.4765  0.9422
   387   372   217  3.1866  0.8362
   387   373   217  3.1714  0.8307
   387   371   217  3.1677  0.8293
   387   370   217  3.1188  0.8118
   388   372   217  3.1057  0.8071
   388   371   217  3.0890  0.8012
   388   373   217  3.0874  0.8006
   387   369   217  3.0426  0.7848
   388   370   217  3.0405  0.7841
   389   372   217  2.9785  0.7624
   389   371   217  2.9636  0.7572
   388   369   217  2.9627  0.7570
   389   373   217  2.9571  0.7550
   389   370   217  2.9152  0.7406
   389   369   217  2.8354  0.7134
   390   372   217  2.8020  0.7022
   390   371   217  2.7887  0.6978
   390   373   217  2.7777  0.6941
   390   370   217  2.7404  0.6817
   390   369   217  2.6590  0.6550
   391   372   217  2.5768  0.6284
   391   371   217  2.5654  0.6247
   391   373   217  2.5501  0.6198
   391   370   217  2.5180  0.6096
   386   372   215  5.0096  1.6267
   386   371   215  4.9874  1.6152
   386   373   215  4.9638  1.6031
   388   374   215  4.9465  1.5943
   387   374   215  4.9231  1.5824
   389   374   215  4.9195  1.5805
   386   370   215  4.8945  1.5679
   386   374   215  4.8570  1.5490
   390   374   215  4.8340  1.5375
   386   372   216  4.8312  1.5372
   386   373   216  4.8218  1.5325
   392   371   215  4.8092  1.5252
   387   374   216  4.7933  1.5183
   388   374   216  4.7806  1.5121
   386   371   216  4.7764  1.5100
   392   372   215  4.7680  1.5048
   392   370   215  4.7559  1.4988
   386   374   216  4.7506  1.4973
   386   369   215  4.7328  1.4875
   389   371   212  4.7177  1.4773
   389   368   215  4.7102  1.4765
   389   370   212  4.7101  1.4735
   389   374   216  4.7050  1.4750
   388   368   215  4.6904  1.4668
   388   371   212  4.6866  1.4622
   391   374   215  4.6832  1.4633
   388   370   212  4.6749  1.4565
   390   368   215  4.6644  1.4542
   390   371   212  4.6625  1.4505
   390   370   212  4.6595  1.4491
   386   370   216  4.6588  1.4526
   392   373   215  4.6466  1.4456
   389   372   212  4.6240  1.4320
   387   368   215  4.6184  1.4321
   388   372   212  4.6012  1.4212
   389   369   212  4.6004  1.4208
   392   369   215  4.5997  1.4232
   387   371   212  4.5834  1.4127
   387   370   212  4.5685  1.4057
   388   369   212  4.5669  1.4049
   390   372   212  4.5627  1.4029
   390   374   216  4.5603  1.4055
   390   369   212  4.5520  1.3979
   391   368   215  4.5427  1.3961
   391   370   212  4.5160  1.3810
   391   371   212  4.5139  1.3800
   386   368   215  4.5084  1.3800
   387   372   212  4.5077  1.3771
   386   369   216  4.4840  1.3696
   387   369   212  4.4654  1.3574
   392   374   215  4.4628  1.3588
   389   373   212  4.4389  1.3452
   388   373   212  4.4269  1.3397
   386   371   212  4.4260  1.3393
   388   368   216  4.4146  1.3374
   391   369   212  4.4143  1.3339
   391   372   212  4.4109  1.3323
   386   370   212  4.4090  1.3315
   389   368   212  4.3983  1.3266
   389   368   216  4.3878  1.3252
   388   368   212  4.3728  1.3149
   390   373   212  4.3716  1.3144
   387   368   216  4.3681  1.3162
   386   372   212  4.3605  1.3093
   390   368   212  4.3483  1.3038
   387   373   212  4.3475  1.3035
   391   374   216  4.3439  1.3052
   392   368   215  4.3399  1.3024
   386   369   212  4.3133  1.2880
   387   368   212  4.2845  1.2751
   392   370   212  4.2812  1.2736
   390   368   216  4.2810  1.2768
   392   371   212  4.2740  1.2704
   386   368   216  4.2603  1.2675
   392   371   216  4.2260  1.2523
   392   372   216  4.2254  1.2520
   391   373   212  4.2189  1.2460
   386   373   212  4.2157  1.2446
   391   368   212  4.2154  1.2444
   392   369   212  4.1881  1.2324
   389   374   212  4.1803  1.2290
   388   374   212  4.1794  1.2286
   392   372   212  4.1703  1.2246
   392   373   216  4.1660  1.2258
   392   370   216  4.1614  1.2238
   386   368   212  4.1487  1.2152
   387   374   212  4.1156  1.2009
   390   374   212  4.1080  1.1976
   391   368   216  4.0936  1.1944
   392   374   216  4.0576  1.1789
   392   369   216  4.0293  1.1667
   386   374   212  4.0015  1.1521
   392   368   212  3.9997  1.1513
   392   373   212  3.9825  1.1440
   391   374   212  3.9570  1.1333
   386   371   213  3.8721  1.0986
   386   370   213  3.8676  1.0968
   392   368   216  3.8318  1.0841
   386   372   213  3.8105  1.0734
   386   369   213  3.7946  1.0669
   388   368   213  3.7920  1.0659
   389   368   213  3.7889  1.0646
   387   368   213  3.7464  1.0475
   390   368   213  3.7333  1.0422
   392   374   212  3.7289  1.0398
   386   370   214  3.7277  1.0405
   386   371   214  3.7136  1.0349
   386   373   213  3.6910  1.0253
   386   369   214  3.6817  1.0222
   392   370   213  3.6666  1.0156
   386   368   213  3.6563  1.0115
   388   368   214  3.6548  1.0115
   392   371   213  3.6479  1.0082
   386   372   214  3.6451  1.0077
   387   368   214  3.6380  1.0049
   389   368   214  3.6223  0.9987
   391   368   213  3.6218  0.9979
   392   369   213  3.6013  0.9899
   388   374   213  3.6006  0.9896
   387   374   213  3.5863  0.9840
   386   368   214  3.5751  0.9802
   389   374   213  3.5676  0.9767
   392   372   213  3.5521  0.9707
   390   368   214  3.5410  0.9670
   386   373   214  3.5322  0.9636
   386   374   213  3.5254  0.9604
   392   371   214  3.5015  0.9518
   392   370   214  3.4892  0.9471
   390   374   213  3.4871  0.9457
   388   374   214  3.4738  0.9412
   389   374   214  3.4636  0.9373
   392   368   213  3.4518  0.9322
   387   374   214  3.4455  0.9304
   392   372   214  3.4432  0.9295
   391   368   214  3.4149  0.9188
   390   374   214  3.4092  0.9167
   392   369   214  3.4038  0.9146
   392   373   213  3.3920  0.9097
   386   374   214  3.3860  0.9080
   391   374   213  3.3594  0.8975
   392   373   214  3.3230  0.8845
   391   374   214  3.3066  0.8784
   392   368   214  3.2486  0.8571
   386   372   217  3.2259  0.8504
   386   373   217  3.2130  0.8457
   386   371   217  3.2050  0.8428
   392   374   213  3.1846  0.8334
   386   372   218  3.1710  0.8311
   386   373   218  3.1686  0.8302
   386   374   217  3.1616  0.8271
   386   370   217  3.1551  0.8248
   392   374   214  3.1546  0.8231
   386   371   218  3.1438  0.8213
   386   374   218  3.1381  0.8193
   387   372   218  3.1193  0.8125
   387   374   217  3.1180  0.8115
   387   373   218  3.1118  0.8098
   387   371   218  3.0973  0.8047
   386   370   218  3.0862  0.8007
   386   369   217  3.0799  0.7980
   387   374   218  3.0769  0.7974
   387   370   218  3.0443  0.7859
   388   372   218  3.0389  0.7840
   388   374   217  3.0306  0.7806
   388   373   218  3.0264  0.7796
   388   371   218  3.0217  0.7780
   386   369   218  2.9976  0.7696
   388   374   218  2.9869  0.7658
   386   368   217  2.9807  0.7632
   388   370   218  2.9729  0.7610
   387   369   218  2.9595  0.7563
   387   368   217  2.9403  0.7492
   389   372   218  2.9288  0.7457
   389   371   218  2.9157  0.7412
   389   373   218  2.9122  0.7400
   389   374   217  2.8965  0.7342
   388   369   218  2.8914  0.7329
   386   368   218  2.8774  0.7282
   389   370   218  2.8704  0.7258
   389   374   218  2.8691  0.7253
   388   368   217  2.8566  0.7206
   387   368   218  2.8420  0.7161
   389   369   218  2.7916  0.6992
   390   372   218  2.7885  0.6981
   390   371   218  2.7784  0.6948
   388   368   218  2.7762  0.6940
   390   373   218  2.7691  0.6916
   390   370   218  2.7360  0.6807
   389   368   217  2.7254  0.6767
   390   374   218  2.7241  0.6767
   390   374   217  2.7139  0.6729
   389   368   218  2.6784  0.6617
   390   369   218  2.6597  0.6556
   391   372   218  2.6184  0.6422
   391   371   218  2.6106  0.6396
   391   373   218  2.5975  0.6354
   391   370   218  2.5707  0.6268
   391   374   218  2.5525  0.6210
   390   368   218  2.5484  0.6197
   390   368   217  2.5460  0.6185
   385   372   215  4.8757  1.5584
   385   373   215  4.8455  1.5433
   385   371   215  4.8411  1.5410
   388   375   215  4.7543  1.4980
   385   374   215  4.7543  1.4980
   387   375   215  4.7483  1.4950
   385   370   215  4.7424  1.4922
   385   373   216  4.7160  1.4803
   389   375   215  4.7114  1.4770
   385   372   216  4.7084  1.4766
   386   375   215  4.6985  1.4707
   385   374   216  4.6598  1.4530
   387   375   216  4.6535  1.4500
   385   371   216  4.6376  1.4424
   388   375   216  4.6308  1.4391
   386   375   216  4.6223  1.4350
   390   375   215  4.6139  1.4300
   385   375   215  4.6089  1.4276
   385   369   215  4.5837  1.4156
   389   375   216  4.5486  1.3999
   385   375   216  4.5423  1.3970
   393   371   215  4.5122  1.3818
   385   370   216  4.5080  1.3809
   393   372   215  4.4709  1.3626
   393   370   215  4.4612  1.3581
   391   375   215  4.4565  1.3559
   390   375   216  4.4023  1.3318
   389   367   215  4.3722  1.3171
   385   368   215  4.3716  1.3168
   388   367   215  4.3695  1.3159
   393   373   215  4.3516  1.3078
   385   369   216  4.3274  1.2977
   387   367   215  4.3180  1.2925
   390   367   215  4.3143  1.2909
   393   369   215  4.3095  1.2887
   392   375   215  4.2353  1.2556
   385   371   212  4.2316  1.2516
   386   367   215  4.2296  1.2530
   385   370   212  4.2137  1.2437
   391   375   216  4.1894  1.2361
   391   367   215  4.1866  1.2341
   385   372   212  4.1752  1.2268
   393   374   215  4.1717  1.2275
   388   367   216  4.1371  1.2132
   385   369   212  4.1264  1.2055
   389   367   212  4.1208  1.2031
   385   367   215  4.1133  1.2020
   388   367   212  4.1092  1.1981
   389   367   216  4.1077  1.2004
   385   368   216  4.1047  1.1992
   387   367   216  4.0966  1.1956
   390   367   212  4.0646  1.1789
   393   368   215  4.0558  1.1773
   385   373   212  4.0453  1.1707
   387   367   212  4.0410  1.1689
   390   367   216  4.0029  1.1555
   386   367   216  3.9962  1.1527
   392   367   215  3.9845  1.1470
   385   368   212  3.9789  1.1425
   393   370   212  3.9638  1.1362
   393   371   212  3.9522  1.1313
   393   375   215  3.9495  1.1322
   391   367   212  3.9342  1.1238
   386   367   212  3.9286  1.1215
   392   375   216  3.9107  1.1168
   393   369   212  3.8811  1.1018
   388   375   212  3.8785  1.1007
   389   375   212  3.8695  1.0970
   393   371   216  3.8657  1.0981
   393   372   216  3.8635  1.0972
   393   372   212  3.8507  1.0892
   385   374   212  3.8485  1.0883
   385   367   216  3.8482  1.0909
   387   375   212  3.8293  1.0805
   391   367   216  3.8230  1.0806
   393   370   216  3.8082  1.0745
   393   373   216  3.8077  1.0743
   390   375   212  3.7939  1.0661
   385   367   212  3.7822  1.0613
   386   375   212  3.7322  1.0412
   392   367   212  3.7285  1.0397
   385   371   213  3.7262  1.0393
   385   370   213  3.7195  1.0367
   393   367   215  3.7076  1.0331
   393   368   212  3.7071  1.0311
   393   374   216  3.7069  1.0335
   393   369   216  3.6882  1.0261
   385   372   213  3.6738  1.0184
   393   373   212  3.6715  1.0170
   385   369   213  3.6519  1.0098
   391   375   212  3.6472  1.0074
   385   370   214  3.6118  0.9946
   385   371   214  3.5991  0.9896
   385   375   212  3.5966  0.9875
   392   367   216  3.5742  0.9811
   393   375   216  3.5702  0.9795
   385   369   214  3.5701  0.9783
   388   367   213  3.5693  0.9774
   385   373   213  3.5686  0.9771
   389   367   213  3.5587  0.9733
   385   372   214  3.5376  0.9657
   387   367   213  3.5356  0.9643
   385   368   213  3.5261  0.9607
   393   368   216  3.5065  0.9549
   390   367   213  3.5000  0.9507
   385   368   214  3.4729  0.9408
   388   367   214  3.4636  0.9373
   386   367   213  3.4609  0.9357
   387   367   214  3.4608  0.9362
   393   367   212  3.4518  0.9317
   385   373   214  3.4356  0.9266
   393   374   212  3.4320  0.9243
   392   375   212  3.4307  0.9238
   393   370   213  3.4263  0.9226
   385   374   213  3.4197  0.9201
   389   367   214  3.4191  0.9204
   386   367   214  3.4123  0.9179
   393   371   213  3.4072  0.9154
   391   367   213  3.3896  0.9088
   388   375   213  3.3736  0.9028
   387   375   213  3.3720  0.9022
   393   369   213  3.3649  0.8996
   385   367   213  3.3482  0.8933
   389   375   213  3.3313  0.8870
   390   367   214  3.3293  0.8868
   386   375   213  3.3262  0.8852
   385   367   214  3.3230  0.8845
   393   372   213  3.3147  0.8809
   385   374   214  3.3022  0.8768
   393   371   214  3.2961  0.8745
   388   375   214  3.2837  0.8699
   393   370   214  3.2833  0.8698
   389   375   214  3.2674  0.8640
   393   367   216  3.2664  0.8646
   387   375   214  3.2645  0.8629
   390   375   213  3.2459  0.8556
   393   372   214  3.2396  0.8538
   385   375   213  3.2370  0.8524
   385   372   217  3.2280  0.8512
   392   367   213  3.2237  0.8475
   393   368   213  3.2214  0.8467
   386   375   214  3.2165  0.8454
   385   373   217  3.2156  0.8466
   390   375   214  3.2096  0.8429
   385   373   219  3.2069  0.8447
   385   371   217  3.2062  0.8432
   393   369   214  3.1989  0.8390
   391   367   214  3.1986  0.8389
   385   374   219  3.1966  0.8409
   385   373   218  3.1963  0.8402
   385   372   218  3.1943  0.8395
   386   373   219  3.1933  0.8397
   385   372   219  3.1931  0.8397
   386   372   219  3.1849  0.8367
   386   374   219  3.1800  0.8349
   385   374   218  3.1693  0.8305
   385   374   217  3.1641  0.8280
   385   371   218  3.1623  0.8279
   393   373   213  3.1613  0.8250
   385   375   219  3.1591  0.8274
   385   371   219  3.1578  0.8269
   386   371   219  3.1572  0.8267
   385   370   217  3.1555  0.8249
   387   373   219  3.1549  0.8258
   387   372   219  3.1536  0.8254
   393   375   212  3.1520  0.8213
   385   375   214  3.1452  0.8197
   386   375   219  3.1416  0.8211
   387   374   219  3.1366  0.8193
   387   371   219  3.1345  0.8185
   393   373   214  3.1215  0.8112
   391   375   213  3.1182  0.8096
   385   375   218  3.1151  0.8110
   386   370   219  3.1110  0.8101
   391   375   214  3.1057  0.8056
   385   370   219  3.1028  0.8072
   385   370   218  3.0999  0.8056
   388   372   219  3.0987  0.8057
   387   370   219  3.0977  0.8054
   387   375   219  3.0955  0.8046
   388   373   219  3.0915  0.8032
   388   371   219  3.0890  0.8023
   386   375   218  3.0815  0.7990
   385   369   217  3.0808  0.7983
   385   375   217  3.0716  0.7950
   386   375   217  3.0692  0.7942
   388   374   219  3.0666  0.7944
   388   370   219  3.0613  0.7925
   386   369   219  3.0464  0.7872
   393   368   214  3.0459  0.7845
   387   369   219  3.0416  0.7855
   392   367   214  3.0317  0.7795
   385   369   219  3.0291  0.7811
   387   375   217  3.0236  0.7781
   388   375   219  3.0211  0.7783
   387   375   218  3.0170  0.7763
   389   372   219  3.0164  0.7767
   389   371   219  3.0162  0.7766
   388   369   219  3.0131  0.7755
   385   369   218  3.0071  0.7729
   389   373   219  3.0001  0.7710
   393   367   213  2.9996  0.7679
   389   370   219  2.9974  0.7700
   385   373   211  2.9882  0.7632
   385   368   217  2.9837  0.7642
   386   373   211  2.9777  0.7596
   385   372   211  2.9703  0.7570
   389   374   219  2.9676  0.7597
   387   368   219  2.9636  0.7583
   393   374   213  2.9628  0.7552
   386   368   219  2.9615  0.7576
   386   372   211  2.9603  0.7536
   389   369   219  2.9561  0.7557
   393   374   214  2.9545  0.7528
   392   375   214  2.9534  0.7524
   385   374   211  2.9489  0.7497
   392   375   213  2.9484  0.7502
   386   374   211  2.9415  0.7471
   388   368   219  2.9405  0.7503
   385   368   219  2.9366  0.7489
   387   373   211  2.9338  0.7445
   388   375   217  2.9328  0.7466
   388   375   218  2.9237  0.7440
   387   372   211  2.9175  0.7389
   389   375   219  2.9165  0.7420
   390   371   219  2.9102  0.7399
   385   371   211  2.9029  0.7339
   390   372   219  2.9011  0.7367
   387   374   211  2.9001  0.7330
   390   370   219  2.8996  0.7362
   386   371   211  2.8962  0.7316
   389   368   219  2.8875  0.7321
   385   368   218  2.8839  0.7304
   390   373   219  2.8757  0.7281
   390   369   219  2.8644  0.7242
   385   367   217  2.8631  0.7228
   388   373   211  2.8601  0.7194
   387   367   219  2.8599  0.7227
   387   371   211  2.8572  0.7184
   386   367   217  2.8559  0.7204
   386   367   219  2.8539  0.7207
   385   375   211  2.8505  0.7162
   386   375   211  2.8494  0.7158
   388   372   211  2.8451  0.7143
   388   367   219  2.8388  0.7155
   390   374   219  2.8353  0.7144
   393   367   214  2.8314  0.7108
   388   374   211  2.8288  0.7089
   385   367   219  2.8238  0.7105
   387   375   211  2.8146  0.7041
   387   367   217  2.8103  0.7050
   389   375   218  2.8037  0.7032
   390   368   219  2.7988  0.7021
   385   370   211  2.7973  0.6983
   386   370   211  2.7952  0.6976
   389   375   217  2.7949  0.6998
   388   371   211  2.7889  0.6955
   389   367   219  2.7863  0.6979
   390   375   219  2.7786  0.6953
   391   371   219  2.7650  0.6908
   391   370   219  2.7618  0.6897
   387   370   211  2.7617  0.6865
   389   373   211  2.7599  0.6859
   393   375   214  2.7538  0.6849
   388   375   211  2.7497  0.6825
   391   372   219  2.7474  0.6849
   389   372   211  2.7461  0.6813
   393   375   213  2.7364  0.6788
   391   369   219  2.7317  0.6797
   389   374   211  2.7308  0.6763
   385   367   218  2.7300  0.6787
   386   367   218  2.7250  0.6770
   388   367   217  2.7210  0.6753
   391   373   219  2.7136  0.6737
   388   370   211  2.6990  0.6659
   390   367   219  2.6971  0.6683
   389   371   211  2.6937  0.6641
   387   367   218  2.6908  0.6658
   391   368   219  2.6685  0.6589
   386   369   211  2.6679  0.6557
   391   374   219  2.6662  0.6581
   385   369   211  2.6649  0.6548
   390   375   218  2.6586  0.6552
   389   375   211  2.6577  0.6524
   387   369   211  2.6401  0.6467
   390   373   211  2.6355  0.6452
   388   367   218  2.6261  0.6446
   390   372   211  2.6227  0.6411
   390   375   217  2.6093  0.6388
   389   370   211  2.6090  0.6367
   390   374   211  2.6086  0.6366
   391   375   219  2.6047  0.6382
   389   367   217  2.5847  0.6309
   388   369   211  2.5831  0.6284
   392   370   219  2.5792  0.6300
   392   371   219  2.5765  0.6291
   390   371   211  2.5737  0.6254
   391   367   219  2.5662  0.6258
   392   369   219  2.5533  0.6216
   392   372   219  2.5520  0.6212
   390   375   211  2.5410  0.6150
   389   367   218  2.5294  0.6136
   386   368   211  2.5226  0.6091
   385   368   211  2.5154  0.6069
   392   373   219  2.5116  0.6084
   384   372   215  4.7178  1.4802
   384   373   215  4.6992  1.4711
   384   371   215  4.6740  1.4588
   384   374   215  4.6189  1.4324
   384   370   215  4.5711  1.4096
   384   373   216  4.5701  1.4101
   384   372   216  4.5480  1.3996
   387   376   215  4.5360  1.3930
   388   376   215  4.5281  1.3893
   384   374   216  4.5261  1.3894
   386   376   215  4.4987  1.3755
   384   375   215  4.4820  1.3677
   389   376   215  4.4722  1.3632
   387   376   216  4.4675  1.3619
   384   371   216  4.4630  1.3598
   386   376   216  4.4425  1.3504
   388   376   216  4.4397  1.3490
   385   376   215  4.4186  1.3384
   384   375   216  4.4172  1.3386
   384   369   215  4.4154  1.3369
   385   376   216  4.3684  1.3163
   390   376   215  4.3647  1.3137
   389   376   216  4.3552  1.3103
   384   370   216  4.3225  1.2955
   384   376   215  4.2976  1.2834
   384   376   216  4.2480  1.2621
   384   368   215  4.2140  1.2461
   390   376   216  4.2105  1.2454
   391   376   215  4.2018  1.2407
   384   369   216  4.1363  1.2129
   394   371   215  4.1352  1.2116
   394   372   215  4.0968  1.1949
   394   370   215  4.0853  1.1899
   384   371   212  4.0121  1.1565
   391   376   216  4.0035  1.1558
   384   370   212  3.9940  1.1489
   388   366   215  3.9898  1.1492
   394   373   215  3.9838  1.1467
   392   376   215  3.9808  1.1454
   384   367   215  3.9729  1.1421
   389   366   215  3.9682  1.1401
   387   366   215  3.9662  1.1393
   384   372   212  3.9633  1.1360
   394   369   215  3.9388  1.1277
   384   369   212  3.9149  1.1158
   384   368   216  3.9144  1.1183
   386   366   215  3.9061  1.1141
   390   366   215  3.8919  1.1082
   384   373   212  3.8462  1.0874
   388   366   216  3.8162  1.0778
   385   366   215  3.8156  1.0768
   394   374   215  3.8129  1.0757
   388   366   212  3.7955  1.0667
   389   366   212  3.7884  1.0638
   387   366   216  3.7861  1.0655
   384   368   212  3.7833  1.0617
   389   366   216  3.7803  1.0631
   391   366   215  3.7539  1.0517
   387   366   212  3.7517  1.0490
   392   376   216  3.7342  1.0445
   390   366   212  3.7218  1.0370
   393   376   215  3.7013  1.0306
   386   366   216  3.6981  1.0300
   384   366   215  3.6968  1.0288
   394   368   215  3.6946  1.0279
   390   366   216  3.6745  1.0206
   386   366   212  3.6661  1.0148
   384   374   212  3.6651  1.0144
   384   367   216  3.6646  1.0167
   384   367   212  3.6075  0.9918
   394   375   215  3.6017  0.9912
   391   366   212  3.5901  0.9850
   394   370   212  3.5777  0.9801
   394   371   212  3.5632  0.9745
   385   366   216  3.5627  0.9766
   392   366   215  3.5504  0.9712
   385   366   212  3.5458  0.9678
   388   376   212  3.5441  0.9671
   384   371   213  3.5403  0.9662
   384   370   213  3.5327  0.9632
   389   376   212  3.5277  0.9608
   387   376   212  3.5072  0.9529
   394   369   212  3.5052  0.9521
   391   366   216  3.5002  0.9525
   384   372   213  3.4961  0.9492
   386   374   220  3.4921  0.9521
   386   373   220  3.4844  0.9491
   387   373   220  3.4805  0.9476
   387   374   220  3.4789  0.9470
   384   369   213  3.4718  0.9399
   384   370   214  3.4711  0.9402
   385   374   220  3.4681  0.9429
   394   372   212  3.4669  0.9375
   384   371   214  3.4627  0.9369
   385   373   220  3.4544  0.9376
   386   375   220  3.4526  0.9370
   390   376   212  3.4510  0.9315
   394   371   216  3.4499  0.9332
   394   372   216  3.4456  0.9316
   388   373   220  3.4401  0.9322
   387   372   220  3.4392  0.9318
   385   375   220  3.4345  0.9301
   386   372   220  3.4342  0.9299
   384   369   214  3.4306  0.9247
   387   375   220  3.4305  0.9285
   384   375   212  3.4295  0.9233
   388   374   220  3.4266  0.9270
   386   376   212  3.4250  0.9216
   388   372   220  3.4104  0.9209
   384   372   214  3.4101  0.9170
   384   374   220  3.4093  0.9205
   393   376   216  3.4052  0.9163
   384   373   213  3.4046  0.9144
   394   370   216  3.4006  0.9145
   385   372   220  3.3987  0.9165
   384   366   212  3.3943  0.9101
   384   373   220  3.3934  0.9145
   394   373   216  3.3933  0.9118
   392   366   212  3.3920  0.9092
   384   366   216  3.3909  0.9109
   384   375   220  3.3784  0.9088
   388   375   220  3.3667  0.9044
   394   376   215  3.3662  0.9011
   386   376   220  3.3651  0.9038
   387   371   220  3.3621  0.9027
   389   373   220  3.3603  0.9020
   394   367   215  3.3599  0.8987
   384   368   213  3.3595  0.8975
   385   376   220  3.3529  0.8992
   386   371   220  3.3496  0.8980
   394   368   212  3.3472  0.8925
   389   372   220  3.3440  0.8959
   388   371   220  3.3433  0.8956
   384   368   214  3.3394  0.8905
   384   372   220  3.3360  0.8929
   387   376   220  3.3345  0.8923
   389   374   220  3.3330  0.8918
   384   373   214  3.3201  0.8834
   391   376   212  3.3107  0.8789
   385   371   220  3.3098  0.8831
   385   376   212  3.3052  0.8769
   394   373   212  3.3004  0.8751
   394   374   216  3.3003  0.8771
   384   376   220  3.3002  0.8796
   394   369   216  3.2945  0.8750
   388   366   213  3.2927  0.8728
   389   371   220  3.2888  0.8754
   393   366   215  3.2815  0.8697
   387   366   213  3.2745  0.8661
   384   374   213  3.2724  0.8653
   389   366   213  3.2707  0.8647
   392   366   216  3.2635  0.8636
   388   376   220  3.2605  0.8649
   389   375   220  3.2603  0.8648
   387   370   220  3.2580  0.8640
   388   370   220  3.2466  0.8598
   384   371   220  3.2462  0.8596
   386   370   220  3.2403  0.8575
   390   373   220  3.2382  0.8567
   390   372   220  3.2365  0.8561
   387   366   214  3.2337  0.8517
   388   366   214  3.2218  0.8473
   386   366   213  3.2184  0.8456
   390   366   213  3.2053  0.8409
   389   370   220  3.2014  0.8433
   386   366   214  3.2010  0.8398
   384   367   213  3.1998  0.8389
   384   374   214  3.1997  0.8393
   384   367   214  3.1994  0.8392
   385   370   220  3.1978  0.8420
   384   372   217  3.1965  0.8397
   390   374   220  3.1964  0.8415
   390   371   220  3.1946  0.8408
   384   373   218  3.1936  0.8392
   384   373   219  3.1926  0.8395
   384   372   218  3.1884  0.8373
   384   374   219  3.1835  0.8362
   384   373   217  3.1820  0.8345
   384   371   217  3.1755  0.8321
   384   372   219  3.1752  0.8332
   394   375   216  3.1745  0.8312
   384   374   218  3.1689  0.8303
   389   366   214  3.1652  0.8269
   384   376   212  3.1539  0.8219
   384   371   218  3.1523  0.8243
   384   375   219  3.1455  0.8225
   389   376   220  3.1432  0.8222
   387   376   213  3.1372  0.8164
   387   369   220  3.1350  0.8193
   384   370   220  3.1343  0.8190
   384   371   219  3.1338  0.8183
   394   368   216  3.1310  0.8156
   393   366   212  3.1301  0.8135
   388   376   213  3.1286  0.8133
   384   374   217  3.1278  0.8150
   388   369   220  3.1278  0.8167
   385   366   214  3.1265  0.8130
   394   370   213  3.1262  0.8125
   385   366   213  3.1259  0.8124
   384   370   217  3.1251  0.8140
   390   370   220  3.1179  0.8132
   384   375   218  3.1160  0.8113
   386   369   220  3.1148  0.8121
   394   367   212  3.1111  0.8067
   390   375   220  3.1107  0.8106
   394   371   213  3.1087  0.8062
   392   376   212  3.1081  0.8056
   384   375   213  3.1066  0.8055
   386   376   213  3.1038  0.8045
   391   366   213  3.0926  0.8005
   385   376   219  3.0915  0.8032
   389   369   220  3.0883  0.8026
   384   370   218  3.0854  0.8005
   391   372   220  3.0849  0.8014
   394   374   212  3.0799  0.7956
   389   376   213  3.0792  0.7958
   388   376   214  3.0789  0.7962
   384   376   219  3.0769  0.7980
   386   376   219  3.0742  0.7970
   391   373   220  3.0717  0.7967
   385   369   220  3.0715  0.7967
   384   370   219  3.0710  0.7959
   387   376   214  3.0683  0.7924
   394   369   213  3.0676  0.7917
   390   366   214  3.0669  0.7919
   391   371   220  3.0572  0.7916
   389   376   214  3.0563  0.7882
   384   375   214  3.0546  0.7876
   384   369   217  3.0507  0.7876
   394   371   214  3.0482  0.7853
   384   376   218  3.0386  0.7839
   394   370   214  3.0370  0.7814
   385   376   218  3.0365  0.7832
   384   375   217  3.0329  0.7814
   386   376   214  3.0304  0.7791
   385   376   213  3.0287  0.7781
   387   376   219  3.0270  0.7804
   394   372   213  3.0225  0.7759
   394   376   216  3.0221  0.7771
   391   374   220  3.0157  0.7770
   384   366   214  3.0150  0.7737
   390   369   220  3.0121  0.7757
   384   369   220  3.0091  0.7747
   386   376   218  3.0013  0.7708
   387   368   220  2.9981  0.7708
   384   366   213  2.9978  0.7673
   390   376   214  2.9942  0.7665
   391   370   220  2.9926  0.7689
   394   372   214  2.9918  0.7656
   388   368   220  2.9917  0.7686
   390   376   213  2.9904  0.7647
   384   369   219  2.9889  0.7671
   384   369   218  2.9885  0.7664
   390   376   220  2.9830  0.7656
   386   368   220  2.9779  0.7638
   393   366   216  2.9734  0.7602
   385   376   214  2.9697  0.7580
   384   373   211  2.9615  0.7540
   394   369   214  2.9558  0.7532
   384   368   217  2.9551  0.7543
   389   368   220  2.9541  0.7555
   394   366   215  2.9511  0.7520
   388   376   219  2.9503  0.7537
   384   372   211  2.9441  0.7480
   385   376   217  2.9394  0.7489
   386   376   217  2.9357  0.7476
   385   368   220  2.9355  0.7491
   387   376   218  2.9348  0.7478
   391   366   214  2.9315  0.7448
   394   368   213  2.9301  0.7439
   392   366   213  2.9284  0.7434
   384   374   211  2.9190  0.7394
   391   375   220  2.9178  0.7430
   384   376   213  2.9137  0.7383
   394   367   216  2.9117  0.7389
   384   376   217  2.9008  0.7356
   391   369   220  2.8955  0.7353
   384   376   214  2.8889  0.7303
   384   368   219  2.8887  0.7325
   391   376   214  2.8876  0.7298
   392   372   220  2.8875  0.7326
   387   376   217  2.8874  0.7311
   390   368   220  2.8812  0.7305
   394   373   213  2.8794  0.7267
   394   373   214  2.8750  0.7256
   384   371   211  2.8749  0.7244
   384   368   220  2.8747  0.7283
   392   371   220  2.8742  0.7281
   391   376   213  2.8636  0.7213
   384   368   218  2.8621  0.7229
   392   373   220  2.8598  0.7232
   393   376   212  2.8501  0.7164
   387   367   220  2.8471  0.7189
   389   376   219  2.8427  0.7169
   388   376   218  2.8401  0.7155
   388   367   220  2.8388  0.7160
   384   367   217  2.8374  0.7141
   386   367   220  2.8290  0.7127
   394   375   212  2.8234  0.7074
   392   370   220  2.8223  0.7105
   384   375   211  2.8147  0.7041
   394   366   212  2.8096  0.7028
   394   368   214  2.8072  0.7027
   389   367   220  2.7998  0.7029
   388   376   217  2.7930  0.6992
   392   374   220  2.7908  0.6999
   385   367   220  2.7887  0.6992
   391   376   220  2.7812  0.6967
   384   367   219  2.7703  0.6925
   391   368   220  2.7694  0.6927
   384   370   211  2.7660  0.6879
   392   366   214  2.7635  0.6881
   392   369   220  2.7353  0.6814
   392   376   214  2.7337  0.6783
   384   367   220  2.7299  0.6796
   390   367   220  2.7263  0.6784
   387   366   219  2.7263  0.6779
   386   366   219  2.7203  0.6759
   389   376   218  2.7202  0.6754
   394   367   213  2.7160  0.6721
   385   366   217  2.7147  0.6732
   394   374   214  2.7097  0.6704
   393   366   213  2.7092  0.6698
   384   367   218  2.7068  0.6710
   386   376   211  2.7047  0.6677
   388   366   219  2.7034  0.6704
   390   376   219  2.7019  0.6699
   386   366   217  2.7017  0.6689
   392   376   213  2.6993  0.6666
   385   376   211  2.6968  0.6651
   394   374   213  2.6940  0.6649
   384   366   217  2.6934  0.6662
   385   366   219  2.6886  0.6655
   392   375   220  2.6828  0.6641
   387   376   211  2.6797  0.6596
   387   366   220  2.6774  0.6623
   388   366   220  2.6652  0.6583
   386   366   220  2.6628  0.6575
   384   376   211  2.6536  0.6511
   389   376   217  2.6517  0.6526
   387   366   217  2.6495  0.6519
   389   366   219  2.6477  0.6521
   393   371   220  2.6439  0.6513
   393   372   220  2.6436  0.6512
   394   366   216  2.6404  0.6485
   384   366   219  2.6329  0.6473
   384   369   211  2.6300  0.6435
   385   366   220  2.6255  0.6453
   388   376   211  2.6247  0.6417
   389   366   220  2.6221  0.6442
   392   368   220  2.6156  0.6421
   391   367   220  2.6153  0.6421
   393   370   220  2.6049  0.6387
   393   373   220  2.6030  0.6381
   394   367   214  2.5972  0.6338
   390   376   218  2.5773  0.6289
   384   366   220  2.5690  0.6271
   393   366   214  2.5648  0.6235
   390   366   219  2.5547  0.6221
   388   366   217  2.5538  0.6210
   394   376   212  2.5477  0.6174
   390   366   220  2.5450  0.6194
   385   366   218  2.5446  0.6185
   389   376   211  2.5421  0.6153
   392   376   220  2.5402  0.6179
   386   366   218  2.5389  0.6166
   393   376   214  2.5335  0.6135
   393   369   220  2.5286  0.6142
   391   376   219  2.5262  0.6130
   393   374   220  2.5234  0.6125
   384   366   218  2.5223  0.6114
   394   375   214  2.5103  0.6061
   387   366   218  2.5043  0.6057
   383   372   215  4.5385  1.3942
   383   373   215  4.5270  1.3888
   383   371   215  4.4885  1.3708
   383   374   215  4.4528  1.3541
   383   373   216  4.3882  1.3254
   383   370   215  4.3828  1.3220
   383   372   216  4.3556  1.3105
   383   374   216  4.3527  1.3091
   383   375   215  4.3202  1.2935
   387   377   215  4.2959  1.2826
   388   377   215  4.2781  1.2746
   386   377   215  4.2674  1.2698
   383   371   216  4.2601  1.2674
   383   375   216  4.2494  1.2627
   387   377   216  4.2409  1.2589
   383   369   215  4.2294  1.2529
   386   377   216  4.2172  1.2484
   388   377   216  4.2131  1.2466
   389   377   215  4.2126  1.2455
   385   377   215  4.1937  1.2372
   385   377   216  4.1450  1.2166
   383   376   215  4.1388  1.2131
   389   377   216  4.1309  1.2105
   383   370   216  4.1110  1.2019
   390   377   215  4.0976  1.1953
   383   376   216  4.0840  1.1902
   384   377   215  4.0772  1.1865
   383   368   215  4.0360  1.1688
   384   377   216  4.0271  1.1658
   390   377   216  3.9913  1.1506
   391   377   215  3.9311  1.1245
   383   377   215  3.9218  1.1207
   383   369   216  3.9204  1.1208
   383   377   216  3.8671  1.0987
   383   367   215  3.8080  1.0737
   391   377   216  3.7923  1.0680
   383   371   212  3.7727  1.0575
   383   370   212  3.7548  1.0503
   383   372   212  3.7298  1.0402
   392   377   215  3.7118  1.0348
   383   368   216  3.6992  1.0305
   395   371   215  3.6869  1.0249
   383   369   212  3.6827  1.0214
   395   372   215  3.6542  1.0119
   395   370   215  3.6368  1.0050
   383   373   212  3.6235  0.9980
   387   365   215  3.5764  0.9813
   388   365   215  3.5685  0.9782
   383   368   212  3.5641  0.9748
   395   373   215  3.5513  0.9716
   383   366   215  3.5486  0.9705
   386   365   215  3.5475  0.9701
   392   377   216  3.5335  0.9653
   389   365   215  3.5181  0.9588
   395   369   215  3.4963  0.9504
   385   365   215  3.4851  0.9461
   388   365   216  3.4588  0.9366
   383   374   212  3.4559  0.9333
   383   367   216  3.4555  0.9354
   388   365   212  3.4487  0.9306
   387   365   216  3.4421  0.9303
   393   377   215  3.4399  0.9288
   387   365   212  3.4304  0.9237
   389   365   212  3.4207  0.9200
   390   365   215  3.4196  0.9211
   389   365   216  3.4136  0.9195
   383   367   212  3.4056  0.9143
   395   374   215  3.3943  0.9116
   384   365   215  3.3898  0.9099
   386   365   212  3.3717  0.9016
   386   365   216  3.3696  0.9029
   390   365   212  3.3404  0.8899
   383   371   213  3.3206  0.8831
   383   374   220  3.3193  0.8867
   383   370   214  3.3139  0.8811
   383   370   213  3.3128  0.8802
   383   371   214  3.3117  0.8803
   383   373   220  3.3047  0.8812
   390   365   216  3.3046  0.8787
   383   375   220  3.2881  0.8751
   383   372   213  3.2835  0.8694
   385   365   212  3.2769  0.8665
   383   369   214  3.2713  0.8654
   383   372   214  3.2688  0.8645
   391   365   215  3.2682  0.8648
   395   368   215  3.2647  0.8635
   383   365   215  3.2604  0.8619
   383   369   213  3.2590  0.8604
   385   365   216  3.2504  0.8588
   383   372   220  3.2492  0.8608
   383   375   212  3.2355  0.8514
   386   377   220  3.2321  0.8545
   385   377   220  3.2262  0.8524
   393   377   216  3.2168  0.8465
   383   366   212  3.2119  0.8428
   383   376   220  3.2111  0.8468
   383   373   213  3.2047  0.8407
   391   365   212  3.2038  0.8399
   395   375   215  3.1998  0.8398
   388   377   212  3.1948  0.8366
   387   377   220  3.1937  0.8405
   383   366   216  3.1929  0.8379
   383   373   214  3.1903  0.8359
   383   368   214  3.1823  0.8330
   384   377   220  3.1783  0.8349
   389   377   212  3.1732  0.8289
   387   377   212  3.1673  0.8268
   383   371   220  3.1617  0.8289
   383   368   213  3.1598  0.8245
   383   373   218  3.1592  0.8268
   383   372   218  3.1516  0.8241
   384   365   212  3.1481  0.8199
   383   373   219  3.1454  0.8224
   395   370   212  3.1379  0.8162
   383   374   219  3.1364  0.8192
   383   374   218  3.1359  0.8184
   391   365   216  3.1340  0.8167
   383   372   217  3.1337  0.8171
   383   372   219  3.1259  0.8155
   395   371   212  3.1234  0.8110
   394   377   215  3.1191  0.8109
   383   371   217  3.1159  0.8108
   383   373   217  3.1147  0.8103
   383   371   218  3.1122  0.8100
   388   377   220  3.1109  0.8107
   383   375   219  3.0975  0.8053
   386   377   212  3.0975  0.8019
   390   377   212  3.0974  0.8018
   384   365   216  3.0947  0.8027
   383   377   220  3.0931  0.8043
   383   374   213  3.0884  0.7991
   383   375   218  3.0841  0.8000
   383   374   214  3.0815  0.7971
   383   371   219  3.0803  0.7992
   395   369   212  3.0737  0.7935
   383   370   217  3.0674  0.7935
   392   365   215  3.0621  0.7907
   383   374   217  3.0553  0.7893
   383   370   220  3.0525  0.7900
   383   367   214  3.0481  0.7853
   383   370   218  3.0415  0.7849
   395   372   212  3.0357  0.7801
   383   376   219  3.0285  0.7809
   383   367   213  3.0174  0.7741
   383   370   219  3.0115  0.7750
   392   365   212  3.0098  0.7711
   383   376   218  3.0078  0.7731
   383   369   217  2.9940  0.7678
   395   371   216  2.9930  0.7670
   385   377   219  2.9917  0.7680
   385   377   212  2.9916  0.7648
   383   365   212  2.9856  0.7627
   395   372   216  2.9851  0.7642
   389   377   220  2.9849  0.7662
   395   376   215  2.9833  0.7631
   384   377   219  2.9775  0.7631
   388   365   213  2.9775  0.7603
   387   365   213  2.9764  0.7599
   383   376   212  2.9758  0.7593
   386   377   219  2.9744  0.7620
   387   365   214  2.9671  0.7571
   391   377   212  2.9649  0.7555
   383   375   217  2.9566  0.7548
   395   370   216  2.9533  0.7532
   386   365   214  2.9499  0.7512
   395   367   215  2.9495  0.7514
   383   375   214  2.9465  0.7500
   389   365   213  2.9415  0.7479
   384   377   218  2.9414  0.7501
   388   365   214  2.9409  0.7481
   383   369   218  2.9409  0.7499
   386   365   213  2.9397  0.7473
   383   375   213  2.9396  0.7472
   385   377   218  2.9376  0.7487
   395   373   216  2.9350  0.7469
   395   368   212  2.9310  0.7439
   383   377   219  2.9307  0.7469
   383   369   220  2.9301  0.7472
   387   377   219  2.9269  0.7456
   383   369   219  2.9227  0.7441
   383   377   218  2.9128  0.7403
   383   365   216  2.9120  0.7390
   392   365   216  2.9081  0.7377
   386   377   218  2.9010  0.7362
   383   368   217  2.8993  0.7351
   383   373   211  2.8956  0.7314
   385   365   214  2.8906  0.7309
   387   377   213  2.8895  0.7301
   395   373   212  2.8858  0.7284
   383   372   211  2.8799  0.7261
   388   377   213  2.8742  0.7249
   389   365   214  2.8727  0.7248
   383   366   214  2.8721  0.7246
   385   365   213  2.8675  0.7226
   390   365   213  2.8661  0.7221
   386   377   213  2.8651  0.7218
   388   377   214  2.8649  0.7221
   395   369   216  2.8624  0.7221
   387   377   214  2.8612  0.7209
   384   377   212  2.8555  0.7182
   388   377   219  2.8495  0.7192
   383   374   211  2.8495  0.7158
   395   374   216  2.8489  0.7176
   394   377   216  2.8472  0.7170
   389   377   214  2.8368  0.7126
   383   366   213  2.8346  0.7115
   387   377   218  2.8338  0.7134
   386   377   214  2.8312  0.7107
   383   376   217  2.8241  0.7096
   389   377   213  2.8206  0.7068
   390   377   220  2.8175  0.7088
   383   368   219  2.8162  0.7079
   383   368   218  2.8117  0.7059
   383   371   211  2.8107  0.7028
   393   365   215  2.8022  0.7014
   385   377   213  2.8011  0.7003
   383   368   220  2.7982  0.7023
   384   365   214  2.7924  0.6977
   383   376   214  2.7886  0.6965
   383   367   217  2.7831  0.6959
   385   377   214  2.7786  0.6931
   392   377   212  2.7774  0.6920
   385   377   217  2.7729  0.6925
   390   377   214  2.7706  0.6905
   395   370   213  2.7684  0.6894
   390   365   214  2.7660  0.6890
   386   377   217  2.7648  0.6898
   383   376   213  2.7630  0.6876
   393   365   212  2.7601  0.6863
   384   365   213  2.7594  0.6864
   395   371   214  2.7589  0.6866
   395   377   215  2.7570  0.6864
   395   371   213  2.7547  0.6848
   395   370   214  2.7500  0.6837
   391   365   213  2.7474  0.6824
   389   377   219  2.7413  0.6829
   383   375   211  2.7403  0.6794
   388   377   218  2.7396  0.6819
   384   377   217  2.7389  0.6812
   395   375   216  2.7335  0.6790
   390   377   213  2.7307  0.6769
   395   368   216  2.7186  0.6741
   395   367   212  2.7153  0.6715
   387   377   217  2.7118  0.6722
   395   369   213  2.7112  0.6705
   384   377   214  2.7051  0.6689
   395   372   214  2.7022  0.6679
   383   370   211  2.7006  0.6664
   384   377   213  2.6993  0.6666
   383   377   212  2.6940  0.6646
   383   367   219  2.6934  0.6670
   395   374   212  2.6883  0.6627
   395   372   213  2.6776  0.6595
   395   369   214  2.6731  0.6584
   383   377   217  2.6675  0.6577
   391   377   214  2.6611  0.6545
   383   365   214  2.6599  0.6541
   383   367   220  2.6553  0.6550
   383   367   218  2.6553  0.6541
   383   366   217  2.6417  0.6493
   393   365   216  2.6350  0.6467
   391   365   214  2.6255  0.6429
   389   377   218  2.6222  0.6434
   383   365   213  2.6155  0.6394
   388   377   217  2.6131  0.6401
   383   377   214  2.6110  0.6383
   391   377   220  2.6110  0.6406
   391   377   213  2.6063  0.6364
   390   377   219  2.6005  0.6368
   395   376   216  2.5940  0.6335
   395   373   214  2.5870  0.6305
   392   365   213  2.5815  0.6285
   395   368   213  2.5793  0.6278
   383   376   211  2.5743  0.6256
   395   366   215  2.5665  0.6243
   383   377   213  2.5640  0.6229
   383   369   211  2.5631  0.6220
   387   365   219  2.5599  0.6238
   386   365   219  2.5583  0.6232
   383   366   219  2.5546  0.6221
   395   373   213  2.5481  0.6178
   393   377   212  2.5412  0.6153
   385   365   217  2.5334  0.6145
   388   365   219  2.5311  0.6146
   395   368   214  2.5299  0.6124
   385   365   219  2.5293  0.6140
   395   367   216  2.5219  0.6105
   384   365   217  2.5177  0.6095
   386   377   211  2.5154  0.6069
   386   365   217  2.5136  0.6082
   392   377   214  2.5055  0.6046
   387   377   211  2.5019  0.6026
   382   372   215  4.3365  1.3009
   382   373   215  4.3285  1.2973
   382   371   215  4.2830  1.2768
   382   374   215  4.2569  1.2652
   382   370   215  4.1754  1.2291
   382   373   216  4.1723  1.2286
   382   374   216  4.1413  1.2150
   382   372   216  4.1340  1.2119
   382   375   215  4.1262  1.2076
   382   375   216  4.0415  1.1720
   387   378   215  4.0354  1.1686
   382   371   216  4.0323  1.1680
   382   369   215  4.0230  1.1633
   386   378   215  4.0131  1.1591
   388   378   215  4.0107  1.1581
   387   378   216  3.9789  1.1454
   388   378   216  3.9553  1.1354
   386   378   216  3.9530  1.1345
   382   376   215  3.9469  1.1312
   385   378   215  3.9449  1.1303
   389   378   215  3.9388  1.1278
   385   378   216  3.8809  1.1044
   382   376   216  3.8802  1.1041
   389   378   216  3.8792  1.1037
   382   370   216  3.8783  1.1033
   382   368   215  3.8345  1.0846
   384   378   215  3.8336  1.0842
   390   378   215  3.8193  1.0783
   384   378   216  3.7661  1.0573
   390   378   216  3.7477  1.0499
   382   377   215  3.7346  1.0440
   382   369   216  3.6855  1.0250
   383   378   215  3.6846  1.0240
   382   377   216  3.6704  1.0190
   391   378   215  3.6516  1.0109
   382   367   215  3.6155  0.9966
   383   378   216  3.6133  0.9964
   391   378   216  3.5586  0.9750
   382   371   212  3.5134  0.9553
   382   378   215  3.5065  0.9543
   382   370   212  3.4955  0.9484
   382   372   212  3.4756  0.9408
   382   368   216  3.4660  0.9394
   392   378   215  3.4359  0.9273
   382   378   216  3.4292  0.9254
   382   369   212  3.4286  0.9230
   382   373   212  3.3785  0.9041
   382   366   215  3.3684  0.9019
   382   368   212  3.3200  0.8824
   392   378   216  3.3112  0.8812
   382   367   216  3.2284  0.8508
   382   374   212  3.2233  0.8470
   382   374   220  3.2031  0.8439
   382   373   220  3.1925  0.8400
   396   371   215  3.1814  0.8332
   382   367   212  3.1754  0.8297
   393   378   215  3.1736  0.8304
   382   375   220  3.1696  0.8318
   386   364   215  3.1646  0.8272
   387   364   215  3.1629  0.8265
   396   372   215  3.1570  0.8244
   382   371   214  3.1497  0.8213
   382   370   214  3.1444  0.8194
   382   372   220  3.1418  0.8217
   396   370   215  3.1298  0.8147
   385   364   215  3.1297  0.8146
   388   364   215  3.1235  0.8124
   382   372   214  3.1161  0.8093
   382   369   214  3.0972  0.8026
   382   365   215  3.0954  0.8025
   382   373   218  3.0929  0.8031
   382   376   220  3.0927  0.8042
   387   364   212  3.0869  0.7981
   382   372   218  3.0832  0.7997
   388   364   212  3.0817  0.7963
   382   371   213  3.0736  0.7938
   382   374   218  3.0712  0.7954
   388   364   216  3.0706  0.7941
   387   364   216  3.0686  0.7934
   396   373   215  3.0682  0.7928
   382   370   213  3.0656  0.7910
   382   373   219  3.0610  0.7924
   385   378   220  3.0609  0.7929
   382   371   220  3.0594  0.7924
   386   378   220  3.0592  0.7923
   384   364   215  3.0578  0.7892
   386   364   212  3.0521  0.7859
   382   374   219  3.0520  0.7892
   382   373   214  3.0475  0.7851
   389   364   215  3.0442  0.7844
   382   372   213  3.0430  0.7831
   382   372   217  3.0423  0.7847
   382   371   218  3.0410  0.7848
   382   372   219  3.0405  0.7851
   389   364   212  3.0331  0.7792
   382   371   217  3.0299  0.7803
   382   375   218  3.0208  0.7777
   384   378   220  3.0201  0.7785
   382   369   213  3.0180  0.7744
   382   375   212  3.0177  0.7738
   382   373   217  3.0165  0.7757
   389   364   216  3.0151  0.7747
   386   364   216  3.0135  0.7741
   387   378   220  3.0132  0.7761
   382   375   219  3.0131  0.7755
   393   378   216  3.0073  0.7719
   382   368   214  3.0069  0.7709
   382   366   212  2.9981  0.7670
   396   369   215  2.9957  0.7674
   382   371   219  2.9924  0.7683
   382   370   217  2.9849  0.7646
   385   364   212  2.9801  0.7608
   382   377   220  2.9782  0.7639
   382   366   216  2.9764  0.7612
   382   373   213  2.9758  0.7597
   382   370   218  2.9672  0.7590
   382   370   220  2.9550  0.7559
   382   374   217  2.9507  0.7528
   383   364   215  2.9481  0.7510
   382   374   214  2.9477  0.7504
   382   376   218  2.9466  0.7519
   382   376   219  2.9455  0.7520
   383   378   220  2.9421  0.7514
   390   364   212  2.9379  0.7462
   382   368   213  2.9305  0.7441
   396   374   215  2.9297  0.7446
   388   378   220  2.9231  0.7448
   390   364   215  2.9227  0.7422
   382   370   219  2.9200  0.7432
   382   369   217  2.9133  0.7399
   385   364   216  2.9131  0.7394
   390   364   216  2.9017  0.7355
   382   374   213  2.8746  0.7250
   382   367   214  2.8744  0.7253
   384   364   212  2.8720  0.7238
   394   378   215  2.8689  0.7239
   382   369   218  2.8635  0.7234
   385   378   219  2.8600  0.7227
   382   377   218  2.8550  0.7205
   382   377   219  2.8521  0.7200
   384   378   219  2.8489  0.7190
   382   375   217  2.8479  0.7176
   388   378   212  2.8456  0.7149
   386   378   219  2.8411  0.7163
   382   369   220  2.8366  0.7153
   382   378   220  2.8351  0.7148
   384   378   218  2.8300  0.7121
   382   369   219  2.8272  0.7116
   387   378   212  2.8258  0.7082
   385   378   218  2.8233  0.7098
   389   378   212  2.8206  0.7065
   382   375   214  2.8202  0.7070
   382   368   217  2.8193  0.7080
   383   378   219  2.8076  0.7050
   383   378   218  2.8054  0.7038
   382   367   213  2.8035  0.7011
   382   364   215  2.8007  0.7009
   391   364   212  2.7938  0.6975
   387   378   219  2.7930  0.7001
   389   378   220  2.7911  0.7000
   382   373   211  2.7906  0.6961
   382   365   212  2.7898  0.6962
   386   378   218  2.7850  0.6970
   396   368   215  2.7793  0.6938
   382   372   211  2.7780  0.6919
   384   364   216  2.7765  0.6933
   382   376   212  2.7749  0.6912
   386   378   212  2.7666  0.6884
   391   364   215  2.7575  0.6865
   396   375   215  2.7573  0.6865
   382   378   218  2.7528  0.6862
   390   378   212  2.7467  0.6819
   382   375   213  2.7424  0.6808
   382   374   211  2.7409  0.6796
   382   378   219  2.7373  0.6816
   391   364   216  2.7339  0.6791
   382   368   218  2.7322  0.6794
   383   364   212  2.7289  0.6760
   387   378   218  2.7176  0.6746
   382   368   219  2.7173  0.6749
   382   376   217  2.7159  0.6736
   388   378   219  2.7158  0.6745
   382   371   211  2.7111  0.6698
   382   365   216  2.7110  0.6715
   382   368   220  2.7076  0.6722
   382   367   217  2.7033  0.6694
   382   366   214  2.7030  0.6682
   385   378   212  2.6737  0.6579
   387   364   214  2.6710  0.6577
   386   364   214  2.6683  0.6568
   382   376   214  2.6681  0.6568
   396   370   212  2.6591  0.6532
   387   364   213  2.6540  0.6518
   394   378   216  2.6518  0.6522
   396   371   212  2.6485  0.6497
   387   378   214  2.6446  0.6491
   388   378   214  2.6432  0.6487
   388   364   213  2.6382  0.6467
   382   366   213  2.6381  0.6467
   386   364   213  2.6352  0.6457
   387   378   213  2.6326  0.6449
   388   364   214  2.6317  0.6449
   382   375   211  2.6283  0.6429
   388   378   218  2.6254  0.6444
   385   364   214  2.6237  0.6424
   391   378   212  2.6226  0.6413
   386   378   214  2.6203  0.6413
   390   378   220  2.6199  0.6435
   386   378   213  2.6141  0.6389
   388   378   213  2.6138  0.6388
   383   364   216  2.6135  0.6398
   389   378   214  2.6109  0.6382
   389   378   219  2.6089  0.6395
   382   370   211  2.6024  0.6345
   392   364   212  2.6007  0.6343
   396   369   212  2.5999  0.6340
   382   367   219  2.5928  0.6343
   389   364   213  2.5874  0.6303
   382   376   213  2.5830  0.6289
   385   364   213  2.5813  0.6284
   385   378   217  2.5810  0.6297
   382   367   218  2.5754  0.6283
   385   378   214  2.5738  0.6263
   396   372   212  2.5735  0.6256
   382   367   220  2.5668  0.6264
   382   377   217  2.5664  0.6250
   396   376   215  2.5656  0.6241
   386   378   217  2.5634  0.6241
   382   366   217  2.5626  0.6238
   389   378   213  2.5591  0.6213
   385   378   213  2.5587  0.6212
   384   378   217  2.5577  0.6223
   384   378   212  2.5527  0.6190
   389   364   214  2.5526  0.6196
   382   364   212  2.5526  0.6189
   392   364   215  2.5490  0.6187
   390   378   214  2.5417  0.6161
   384   364   214  2.5392  0.6153
   395   378   215  2.5297  0.6126
   392   364   216  2.5180  0.6092
   389   378   218  2.5126  0.6083
   382   377   212  2.5119  0.6060
   396   371   216  2.5090  0.6064
   384   378   214  2.5062  0.6048
   387   378   217  2.5025  0.6047
   381   372   215  4.1092  1.2003
   381   373   215  4.1030  1.1976
   381   371   215  4.0537  1.1764
   381   374   215  4.0328  1.1675
   381   370   215  3.9445  1.1301
   381   373   216  3.9241  1.1224
   381   375   215  3.9041  1.1133
   381   374   216  3.8948  1.1101
   381   372   216  3.8843  1.1058
   381   375   216  3.7979  1.0703
   381   369   215  3.7922  1.0672
   381   371   216  3.7813  1.0635
   387   379   215  3.7599  1.0542
   386   379   215  3.7436  1.0476
   388   379   215  3.7301  1.0422
   381   376   215  3.7290  1.0417
   387   379   216  3.6879  1.0259
   385   379   215  3.6825  1.0231
   388   379   216  3.6706  1.0191
   386   379   216  3.6589  1.0144
   389   379   215  3.6543  1.0119
   381   376   216  3.6429  1.0081
   381   370   216  3.6267  1.0017
   381   368   215  3.6062  0.9930
   389   379   216  3.6031  0.9924
   385   379   216  3.5880  0.9865
   384   379   215  3.5798  0.9826
   390   379   215  3.5330  0.9645
   381   377   215  3.5247  0.9613
   390   379   216  3.4817  0.9454
   384   379   216  3.4797  0.9446
   381   377   216  3.4448  0.9313
   383   379   215  3.4421  0.9297
   381   369   216  3.4349  0.9275
   381   367   215  3.3930  0.9111
   391   379   215  3.3669  0.9013
   383   379   216  3.3398  0.8918
   381   378   215  3.3101  0.8802
   391   379   216  3.3039  0.8784
   382   379   215  3.2790  0.8687
   381   371   212  3.2327  0.8504
   381   378   216  3.2228  0.8487
   381   368   216  3.2192  0.8474
   381   370   212  3.2140  0.8436
   381   372   212  3.2000  0.8385
   382   379   216  3.1758  0.8317
   392   379   215  3.1574  0.8246
   381   366   215  3.1554  0.8239
   381   369   212  3.1507  0.8208
   381   373   212  3.1118  0.8069
   381   379   215  3.1019  0.8048
   392   379   216  3.0686  0.7934
   381   374   220  3.0675  0.7952
   381   373   220  3.0621  0.7933
   381   368   212  3.0498  0.7851
   381   375   220  3.0308  0.7823
   381   372   220  3.0179  0.7778
   381   373   218  2.9967  0.7693
   381   379   216  2.9965  0.7682
   381   367   216  2.9888  0.7655
   381   372   218  2.9845  0.7650
   381   374   218  2.9774  0.7625
   381   371   214  2.9754  0.7600
   381   374   212  2.9691  0.7570
   381   370   214  2.9626  0.7555
   381   376   220  2.9540  0.7555
   381   372   214  2.9500  0.7512
   381   371   220  2.9423  0.7515
   381   371   218  2.9396  0.7494
   381   373   219  2.9376  0.7493
   381   375   218  2.9299  0.7461
   381   374   219  2.9297  0.7465
   381   372   217  2.9254  0.7441
   381   371   217  2.9198  0.7422
   381   367   212  2.9167  0.7390
   381   372   219  2.9165  0.7420
   381   369   214  2.9094  0.7373
   393   379   215  2.9071  0.7369
   381   365   215  2.8957  0.7330
   381   375   219  2.8930  0.7340
   381   373   217  2.8922  0.7327
   381   373   214  2.8891  0.7303
   381   370   217  2.8796  0.7284
   381   371   219  2.8678  0.7254
   385   379   220  2.8658  0.7252
   381   370   218  2.8630  0.7232
   381   376   218  2.8594  0.7220
   386   379   220  2.8548  0.7215
   381   370   220  2.8440  0.7178
   381   377   220  2.8437  0.7177
   384   379   220  2.8354  0.7149
   381   376   219  2.8299  0.7125
   381   374   217  2.8202  0.7083
   381   368   214  2.8153  0.7054
   381   369   217  2.8105  0.7051
   381   371   213  2.8070  0.7023
   387   379   220  2.8008  0.7032
   381   370   213  2.7980  0.6993
   381   374   214  2.7959  0.6989
   381   370   219  2.7947  0.7007
   381   372   213  2.7829  0.6942
   381   375   212  2.7794  0.6927
   393   379   216  2.7778  0.6937
   381   377   218  2.7729  0.6929
   386   363   215  2.7698  0.6906
   383   379   220  2.7688  0.6925
   385   363   215  2.7597  0.6873
   381   369   218  2.7569  0.6876
   381   369   213  2.7548  0.6849
   381   366   212  2.7540  0.6843
   381   366   216  2.7482  0.6838
   381   377   219  2.7444  0.6839
   387   363   215  2.7408  0.6810
   381   369   220  2.7303  0.6797
   387   363   212  2.7273  0.6755
   381   373   213  2.7266  0.6756
   381   368   217  2.7169  0.6739
   381   375   217  2.7146  0.6732
   386   363   212  2.7124  0.6706
   384   379   218  2.7102  0.6721
   384   363   215  2.7100  0.6708
   381   378   220  2.7094  0.6728
   388   379   220  2.7045  0.6712
   388   363   212  2.7024  0.6673
   381   369   219  2.7015  0.6697
   385   379   219  2.7004  0.6694
   385   379   218  2.6989  0.6684
   384   379   219  2.6960  0.6679
   383   379   218  2.6915  0.6660
   381   367   214  2.6817  0.6612
   386   379   219  2.6773  0.6618
   381   378   218  2.6772  0.6613
   381   368   213  2.6765  0.6592
   382   379   220  2.6744  0.6613
   381   375   214  2.6735  0.6585
   388   363   215  2.6735  0.6589
   387   363   216  2.6713  0.6586
   383   379   219  2.6644  0.6576
   385   363   212  2.6594  0.6533
   388   363   216  2.6586  0.6544
   386   379   218  2.6579  0.6550
   381   373   211  2.6499  0.6499
   382   379   218  2.6459  0.6511
   381   378   219  2.6417  0.6502
   381   372   211  2.6416  0.6472
   381   374   213  2.6396  0.6472
   397   371   215  2.6387  0.6476
   389   363   212  2.6360  0.6457
   386   363   216  2.6344  0.6465
   387   379   219  2.6274  0.6455
   397   372   215  2.6255  0.6433
   381   368   218  2.6241  0.6440
   394   379   215  2.6209  0.6418
   383   363   215  2.6203  0.6416
   381   364   215  2.6179  0.6408
   382   379   219  2.6071  0.6389
   381   368   220  2.6045  0.6385
   381   367   217  2.6001  0.6359
   381   374   211  2.5969  0.6328
   389   363   216  2.5932  0.6333
   381   368   219  2.5922  0.6341
   387   379   218  2.5903  0.6331
   381   376   217  2.5854  0.6311
   397   370   215  2.5841  0.6300
   381   371   211  2.5788  0.6270
   381   379   218  2.5783  0.6293
   384   363   212  2.5699  0.6244
   389   379   220  2.5689  0.6271
   389   363   215  2.5685  0.6250
   381   365   212  2.5634  0.6224
   381   367   213  2.5624  0.6224
   381   379   220  2.5623  0.6250
   381   376   212  2.5555  0.6198
   397   373   215  2.5545  0.6205
   385   363   216  2.5543  0.6208
   388   379   219  2.5506  0.6208
   381   379   219  2.5275  0.6134
   390   363   212  2.5269  0.6108
   381   376   214  2.5258  0.6111
   381   375   213  2.5237  0.6100
   381   366   214  2.5123  0.6068
   388   379   212  2.5088  0.6051
   388   379   218  2.5007  0.6045
   380   372   215  3.8554  1.0931
   380   373   215  3.8511  1.0914
   380   371   215  3.7983  1.0697
   380   374   215  3.7838  1.0638
   380   370   215  3.6877  1.0252
   380   375   215  3.6600  1.0142
   380   373   216  3.6471  1.0097
   380   374   216  3.6184  0.9984
   380   372   216  3.6089  0.9947
   380   369   215  3.5349  0.9652
   380   375   216  3.5260  0.9624
   380   371   216  3.5087  0.9557
   380   376   215  3.4936  0.9493
   387   380   215  3.4750  0.9422
   386   380   215  3.4665  0.9390
   388   380   215  3.4400  0.9289
   385   380   215  3.4160  0.9198
   380   376   216  3.3812  0.9072
   387   380   216  3.3767  0.9056
   388   380   216  3.3653  0.9013
   389   380   215  3.3617  0.8994
   380   370   216  3.3580  0.8986
   380   368   215  3.3504  0.8952
   386   380   216  3.3464  0.8943
   384   380   215  3.3272  0.8865
   389   380   216  3.3069  0.8796
   380   377   215  3.3030  0.8776
   385   380   216  3.2804  0.8698
   390   380   215  3.2409  0.8548
   383   380   215  3.2070  0.8424
   380   377   216  3.2008  0.8407
   390   380   216  3.1964  0.8391
   384   380   216  3.1845  0.8348
   380   369   216  3.1714  0.8301
   380   367   215  3.1417  0.8189
   380   378   215  3.1073  0.8067
   391   380   215  3.0793  0.7967
   383   380   216  3.0649  0.7921
   382   380   215  3.0649  0.7917
   391   380   216  3.0303  0.7800
   380   378   216  3.0046  0.7710
   380   368   216  2.9627  0.7565
   380   371   212  2.9312  0.7439
   382   380   216  2.9287  0.7447
   380   379   215  2.9224  0.7421
   380   374   220  2.9198  0.7437
   380   373   220  2.9198  0.7437
   380   366   215  2.9126  0.7388
   381   380   215  2.9119  0.7385
   380   370   212  2.9109  0.7370
   380   372   212  2.9041  0.7347
   380   372   220  2.8825  0.7309
   380   375   220  2.8806  0.7303
   392   380   215  2.8791  0.7273
   380   373   218  2.8747  0.7272
   380   374   218  2.8594  0.7220
   380   372   218  2.8589  0.7219
   380   369   212  2.8501  0.7164
   380   373   212  2.8257  0.7082
   380   375   218  2.8165  0.7075
   380   371   220  2.8140  0.7077
   380   379   216  2.8114  0.7049
   380   371   218  2.8107  0.7056
   392   380   216  2.8076  0.7036
   380   376   220  2.8049  0.7046
   380   371   217  2.7888  0.6978
   380   372   217  2.7878  0.6974
   380   371   214  2.7845  0.6951
   381   380   216  2.7832  0.6955
   380   373   219  2.7780  0.6951
   380   374   219  2.7727  0.6933
   380   372   214  2.7654  0.6888
   380   370   214  2.7651  0.6887
   380   380   215  2.7585  0.6869
   380   372   219  2.7562  0.6878
   380   368   212  2.7557  0.6848
   380   370   217  2.7537  0.6861
   380   376   218  2.7516  0.6859
   380   373   217  2.7480  0.6842
   380   367   216  2.7419  0.6817
   380   375   219  2.7413  0.6829
   380   370   218  2.7313  0.6791
   380   370   220  2.7219  0.6769
   380   373   214  2.7103  0.6706
   380   371   219  2.7085  0.6720
   380   369   214  2.7061  0.6692
   380   377   220  2.7000  0.6697
   380   374   212  2.6970  0.6655
   380   369   217  2.6871  0.6641
   380   376   219  2.6866  0.6648
   380   377   218  2.6719  0.6596
   380   374   217  2.6717  0.6591
   380   365   215  2.6660  0.6564
   385   380   220  2.6518  0.6539
   393   380   215  2.6436  0.6492
   380   370   219  2.6379  0.6489
   380   380   216  2.6358  0.6470
   384   380   220  2.6353  0.6485
   380   367   212  2.6329  0.6447
   386   380   220  2.6294  0.6466
   380   369   218  2.6231  0.6437
   380   374   214  2.6218  0.6417
   380   377   219  2.6131  0.6409
   380   369   220  2.6129  0.6412
   380   368   214  2.6076  0.6372
   380   368   217  2.5936  0.6338
   384   380   218  2.5868  0.6320
   383   380   220  2.5845  0.6321
   380   378   218  2.5843  0.6312
   380   378   220  2.5758  0.6293
   383   380   218  2.5756  0.6284
   385   380   218  2.5695  0.6264
   387   380   220  2.5665  0.6263
   380   375   217  2.5662  0.6250
   380   369   219  2.5484  0.6201
   382   380   218  2.5384  0.6165
   393   380   216  2.5306  0.6133
   380   371   213  2.5301  0.6121
   384   380   219  2.5264  0.6131
   380   378   219  2.5259  0.6129
   380   375   212  2.5253  0.6103
   386   380   218  2.5245  0.6121
   385   380   219  2.5204  0.6112
   380   370   213  2.5186  0.6085
   380   366   216  2.5141  0.6080
   380   372   213  2.5128  0.6066
   383   380   219  2.5085  0.6074
   382   380   220  2.5071  0.6074
   380   375   214  2.5036  0.6040
   379   372   215  3.5770  0.9816
   379   373   215  3.5764  0.9813
   379   371   215  3.5178  0.9586
   379   374   215  3.5155  0.9577
   379   370   215  3.4062  0.9161
   379   375   215  3.4019  0.9145
   379   373   216  3.3481  0.8949
   379   374   216  3.3209  0.8847
   379   372   216  3.3129  0.8818
   379   369   215  3.2535  0.8594
   379   376   215  3.2506  0.8583
   379   375   216  3.2363  0.8536
   379   371   216  3.2188  0.8473
   386   381   215  3.1893  0.8360
   387   381   215  3.1869  0.8352
   385   381   215  3.1540  0.8234
   388   381   215  3.1454  0.8203
   379   376   216  3.1070  0.8070
   384   381   215  3.0848  0.7987
   379   377   215  3.0799  0.7970
   379   370   216  3.0762  0.7961
   379   368   215  3.0711  0.7938
   389   381   215  3.0650  0.7917
   387   381   216  3.0561  0.7891
   388   381   216  3.0481  0.7862
   386   381   216  3.0288  0.7795
   389   381   216  2.9972  0.7684
   383   381   215  2.9879  0.7647
   385   381   216  2.9735  0.7602
   379   377   216  2.9504  0.7522
   390   381   215  2.9467  0.7505
   379   378   215  2.9083  0.7373
   379   369   216  2.8992  0.7346
   384   381   216  2.8969  0.7338
   390   381   216  2.8967  0.7338
   382   381   215  2.8716  0.7248
   379   367   215  2.8674  0.7234
   383   381   216  2.8047  0.7027
   391   381   215  2.7921  0.6980
   379   378   216  2.7857  0.6963
   379   373   220  2.7714  0.6934
   379   374   220  2.7674  0.6921
   379   379   215  2.7500  0.6841
   381   381   215  2.7456  0.6826
   391   381   216  2.7421  0.6818
   379   372   220  2.7400  0.6829
   379   373   218  2.7321  0.6794
   379   375   220  2.7271  0.6787
   379   374   218  2.7222  0.6761
   379   372   218  2.7114  0.6725
   382   381   216  2.7023  0.6687
   379   368   216  2.7015  0.6684
   379   375   218  2.6856  0.6641
   379   371   220  2.6778  0.6624
   379   371   218  2.6591  0.6554
   379   376   220  2.6543  0.6547
   379   366   215  2.6476  0.6505
   379   371   217  2.6407  0.6490
   379   372   217  2.6347  0.6470
   379   379   216  2.6291  0.6448
   379   376   218  2.6281  0.6453
   380   381   215  2.6187  0.6411
   379   371   212  2.6140  0.6386
   379   380   215  2.6128  0.6392
   379   370   217  2.6097  0.6389
   392   381   215  2.6040  0.6363
   381   381   216  2.5947  0.6337
   379   372   212  2.5934  0.6320
   379   370   212  2.5917  0.6314
   379   370   220  2.5912  0.6342
   379   373   217  2.5909  0.6329
   379   373   219  2.5895  0.6333
   379   374   219  2.5887  0.6330
   379   370   218  2.5763  0.6286
   379   371   214  2.5715  0.6256
   379   372   219  2.5669  0.6260
   379   375   219  2.5655  0.6256
   379   372   214  2.5571  0.6210
   379   377   218  2.5568  0.6224
   379   377   220  2.5564  0.6231
   379   370   214  2.5475  0.6179
   379   369   217  2.5452  0.6183
   379   369   212  2.5331  0.6127
   392   381   216  2.5321  0.6137
   379   373   212  2.5261  0.6105
   379   376   219  2.5229  0.6120
   379   371   219  2.5216  0.6116
   379   374   217  2.5137  0.6083
   379   373   214  2.5063  0.6049
   378   373   215  3.2860  0.8713
   378   372   215  3.2801  0.8691
   378   374   215  3.2362  0.8531
   378   371   215  3.2178  0.8464
   378   375   215  3.1390  0.8180
   378   370   215  3.1058  0.8061
   378   373   216  3.0373  0.7824
   378   374   216  3.0141  0.7743
   378   376   215  3.0091  0.7721
   378   372   216  3.0050  0.7711
   378   369   215  2.9549  0.7533
   378   375   216  2.9417  0.7492
   378   371   216  2.9190  0.7414
   386   382   215  2.9188  0.7409
   385   382   215  2.9032  0.7356
   387   382   215  2.9025  0.7353
   378   377   215  2.8642  0.7223
   384   382   215  2.8581  0.7202
   388   382   215  2.8530  0.7185
   378   376   216  2.8332  0.7122
   383   382   215  2.7884  0.6968
   378   370   216  2.7879  0.6971
   378   368   215  2.7766  0.6929
   389   382   215  2.7704  0.6908
   387   382   216  2.7382  0.6805
   388   382   216  2.7290  0.6775
   378   378   215  2.7207  0.6743
   386   382   216  2.7194  0.6743
   378   377   216  2.7055  0.6697
   382   382   215  2.7005  0.6677
   389   382   216  2.6823  0.6621
   385   382   216  2.6812  0.6618
   390   382   215  2.6556  0.6531
   384   382   216  2.6301  0.6452
   378   369   216  2.6246  0.6434
   378   373   220  2.6216  0.6441
   378   374   220  2.6156  0.6421
   381   382   215  2.6019  0.6357
   378   372   220  2.5941  0.6352
   378   379   215  2.5904  0.6320
   390   382   216  2.5897  0.6321
   378   367   215  2.5802  0.6287
   378   375   220  2.5764  0.6295
   378   378   216  2.5755  0.6276
   378   373   218  2.5736  0.6277
   383   382   216  2.5706  0.6260
   378   374   218  2.5705  0.6267
   378   372   218  2.5470  0.6192
   378   375   218  2.5415  0.6175
   378   371   220  2.5364  0.6167
   391   382   215  2.5101  0.6064
   378   376   220  2.5083  0.6077
   382   382   216  2.5054  0.6053
   377   373   215  2.9900  0.7655
   377   372   215  2.9745  0.7601
   377   374   215  2.9559  0.7536
   377   371   215  2.9082  0.7373
   377   375   215  2.8803  0.7278
   377   370   215  2.7967  0.6996
   377   376   215  2.7770  0.6930
   377   373   216  2.7277  0.6771
   377   374   216  2.7116  0.6718
   377   372   216  2.6970  0.6670
   385   383   215  2.6671  0.6568
   377   377   215  2.6614  0.6549
   386   383   215  2.6609  0.6548
   377   375   216  2.6554  0.6534
   377   369   215  2.6497  0.6511
   384   383   215  2.6484  0.6507
   387   383   215  2.6286  0.6443
   377   371   216  2.6196  0.6418
   383   383   215  2.6071  0.6374
   377   376   216  2.5718  0.6264
   388   383   215  2.5700  0.6254
   377   378   215  2.5476  0.6183
   382   383   215  2.5475  0.6183
   377   370   216  2.5024  0.6043
   376   373   215  2.6997  0.6674
   376   374   215  2.6843  0.6624
   376   372   215  2.6723  0.6585
   376   375   215  2.6336  0.6459
   376   371   215  2.6011  0.6354
   376   376   215  2.5590  0.6219
