#   X     Y     Z      S       D
   104    76   130  3.9611  1.1886
   104    77   130  3.9571  1.1868
   105    77   130  3.9499  1.1836
   105    76   130  3.9488  1.1831
   104    75   130  3.9456  1.1817
   103    76   130  3.9390  1.1787
   105    75   130  3.9324  1.1759
   103    77   130  3.9283  1.1740
   103    75   130  3.9250  1.1726
   105    77   131  3.5677  1.0192
   104    77   131  3.5587  1.0155
   103    77   131  3.5324  1.0048
   105    76   131  3.5107  0.9960
   104    76   131  3.5060  0.9941
   103    76   131  3.4878  0.9867
   104    75   131  3.4477  0.9706
   105    75   131  3.4476  0.9706
   103    75   131  3.4366  0.9662
   105    75   129  2.5700  0.6506
   105    76   129  2.5547  0.6455
   105    77   129  2.5315  0.6377
   104    75   129  2.5050  0.6289
   105    78   130  3.9268  1.1734
   104    78   130  3.9248  1.1725
   104    74   130  3.9166  1.1689
   105    74   130  3.9066  1.1645
   106    77   130  3.9048  1.1637
   106    76   130  3.9001  1.1616
   103    74   130  3.8928  1.1584
   106    78   130  3.8888  1.1566
   102    76   130  3.8856  1.1552
   103    78   130  3.8844  1.1547
   106    75   130  3.8835  1.1544
   102    75   130  3.8738  1.1501
   102    77   130  3.8669  1.1471
   106    74   130  3.8608  1.1444
   102    74   130  3.8383  1.1347
   102    78   130  3.8092  1.1221
   104    77   132  3.6507  1.0522
   103    77   132  3.6461  1.0503
   104    76   132  3.6403  1.0479
   103    76   132  3.6402  1.0478
   104    78   132  3.6267  1.0423
   105    77   132  3.6229  1.0407
   105    78   131  3.6165  1.0393
   103    78   132  3.6141  1.0370
   105    76   132  3.6099  1.0353
   102    76   132  3.6094  1.0351
   102    77   132  3.6090  1.0349
   106    78   131  3.6059  1.0350
   105    78   132  3.6050  1.0333
   104    78   131  3.6043  1.0343
   103    75   132  3.6029  1.0324
   104    75   132  3.6020  1.0320
   102    75   132  3.5749  1.0209
   105    75   132  3.5725  1.0199
   103    78   131  3.5694  1.0199
   102    78   132  3.5672  1.0178
   106    77   132  3.5646  1.0167
   106    77   131  3.5586  1.0155
   106    76   132  3.5511  1.0112
   106    78   132  3.5508  1.0111
   104    74   132  3.5411  1.0071
   103    74   132  3.5398  1.0066
   106    75   132  3.5162  0.9970
   105    74   132  3.5155  0.9967
   102    78   131  3.5122  0.9966
   102    74   132  3.5114  0.9951
   106    76   131  3.5008  0.9920
   102    77   131  3.4894  0.9874
   106    74   132  3.4643  0.9761
   102    76   131  3.4565  0.9742
   106    75   131  3.4356  0.9658
   102    75   131  3.4147  0.9575
   104    74   131  3.3844  0.9455
   105    74   131  3.3801  0.9438
   103    74   131  3.3790  0.9434
   106    74   131  3.3654  0.9380
   102    74   131  3.3638  0.9374
   106    75   129  2.6286  0.6704
   106    74   129  2.6280  0.6702
   106    76   129  2.6201  0.6675
   106    77   129  2.6006  0.6609
   105    74   129  2.5779  0.6532
   106    78   129  2.5674  0.6497
   104    74   129  2.5185  0.6334
   104    73   130  3.8763  1.1512
   105    73   130  3.8728  1.1497
   105    79   130  3.8690  1.1480
   104    79   130  3.8541  1.1415
   103    73   130  3.8453  1.1377
   106    79   130  3.8412  1.1359
   106    73   130  3.8330  1.1324
   107    77   130  3.8230  1.1280
   107    76   130  3.8160  1.1250
   107    78   130  3.8120  1.1233
   101    76   130  3.8041  1.1199
   107    75   130  3.7999  1.1181
   103    79   130  3.7981  1.1173
   101    75   130  3.7953  1.1161
   102    73   130  3.7835  1.1110
   107    74   130  3.7801  1.1096
   101    77   130  3.7760  1.1078
   107    79   130  3.7725  1.1063
   107    73   130  3.7573  1.0998
   101    74   130  3.7571  1.0997
   104    77   133  3.7051  1.0736
   102    79   130  3.7047  1.0775
   101    78   130  3.7027  1.0767
   105    78   133  3.6990  1.0711
   105    77   133  3.6989  1.0710
   104    78   133  3.6951  1.0694
   101    73   130  3.6950  1.0734
   104    76   133  3.6868  1.0660
   103    77   133  3.6843  1.0649
   103    76   133  3.6764  1.0616
   105    76   133  3.6727  1.0601
   106    78   133  3.6713  1.0595
   105    79   133  3.6660  1.0573
   106    77   133  3.6653  1.0570
   103    78   133  3.6611  1.0552
   105    79   131  3.6534  1.0547
   104    79   133  3.6503  1.0507
   104    75   133  3.6467  1.0492
   106    79   133  3.6458  1.0489
   103    75   133  3.6434  1.0479
   102    76   133  3.6409  1.0468
   106    79   131  3.6392  1.0487
   104    79   131  3.6391  1.0487
   102    77   133  3.6371  1.0453
   106    76   133  3.6353  1.0445
   105    75   133  3.6276  1.0413
   102    75   133  3.6160  1.0366
   107    78   133  3.6124  1.0351
   107    77   133  3.6054  1.0322
   103    79   133  3.6010  1.0304
   102    78   133  3.5989  1.0295
   107    79   131  3.5978  1.0316
   103    79   131  3.5952  1.0305
   103    74   133  3.5909  1.0262
   104    74   133  3.5906  1.0261
   107    79   133  3.5895  1.0257
   106    75   133  3.5883  1.0251
   101    76   133  3.5805  1.0219
   101    79   130  3.5783  1.0248
   107    76   133  3.5759  1.0201
   107    78   131  3.5726  1.0212
   105    74   133  3.5695  1.0174
   102    74   133  3.5679  1.0168
   101    77   133  3.5646  1.0155
   101    75   133  3.5638  1.0151
   104    79   132  3.5627  1.0159
   105    79   132  3.5505  1.0109
   101    76   132  3.5490  1.0103
   101    77   132  3.5407  1.0069
   103    79   132  3.5388  1.0062
   107    75   133  3.5307  1.0017
   107    77   131  3.5305  1.0040
   106    74   133  3.5304  1.0016
   103    73   133  3.5236  0.9988
   104    73   133  3.5230  0.9985
   102    79   131  3.5218  1.0005
   102    79   133  3.5217  0.9980
   101    74   133  3.5201  0.9974
   101    75   132  3.5189  0.9981
   101    78   133  3.5111  0.9937
   106    79   132  3.5039  0.9920
   105    73   133  3.5028  0.9904
   102    73   133  3.5015  0.9898
   101    78   132  3.4880  0.9856
   107    77   132  3.4800  0.9824
   102    79   132  3.4794  0.9822
   107    74   133  3.4759  0.9796
   107    76   131  3.4752  0.9817
   107    78   132  3.4683  0.9777
   107    76   132  3.4677  0.9774
   106    73   133  3.4662  0.9757
   104    73   132  3.4613  0.9749
   101    74   132  3.4565  0.9730
   103    73   132  3.4551  0.9724
   101    73   133  3.4545  0.9710
   105    73   132  3.4418  0.9671
   107    75   132  3.4365  0.9650
   101    78   131  3.4333  0.9649
   101    77   131  3.4297  0.9635
   107    79   132  3.4269  0.9612
   102    73   132  3.4234  0.9598
   101    79   131  3.4202  0.9597
   101    79   133  3.4165  0.9559
   107    73   133  3.4155  0.9555
   101    76   131  3.4120  0.9564
   107    75   131  3.4103  0.9557
   106    73   132  3.3974  0.9495
   107    74   132  3.3903  0.9467
   101    79   132  3.3872  0.9455
   101    75   131  3.3815  0.9443
   101    73   132  3.3669  0.9375
   107    74   131  3.3391  0.9277
   101    74   131  3.3380  0.9272
   107    73   132  3.3299  0.9230
   104    73   131  3.3158  0.9186
   103    73   131  3.3140  0.9179
   105    73   131  3.3086  0.9158
   102    73   131  3.3027  0.9135
   106    73   131  3.2919  0.9093
   101    73   131  3.2804  0.9049
   107    73   131  3.2643  0.8986
   107    75   129  2.6755  0.6864
   107    76   129  2.6753  0.6863
   107    74   129  2.6648  0.6827
   107    77   129  2.6606  0.6813
   107    73   129  2.6453  0.6760
   107    78   129  2.6274  0.6700
   106    73   129  2.6192  0.6672
   105    73   129  2.5779  0.6533
   107    79   129  2.5721  0.6513
   104    73   129  2.5244  0.6354
   106    79   129  2.5171  0.6329
   105    72   130  3.8290  1.1306
   104    72   130  3.8234  1.1282
   106    72   130  3.7972  1.1169
   103    72   130  3.7826  1.1106
   105    80   130  3.7673  1.1041
   106    80   130  3.7526  1.0978
   104    80   130  3.7369  1.0911
   107    72   130  3.7279  1.0873
   102    72   130  3.7105  1.0800
   108    77   130  3.7093  1.0794
   108    78   130  3.7017  1.0763
   108    76   130  3.7013  1.0760
   100    76   130  3.6967  1.0741
   107    80   130  3.6951  1.0735
   100    75   130  3.6921  1.0722
   108    75   130  3.6860  1.0696
   105    80   131  3.6729  1.0628
   108    79   130  3.6686  1.0623
   108    74   130  3.6685  1.0623
   103    80   130  3.6628  1.0599
   100    77   130  3.6579  1.0578
   104    80   131  3.6572  1.0562
   106    80   131  3.6534  1.0546
   100    74   130  3.6521  1.0554
   108    73   130  3.6492  1.0542
   108    72   130  3.6241  1.0438
   101    72   130  3.6119  1.0387
   103    80   131  3.6041  1.0342
   107    80   131  3.6019  1.0333
   108    80   130  3.6009  1.0342
   105    80   133  3.5943  1.0276
   100    73   130  3.5836  1.0270
   106    80   133  3.5829  1.0229
   100    78   130  3.5680  1.0206
   104    80   133  3.5658  1.0159
   102    80   130  3.5492  1.0129
   107    80   133  3.5309  1.0018
   108    79   131  3.5305  1.0040
   108    78   133  3.5248  0.9993
   108    80   131  3.5216  1.0004
   108    77   133  3.5216  0.9980
   108    78   131  3.5164  0.9983
   102    80   131  3.5131  0.9970
   103    80   133  3.5006  0.9895
   108    79   133  3.5000  0.9892
   108    76   133  3.4968  0.9880
   100    76   133  3.4960  0.9876
   100    72   130  3.4912  0.9893
   100    75   133  3.4870  0.9840
   108    77   131  3.4825  0.9846
   100    77   133  3.4686  0.9767
   100    76   132  3.4606  0.9746
   108    75   133  3.4570  0.9720
   105    80   132  3.4555  0.9726
   104    80   132  3.4555  0.9726
   100    74   133  3.4472  0.9681
   104    72   133  3.4469  0.9680
   103    72   133  3.4447  0.9671
   100    77   132  3.4435  0.9678
   108    80   133  3.4418  0.9659
   100    75   132  3.4360  0.9648
   108    76   131  3.4322  0.9644
   105    72   133  3.4301  0.9613
   100    79   130  3.4230  0.9620
   102    72   133  3.4201  0.9573
   106    80   132  3.4197  0.9583
   103    80   132  3.4183  0.9577
   108    74   133  3.4076  0.9523
   102    80   133  3.4039  0.9509
   101    80   130  3.4013  0.9534
   100    78   133  3.4005  0.9495
   106    72   133  3.3975  0.9484
   106    75   134  3.3958  0.9466
   106    74   134  3.3935  0.9457
   105    75   134  3.3913  0.9448
   106    76   134  3.3907  0.9446
   105    74   134  3.3892  0.9440
   101    80   131  3.3866  0.9464
   105    76   134  3.3858  0.9426
   106    73   134  3.3855  0.9425
   100    73   133  3.3822  0.9423
   107    75   134  3.3815  0.9409
   105    73   134  3.3811  0.9408
   100    78   132  3.3794  0.9424
   107    74   134  3.3789  0.9399
   107    76   134  3.3762  0.9389
   100    74   132  3.3761  0.9411
   108    77   132  3.3749  0.9406
   106    77   134  3.3737  0.9379
   104    75   134  3.3714  0.9370
   101    72   133  3.3708  0.9379
   107    73   134  3.3704  0.9366
   106    72   134  3.3702  0.9365
   108    75   131  3.3697  0.9397
   104    74   134  3.3688  0.9360
   105    77   134  3.3680  0.9357
   105    72   134  3.3657  0.9347
   104    76   134  3.3654  0.9346
   108    76   132  3.3653  0.9368
   104    72   132  3.3638  0.9363
   108    78   132  3.3633  0.9360
   104    73   134  3.3595  0.9323
   107    77   134  3.3587  0.9320
   107    72   134  3.3546  0.9304
   100    76   131  3.3533  0.9333
   100    77   131  3.3532  0.9332
   108    73   133  3.3520  0.9305
   105    72   132  3.3519  0.9316
   107    80   132  3.3517  0.9315
   107    72   133  3.3510  0.9301
   103    72   132  3.3510  0.9312
   108    75   134  3.3459  0.9270
   104    77   134  3.3456  0.9269
   102    80   132  3.3452  0.9289
   108    74   134  3.3437  0.9261
   104    72   134  3.3424  0.9256
   103    75   134  3.3397  0.9246
   108    76   134  3.3395  0.9245
   108    75   132  3.3386  0.9264
   106    78   134  3.3383  0.9241
   103    74   134  3.3356  0.9230
   100    75   131  3.3353  0.9262
   108    73   134  3.3348  0.9227
   100    78   131  3.3338  0.9256
   103    76   134  3.3332  0.9221
   105    78   134  3.3308  0.9211
   108    79   132  3.3253  0.9212
   103    73   134  3.3234  0.9182
   107    78   134  3.3229  0.9181
   108    77   134  3.3200  0.9169
   108    72   134  3.3186  0.9164
   106    72   132  3.3150  0.9172
   102    72   132  3.3141  0.9168
   103    77   134  3.3101  0.9131
   104    78   134  3.3043  0.9108
   103    72   134  3.3024  0.9101
   100    74   131  3.2993  0.9122
   108    74   131  3.2992  0.9121
   102    75   134  3.2989  0.9088
   108    74   132  3.2977  0.9105
   100    72   133  3.2961  0.9088
   100    79   131  3.2933  0.9099
   102    74   134  3.2924  0.9063
   102    76   134  3.2918  0.9060
   108    72   133  3.2916  0.9070
   100    79   133  3.2896  0.9063
   100    73   132  3.2863  0.9061
   108    78   134  3.2817  0.9021
   101    80   133  3.2813  0.9031
   106    79   134  3.2769  0.9003
   102    73   134  3.2755  0.8997
   100    79   132  3.2661  0.8983
   105    79   134  3.2660  0.8961
   102    77   134  3.2644  0.8955
   103    78   134  3.2626  0.8948
   107    79   134  3.2620  0.8945
   108    80   132  3.2568  0.8947
   107    72   132  3.2542  0.8937
   101    72   132  3.2539  0.8936
   101    75   134  3.2503  0.8901
   102    72   134  3.2482  0.8893
   100    73   131  3.2448  0.8912
   108    73   132  3.2427  0.8893
   101    76   134  3.2422  0.8870
   104    72   131  3.2412  0.8898
   101    74   134  3.2408  0.8864
   103    72   131  3.2402  0.8894
   101    80   132  3.2397  0.8881
   104    79   134  3.2332  0.8836
   105    72   131  3.2329  0.8866
   100    80   131  3.2299  0.8854
   102    72   131  3.2295  0.8853
   100    80   130  3.2254  0.8848
   108    73   131  3.2237  0.8831
   108    79   134  3.2187  0.8780
   101    73   134  3.2176  0.8776
   106    72   131  3.2152  0.8798
   101    77   134  3.2095  0.8746
   102    78   134  3.2088  0.8743
   101    72   131  3.2071  0.8767
   100    75   134  3.1936  0.8685
   107    72   131  3.1864  0.8689
   100    76   134  3.1842  0.8650
   103    79   134  3.1825  0.8643
   106    80   134  3.1825  0.8643
   101    72   134  3.1819  0.8641
   100    74   134  3.1808  0.8637
   108    72   132  3.1716  0.8622
   100    72   132  3.1711  0.8620
   100    72   131  3.1703  0.8628
   107    80   134  3.1696  0.8595
   105    80   134  3.1665  0.8583
   100    73   134  3.1503  0.8522
   100    77   134  3.1456  0.8504
   101    78   134  3.1446  0.8501
   108    72   131  3.1444  0.8530
   100    80   133  3.1389  0.8489
   108    80   134  3.1257  0.8430
   104    80   134  3.1256  0.8430
   102    79   134  3.1177  0.8400
   100    80   132  3.1071  0.8380
   100    72   134  3.1040  0.8350
   100    78   134  3.0709  0.8227
   103    80   134  3.0641  0.8202
   101    79   134  3.0414  0.8118
   102    80   134  2.9869  0.7920
   100    79   134  2.9557  0.7807
   101    80   134  2.8980  0.7600
   100    80   134  2.8011  0.7258
   108    76   129  2.7137  0.6995
   108    75   129  2.7054  0.6967
   108    77   129  2.7039  0.6961
   108    74   129  2.6841  0.6893
   108    78   129  2.6709  0.6848
   108    73   129  2.6535  0.6788
   107    72   129  2.6172  0.6665
   108    72   129  2.6150  0.6657
   108    79   129  2.6107  0.6643
   106    72   129  2.6012  0.6611
   105    72   129  2.5682  0.6500
   108    80   129  2.5210  0.6342
   104    72   129  2.5203  0.6340
   105    71   130  3.7699  1.1052
   104    71   130  3.7539  1.0984
   106    71   130  3.7472  1.0955
   104    77   135  3.7076  1.0720
   104    78   135  3.7022  1.0698
   103    71   130  3.7019  1.0763
   103    77   135  3.7002  1.0689
   104    76   135  3.6975  1.0678
   105    77   135  3.6962  1.0673
   103    78   135  3.6956  1.0670
   105    78   135  3.6895  1.0644
   105    76   135  3.6884  1.0640
   103    76   135  3.6881  1.0639
   107    71   130  3.6852  1.0693
   104    79   135  3.6770  1.0593
   104    75   135  3.6752  1.0585
   102    77   135  3.6730  1.0576
   103    79   135  3.6704  1.0565
   105    75   135  3.6695  1.0561
   102    78   135  3.6686  1.0557
   105    81   131  3.6676  1.0606
   106    77   135  3.6667  1.0550
   105    79   135  3.6636  1.0537
   103    75   135  3.6624  1.0532
   106    76   135  3.6614  1.0528
   102    76   135  3.6593  1.0519
   106    78   135  3.6581  1.0514
   104    81   131  3.6508  1.0536
   106    75   135  3.6457  1.0463
   102    79   135  3.6426  1.0450
   106    81   131  3.6425  1.0501
   104    74   135  3.6425  1.0449
   105    74   135  3.6410  1.0443
   106    79   135  3.6310  1.0402
   102    75   135  3.6304  1.0399
   104    80   135  3.6274  1.0387
   103    74   135  3.6250  1.0377
   101    77   135  3.6247  1.0376
   106    74   135  3.6209  1.0360
   103    80   135  3.6206  1.0359
   101    78   135  3.6197  1.0355
   107    77   135  3.6193  1.0354
   102    71   130  3.6184  1.0414
   106    81   130  3.6175  1.0410
   107    76   135  3.6170  1.0344
   105    81   130  3.6169  1.0408
   105    80   135  3.6137  1.0331
   101    76   135  3.6101  1.0316
   107    78   135  3.6083  1.0309
   107    75   135  3.6044  1.0292
   105    73   135  3.6027  1.0285
   104    73   135  3.5993  1.0271
   101    79   135  3.5922  1.0243
   102    80   135  3.5918  1.0241
   103    81   131  3.5884  1.0277
   102    74   135  3.5880  1.0225
   106    73   135  3.5864  1.0219
   108    71   130  3.5861  1.0280
   107    74   135  3.5828  1.0204
   107    81   131  3.5807  1.0245
   106    80   135  3.5803  1.0194
   107    79   135  3.5794  1.0190
   101    75   135  3.5782  1.0185
   103    73   135  3.5761  1.0176
   107    81   130  3.5742  1.0232
   109    77   130  3.5723  1.0224
   104    81   130  3.5698  1.0213
   109    78   130  3.5670  1.0202
    99    75   130  3.5655  1.0196
    99    76   130  3.5645  1.0192
   109    76   130  3.5639  1.0189
   108    76   135  3.5560  1.0095
   108    77   135  3.5550  1.0091
   100    77   135  3.5543  1.0088
   105    72   135  3.5523  1.0080
   107    73   135  3.5511  1.0075
   104    81   135  3.5498  1.0070
   109    75   130  3.5494  1.0130
   100    78   135  3.5481  1.0063
   108    75   135  3.5467  1.0057
   104    72   135  3.5441  1.0047
   103    81   135  3.5432  1.0043
   108    78   135  3.5409  1.0033
   101    80   135  3.5401  1.0030
   106    72   135  3.5395  1.0028
   100    76   135  3.5394  1.0027
   109    79   130  3.5387  1.0086
   105    81   135  3.5355  1.0012
   109    74   130  3.5330  1.0063
   102    73   135  3.5328  1.0001
   101    74   135  3.5311  0.9994
   108    74   135  3.5278  0.9980
   107    80   135  3.5274  0.9979
    99    74   130  3.5254  1.0032
   100    79   135  3.5187  0.9944
   109    73   130  3.5149  0.9989
   103    72   135  3.5148  0.9928
   102    81   135  3.5145  0.9927
    99    77   130  3.5138  0.9985
   108    79   135  3.5093  0.9906
   101    71   130  3.5083  0.9963
   107    72   135  3.5061  0.9893
   100    75   135  3.5053  0.9890
   106    81   135  3.5015  0.9875
   108    73   135  3.4980  0.9860
   108    81   130  3.4934  0.9902
   109    72   130  3.4912  0.9893
   108    81   131  3.4874  0.9866
   105    71   135  3.4859  0.9812
   105    81   133  3.4813  0.9817
   109    76   135  3.4806  0.9791
   102    81   131  3.4799  0.9836
   109    80   130  3.4794  0.9846
   106    81   133  3.4793  0.9809
   103    81   130  3.4775  0.9838
   109    77   135  3.4756  0.9771
   106    71   135  3.4754  0.9770
   109    75   135  3.4746  0.9767
   104    71   135  3.4736  0.9763
   101    73   135  3.4696  0.9747
   100    80   135  3.4650  0.9729
   102    72   135  3.4646  0.9727
   101    81   135  3.4625  0.9719
    99    77   135  3.4618  0.9716
   109    74   135  3.4582  0.9701
   109    78   135  3.4574  0.9698
   108    80   135  3.4556  0.9691
   109    71   130  3.4549  0.9747
   100    74   135  3.4539  0.9684
    99    78   135  3.4539  0.9684
   108    72   135  3.4538  0.9684
    99    73   130  3.4521  0.9736
   107    81   135  3.4480  0.9661
    99    76   135  3.4472  0.9658
   107    71   135  3.4430  0.9641
   104    81   133  3.4404  0.9654
   103    71   135  3.4387  0.9624
   109    79   131  3.4386  0.9670
   109    78   131  3.4373  0.9665
   107    81   133  3.4336  0.9627
   109    73   135  3.4296  0.9588
    99    79   135  3.4225  0.9560
   109    79   135  3.4223  0.9559
   109    77   133  3.4177  0.9564
   109    80   131  3.4155  0.9578
   109    78   133  3.4136  0.9548
   109    77   131  3.4135  0.9570
    99    75   135  3.4117  0.9517
    99    78   130  3.4071  0.9556
   109    76   133  3.4010  0.9498
   101    72   135  3.3939  0.9447
   108    71   135  3.3904  0.9433
    99    76   133  3.3892  0.9451
   100    81   135  3.3876  0.9422
    99    75   133  3.3871  0.9443
   100    73   135  3.3864  0.9417
   109    72   135  3.3854  0.9414
   109    81   130  3.3843  0.9466
   109    79   133  3.3833  0.9428
   102    71   135  3.3816  0.9399
   100    71   130  3.3770  0.9437
   108    81   135  3.3754  0.9374
   109    76   131  3.3703  0.9399
   109    75   133  3.3691  0.9372
    99    80   135  3.3676  0.9344
   109    81   131  3.3672  0.9387
   109    80   135  3.3660  0.9337
   104    71   133  3.3625  0.9346
   103    81   133  3.3606  0.9339
    99    74   135  3.3568  0.9301
   103    71   133  3.3549  0.9316
    99    72   130  3.3518  0.9338
    99    77   133  3.3515  0.9303
   105    71   133  3.3511  0.9301
    99    74   133  3.3507  0.9300
   108    81   133  3.3478  0.9289
    99    76   132  3.3462  0.9293
   102    81   130  3.3446  0.9310
   106    71   134  3.3442  0.9263
   105    71   134  3.3392  0.9244
   101    81   131  3.3289  0.9237
   107    71   134  3.3282  0.9201
    99    75   132  3.3280  0.9222
   109    74   133  3.3265  0.9206
   102    71   133  3.3252  0.9200
   106    71   133  3.3234  0.9193
   109    80   133  3.3227  0.9191
   109    71   135  3.3209  0.9162
   105    81   132  3.3204  0.9193
    99    77   132  3.3200  0.9191
   104    71   134  3.3138  0.9145
   109    75   131  3.3121  0.9172
   104    81   132  3.3068  0.9140
   100    72   135  3.3034  0.9094
   101    71   135  3.3033  0.9094
   106    81   132  3.2974  0.9104
   108    71   134  3.2916  0.9059
    99    81   135  3.2910  0.9047
   109    75   134  3.2883  0.9047
   109    74   134  3.2874  0.9043
    99    73   133  3.2855  0.9047
   109    81   135  3.2848  0.9023
    99    73   135  3.2837  0.9018
   107    71   133  3.2811  0.9030
   109    76   134  3.2794  0.9013
   109    73   134  3.2789  0.9011
    99    76   131  3.2785  0.9041
   109    73   133  3.2762  0.9011
    99    75   131  3.2735  0.9022
    99    74   132  3.2715  0.9003
   101    71   133  3.2710  0.8991
    99    78   133  3.2702  0.8988
   103    71   134  3.2694  0.8974
   109    72   134  3.2625  0.8947
    99    77   131  3.2592  0.8967
   109    77   134  3.2563  0.8924
   109    77   132  3.2562  0.8945
   103    81   132  3.2561  0.8944
   109    76   132  3.2503  0.8922
   104    71   132  3.2488  0.8916
   102    81   133  3.2484  0.8904
    99    78   132  3.2449  0.8901
    99    74   131  3.2449  0.8912
   105    71   132  3.2445  0.8900
   109    74   131  3.2435  0.8907
    99    79   130  3.2428  0.8914
   109    78   132  3.2427  0.8893
   107    81   132  3.2411  0.8887
   109    71   134  3.2350  0.8842
   109    81   133  3.2302  0.8835
   103    71   132  3.2287  0.8839
    99    71   130  3.2283  0.8859
   109    75   132  3.2283  0.8838
   108    71   133  3.2247  0.8813
   109    72   133  3.2191  0.8792
   106    71   132  3.2149  0.8787
    99    78   131  3.2147  0.8796
   109    78   134  3.2137  0.8761
   102    71   134  3.2081  0.8740
   109    79   132  3.2056  0.8751
   100    71   135  3.2046  0.8717
    99    72   133  3.1966  0.8707
    99    72   135  3.1935  0.8675
    99    73   131  3.1925  0.8712
   109    74   132  3.1916  0.8698
   100    71   133  3.1913  0.8687
   102    71   132  3.1855  0.8675
    99    73   132  3.1826  0.8664
   101    81   130  3.1778  0.8667
   102    81   132  3.1703  0.8617
   109    73   131  3.1680  0.8619
   107    71   132  3.1600  0.8579
   104    71   131  3.1583  0.8582
   108    81   132  3.1562  0.8564
   103    71   131  3.1556  0.8572
   109    71   133  3.1537  0.8545
   105    71   131  3.1510  0.8555
   109    79   134  3.1465  0.8508
    99    79   133  3.1454  0.8514
    99    79   131  3.1446  0.8531
   100    81   131  3.1430  0.8525
   102    71   131  3.1422  0.8522
   109    80   132  3.1414  0.8509
   109    73   132  3.1399  0.8503
   106    71   131  3.1332  0.8488
   101    71   134  3.1317  0.8453
    99    75   134  3.1271  0.8435
    99    79   132  3.1207  0.8431
   101    71   132  3.1204  0.8430
    99    76   134  3.1161  0.8395
   101    71   131  3.1159  0.8423
    99    72   131  3.1153  0.8421
   101    81   133  3.1113  0.8386
    99    74   134  3.1108  0.8375
   107    71   131  3.1034  0.8377
   109    72   131  3.0870  0.8315
    99    71   133  3.0865  0.8294
    99    71   135  3.0864  0.8275
   108    71   132  3.0810  0.8283
   100    71   131  3.0738  0.8267
    99    73   134  3.0722  0.8232
    99    77   134  3.0716  0.8230
   109    72   132  3.0707  0.8245
    99    72   132  3.0664  0.8230
   108    71   131  3.0594  0.8213
   101    81   132  3.0540  0.8184
   109    80   134  3.0508  0.8153
   106    81   134  3.0506  0.8152
    99    80   131  3.0498  0.8178
   109    81   132  3.0485  0.8163
   107    81   134  3.0417  0.8120
   100    71   134  3.0411  0.8117
   100    71   132  3.0342  0.8111
   105    81   134  3.0281  0.8070
    99    80   130  3.0271  0.8104
    99    72   134  3.0140  0.8018
    99    71   131  3.0120  0.8039
   108    81   134  2.9995  0.7965
   109    71   131  2.9992  0.7992
    99    78   134  2.9877  0.7923
   100    81   130  2.9851  0.7950
    99    80   133  2.9823  0.7912
   109    71   132  2.9812  0.7917
   104    81   134  2.9783  0.7889
   100    81   133  2.9567  0.7820
    99    80   132  2.9532  0.7816
    99    71   134  2.9361  0.7736
    99    81   131  2.9330  0.7752
    99    71   132  2.9276  0.7724
   109    81   134  2.9243  0.7694
   100    81   132  2.9135  0.7673
   103    81   134  2.9063  0.7630
    99    79   134  2.8622  0.7473
   102    81   134  2.8181  0.7318
    99    81   133  2.7921  0.7235
    99    81   130  2.7745  0.7198
    99    81   132  2.7562  0.7118
   109    76   129  2.7291  0.7048
   109    77   129  2.7236  0.7029
   101    81   134  2.7191  0.6974
   109    75   129  2.7133  0.6994
    99    80   134  2.6988  0.6905
   109    78   129  2.6907  0.6916
   109    74   129  2.6825  0.6888
   109    73   129  2.6419  0.6749
   109    79   129  2.6263  0.6696
   100    81   134  2.6143  0.6618
   109    72   129  2.5937  0.6586
   107    71   129  2.5785  0.6534
   106    71   129  2.5711  0.6510
   108    71   129  2.5670  0.6496
   105    71   129  2.5455  0.6424
   109    71   129  2.5371  0.6396
   109    80   129  2.5287  0.6368
    99    81   134  2.5076  0.6263
   104    71   129  2.5026  0.6281
   105    70   130  3.6885  1.0707
   106    70   130  3.6749  1.0650
   104    70   130  3.6622  1.0596
   105    82   131  3.6305  1.0451
   107    70   130  3.6204  1.0422
   104    82   131  3.6123  1.0376
   106    82   131  3.6008  1.0328
   103    70   130  3.5992  1.0335
   105    77   136  3.5880  1.0213
   105    76   136  3.5874  1.0210
   106    77   136  3.5872  1.0209
   106    76   136  3.5858  1.0204
   105    75   136  3.5714  1.0145
   104    76   136  3.5698  1.0139
   106    75   136  3.5693  1.0137
   104    77   136  3.5689  1.0135
   106    78   136  3.5670  1.0127
   105    78   136  3.5666  1.0126
   107    77   136  3.5632  1.0112
   107    76   136  3.5619  1.0107
   104    75   136  3.5539  1.0074
   107    75   136  3.5450  1.0038
   105    74   136  3.5447  1.0037
   104    78   136  3.5446  1.0036
   106    74   136  3.5424  1.0028
   107    78   136  3.5422  1.0027
   103    82   131  3.5415  1.0085
   103    76   136  3.5350  0.9998
   103    77   136  3.5320  0.9986
   107    82   131  3.5303  1.0039
   108    70   130  3.5263  1.0036
   104    74   136  3.5260  0.9961
   103    75   136  3.5186  0.9931
   106    79   136  3.5179  0.9929
   107    74   136  3.5170  0.9925
   105    79   136  3.5160  0.9921
   108    76   136  3.5127  0.9908
   108    77   136  3.5125  0.9907
   105    73   136  3.5096  0.9896
   106    73   136  3.5073  0.9886
   102    70   130  3.5043  0.9946
   103    78   136  3.5031  0.9869
   108    75   136  3.4957  0.9840
   107    79   136  3.4921  0.9825
   104    79   136  3.4896  0.9815
   104    73   136  3.4890  0.9813
   108    78   136  3.4888  0.9812
   103    74   136  3.4882  0.9809
   102    76   136  3.4836  0.9791
   107    73   136  3.4802  0.9778
   102    77   136  3.4780  0.9769
   105    72   136  3.4668  0.9724
   102    75   136  3.4664  0.9723
   108    74   136  3.4664  0.9722
   106    72   136  3.4642  0.9714
   103    73   136  3.4473  0.9647
   104    72   136  3.4441  0.9634
   102    78   136  3.4432  0.9630
   104    82   135  3.4429  0.9640
   103    79   136  3.4414  0.9623
   103    82   135  3.4379  0.9621
   106    82   130  3.4367  0.9674
   109    76   136  3.4357  0.9600
   108    79   136  3.4354  0.9599
   107    72   136  3.4350  0.9598
   106    80   136  3.4334  0.9591
   109    77   136  3.4326  0.9588
   102    74   136  3.4325  0.9588
   105    80   136  3.4293  0.9575
   105    82   135  3.4272  0.9578
   108    73   136  3.4271  0.9566
   108    82   131  3.4260  0.9620
   110    77   130  3.4223  0.9617
   105    82   130  3.4197  0.9607
   109    75   136  3.4197  0.9537
   110    78   130  3.4182  0.9600
   102    82   131  3.4174  0.9585
    98    75   130  3.4159  0.9591
   101    76   136  3.4154  0.9520
   105    71   136  3.4150  0.9519
   110    76   130  3.4137  0.9583
   106    71   136  3.4117  0.9506
   102    82   135  3.4110  0.9514
   107    82   130  3.4101  0.9568
    98    76   130  3.4077  0.9559
   107    80   136  3.4068  0.9487
   101    77   136  3.4067  0.9486
   109    78   136  3.4047  0.9478
   110    75   130  3.3992  0.9525
   103    72   136  3.3980  0.9452
   105    70   135  3.3978  0.9462
   104    80   136  3.3978  0.9451
   101    75   136  3.3978  0.9451
   109    70   130  3.3975  0.9518
   110    76   135  3.3937  0.9446
   110    79   130  3.3935  0.9502
   106    82   135  3.3923  0.9440
   110    75   135  3.3915  0.9438
   104    71   136  3.3906  0.9423
   109    74   136  3.3894  0.9418
   106    70   135  3.3884  0.9425
   102    73   136  3.3864  0.9406
   110    77   135  3.3841  0.9408
   101    70   130  3.3831  0.9461
   104    70   135  3.3829  0.9404
   110    74   130  3.3823  0.9458
   107    71   136  3.3797  0.9380
   108    72   136  3.3784  0.9375
    98    74   130  3.3776  0.9439
   110    74   135  3.3773  0.9382
   102    79   136  3.3730  0.9354
   101    78   136  3.3651  0.9323
   110    73   130  3.3630  0.9382
   101    82   135  3.3611  0.9319
   110    78   135  3.3609  0.9317
   101    74   136  3.3602  0.9304
   104    82   130  3.3565  0.9357
   107    70   135  3.3556  0.9297
   105    70   136  3.3512  0.9269
   110    73   135  3.3494  0.9273
    98    77   135  3.3481  0.9268
   109    73   136  3.3475  0.9254
   108    80   136  3.3473  0.9254
   109    79   136  3.3465  0.9251
   106    70   136  3.3463  0.9250
   108    82   130  3.3461  0.9316
    98    77   130  3.3446  0.9310
   103    70   135  3.3437  0.9250
   103    80   136  3.3417  0.9232
   110    80   130  3.3413  0.9297
   103    71   136  3.3406  0.9228
   107    82   135  3.3385  0.9230
    98    78   135  3.3384  0.9230
   110    72   130  3.3375  0.9282
   106    82   133  3.3369  0.9246
   110    78   131  3.3360  0.9265
    98    76   135  3.3343  0.9214
   102    72   136  3.3310  0.9190
   110    76   136  3.3305  0.9189
   100    76   136  3.3303  0.9188
   105    82   133  3.3298  0.9218
   104    70   136  3.3261  0.9171
   110    79   131  3.3238  0.9217
   110    77   136  3.3234  0.9161
   110    77   131  3.3234  0.9215
   110    79   135  3.3211  0.9163
   108    71   136  3.3189  0.9144
   100    77   136  3.3177  0.9139
   110    75   136  3.3167  0.9135
   100    75   136  3.3128  0.9120
   107    70   136  3.3110  0.9113
   106    81   136  3.3102  0.9110
   101    73   136  3.3081  0.9102
    98    79   135  3.3052  0.9101
   110    72   135  3.3046  0.9099
   105    81   136  3.3035  0.9084
   106    70   134  3.3026  0.9102
   108    70   135  3.3019  0.9088
    98    73   130  3.3017  0.9142
   110    71   130  3.2997  0.9134
   110    77   133  3.2994  0.9101
   107    82   133  3.2989  0.9099
    98    75   135  3.2979  0.9073
   105    70   134  3.2969  0.9080
   109    72   136  3.2949  0.9051
   109    82   131  3.2944  0.9103
   110    76   133  3.2925  0.9074
   110    78   136  3.2903  0.9033
   100    82   135  3.2890  0.9039
   110    76   131  3.2887  0.9081
   107    70   134  3.2864  0.9040
   110    74   136  3.2863  0.9018
   110    80   131  3.2863  0.9071
   110    78   133  3.2861  0.9049
   101    79   136  3.2855  0.9015
   107    81   136  3.2839  0.9009
   102    70   135  3.2808  0.9007
   104    82   133  3.2783  0.9019
   103    70   136  3.2731  0.8967
   100    74   136  3.2721  0.8963
   110    75   133  3.2694  0.8985
   104    70   134  3.2691  0.8973
   100    78   136  3.2691  0.8952
   102    71   136  3.2677  0.8947
   104    70   133  3.2667  0.8974
   104    81   136  3.2666  0.8942
    98    75   133  3.2664  0.8973
   108    82   135  3.2663  0.8952
   102    80   136  3.2637  0.8931
    98    76   133  3.2626  0.8959
   105    70   133  3.2618  0.8956
   110    80   135  3.2614  0.8933
   110    81   130  3.2576  0.8971
   109    80   136  3.2545  0.8896
   109    82   130  3.2536  0.8956
   103    70   133  3.2520  0.8918
    98    80   135  3.2499  0.8889
   108    70   134  3.2492  0.8897
   103    82   130  3.2485  0.8937
   110    79   133  3.2485  0.8905
   101    72   136  3.2458  0.8863
   108    70   136  3.2457  0.8863
   101    82   131  3.2448  0.8911
   110    73   136  3.2424  0.8850
   110    70   130  3.2419  0.8911
   100    70   130  3.2413  0.8909
    98    74   135  3.2399  0.8851
   106    70   133  3.2395  0.8870
   110    71   135  3.2387  0.8846
   110    75   131  3.2362  0.8878
   110    74   133  3.2339  0.8849
    98    74   133  3.2323  0.8843
   109    70   135  3.2309  0.8817
   109    71   136  3.2308  0.8806
    99    76   136  3.2286  0.8798
   110    79   136  3.2269  0.8791
   110    81   131  3.2244  0.8834
   108    81   136  3.2231  0.8777
    98    78   130  3.2219  0.8834
   103    70   134  3.2201  0.8786
   108    82   133  3.2197  0.8794
    98    77   133  3.2158  0.8780
   102    70   133  3.2151  0.8777
   100    73   136  3.2145  0.8744
    99    75   136  3.2123  0.8736
    99    77   136  3.2118  0.8734
   110    74   134  3.2108  0.8750
   110    75   134  3.2094  0.8745
    98    76   132  3.2079  0.8760
   110    73   134  3.2034  0.8722
   103    81   136  3.2030  0.8701
   107    70   133  3.2010  0.8724
   110    76   134  3.1967  0.8697
    98    75   132  3.1963  0.8716
    99    82   135  3.1961  0.8685
    98    72   130  3.1956  0.8734
   101    70   135  3.1954  0.8682
   102    70   136  3.1953  0.8672
    98    75   131  3.1926  0.8712
   109    70   134  3.1919  0.8679
   110    73   133  3.1883  0.8675
   103    82   133  3.1873  0.8672
   110    72   134  3.1871  0.8661
   110    72   136  3.1863  0.8638
    98    76   131  3.1846  0.8682
   110    80   133  3.1840  0.8659
   100    79   136  3.1805  0.8616
   110    81   135  3.1789  0.8620
   109    82   135  3.1766  0.8611
   101    71   136  3.1754  0.8596
    98    81   135  3.1752  0.8606
    98    77   132  3.1729  0.8628
    98    74   131  3.1706  0.8629
   110    74   131  3.1704  0.8628
    99    74   136  3.1697  0.8575
   110    77   134  3.1685  0.8591
    98    73   133  3.1664  0.8593
   101    80   136  3.1663  0.8562
    98    73   135  3.1617  0.8555
   110    71   134  3.1591  0.8555
    99    78   136  3.1564  0.8526
   101    70   133  3.1539  0.8546
   109    70   136  3.1529  0.8512
   102    70   134  3.1512  0.8525
   105    82   132  3.1508  0.8544
   106    82   136  3.1501  0.8502
   110    70   135  3.1473  0.8501
   108    70   133  3.1467  0.8519
    98    77   131  3.1461  0.8536
   100    72   136  3.1451  0.8483
    98    74   132  3.1439  0.8518
   110    82   130  3.1426  0.8534
   106    82   132  3.1412  0.8508
   110    82   131  3.1409  0.8517
   105    82   136  3.1404  0.8466
   110    72   133  3.1334  0.8469
   110    80   136  3.1312  0.8431
   110    77   132  3.1304  0.8468
   110    76   132  3.1291  0.8463
   109    81   136  3.1287  0.8422
   107    82   136  3.1256  0.8410
   104    82   132  3.1245  0.8445
    98    78   133  3.1237  0.8433
   110    78   134  3.1200  0.8409
    98    73   131  3.1190  0.8435
   110    71   136  3.1180  0.8382
   105    70   132  3.1179  0.8421
   102    81   136  3.1164  0.8376
   104    70   132  3.1156  0.8412
   110    70   134  3.1152  0.8391
   110    78   132  3.1131  0.8403
    98    76   136  3.1120  0.8360
   110    75   132  3.1112  0.8396
   109    82   133  3.1078  0.8373
    99    73   136  3.1075  0.8343
   102    82   130  3.1008  0.8377
   104    82   136  3.0990  0.8312
   107    82   132  3.0980  0.8347
    98    75   136  3.0977  0.8307
   101    70   136  3.0966  0.8303
   110    73   131  3.0952  0.8346
   106    70   132  3.0942  0.8333
   110    81   133  3.0921  0.8315
    98    77   136  3.0908  0.8282
   103    70   132  3.0888  0.8312
   100    70   135  3.0887  0.8283
    98    78   132  3.0884  0.8311
    98    82   135  3.0850  0.8270
    99    70   130  3.0835  0.8312
   110    74   132  3.0772  0.8269
    98    78   131  3.0768  0.8278
   109    70   133  3.0762  0.8256
   110    79   132  3.0745  0.8259
    98    72   133  3.0738  0.8247
   110    82   135  3.0719  0.8221
   110    71   133  3.0682  0.8226
   100    70   133  3.0673  0.8223
   100    71   136  3.0672  0.8194
   108    82   136  3.0660  0.8190
    98    71   130  3.0646  0.8242
    98    72   135  3.0644  0.8194
   102    82   133  3.0642  0.8212
   101    70   134  3.0638  0.8201
   104    70   131  3.0636  0.8229
   103    82   132  3.0624  0.8215
    99    79   136  3.0604  0.8170
   105    70   131  3.0588  0.8211
   103    70   131  3.0568  0.8204
    98    73   132  3.0568  0.8194
    98    74   136  3.0543  0.8147
   100    80   136  3.0526  0.8141
    98    75   134  3.0480  0.8143
   110    79   134  3.0471  0.8140
   107    70   132  3.0438  0.8146
   106    70   131  3.0417  0.8148
    98    79   130  3.0410  0.8155
   102    70   132  3.0394  0.8130
   102    70   131  3.0378  0.8134
    98    72   131  3.0377  0.8133
    98    76   134  3.0360  0.8099
   110    70   136  3.0360  0.8080
   100    82   131  3.0341  0.8120
    99    72   136  3.0318  0.8065
   103    82   136  3.0300  0.8058
    98    78   136  3.0299  0.8058
    98    74   134  3.0280  0.8069
   110    73   132  3.0263  0.8082
   108    82   132  3.0252  0.8078
   110    72   131  3.0124  0.8040
   110    80   132  3.0119  0.8029
   101    81   136  3.0110  0.7989
   107    70   131  3.0109  0.8035
   110    81   136  3.0047  0.7966
   101    70   131  3.0044  0.8011
   110    70   133  2.9900  0.7940
    98    73   136  2.9889  0.7909
    98    79   133  2.9881  0.7933
    98    77   134  2.9863  0.7918
   100    70   136  2.9811  0.7881
    98    73   134  2.9808  0.7898
    98    79   131  2.9781  0.7915
   110    82   133  2.9751  0.7886
   109    82   136  2.9732  0.7852
   101    70   132  2.9692  0.7874
   102    82   132  2.9676  0.7868
   108    70   132  2.9676  0.7868
   108    70   131  2.9644  0.7865
    99    70   135  2.9618  0.7820
   100    70   134  2.9590  0.7819
    98    71   133  2.9579  0.7824
   110    72   132  2.9564  0.7827
    98    79   132  2.9560  0.7826
    99    70   133  2.9555  0.7815
   100    70   131  2.9536  0.7826
    98    71   135  2.9488  0.7773
   110    80   134  2.9472  0.7776
    99    71   136  2.9463  0.7755
    98    72   132  2.9409  0.7772
   102    82   136  2.9380  0.7726
    98    79   136  2.9288  0.7693
   109    82   132  2.9281  0.7725
    99    80   136  2.9266  0.7685
    98    71   131  2.9264  0.7728
   110    81   132  2.9241  0.7711
   110    71   131  2.9214  0.7710
   101    82   130  2.9213  0.7719
   101    82   133  2.9178  0.7680
    98    70   130  2.9124  0.7687
    98    72   134  2.9096  0.7642
    98    72   136  2.9076  0.7617
   109    70   131  2.9006  0.7636
    98    78   134  2.8948  0.7589
   100    81   136  2.8916  0.7561
    99    70   131  2.8817  0.7568
   106    82   134  2.8807  0.7539
   100    70   132  2.8791  0.7550
   107    82   134  2.8774  0.7527
   109    70   132  2.8687  0.7513
   110    71   132  2.8656  0.7502
    98    80   131  2.8539  0.7469
   110    82   136  2.8525  0.7422
    99    70   136  2.8522  0.7421
   105    82   134  2.8514  0.7435
   101    82   132  2.8454  0.7431
   108    82   134  2.8394  0.7393
    99    70   134  2.8373  0.7385
   101    82   136  2.8290  0.7340
    98    70   133  2.8196  0.7331
   110    81   134  2.8193  0.7322
   110    70   131  2.8191  0.7346
    98    80   133  2.8169  0.7322
    98    71   134  2.8154  0.7309
    98    70   135  2.8151  0.7299
    98    71   136  2.8148  0.7290
   110    82   132  2.8124  0.7315
    98    80   130  2.8122  0.7330
    98    71   132  2.8016  0.7277
    99    82   131  2.7997  0.7278
   104    82   134  2.7939  0.7233
    98    80   136  2.7927  0.7213
    98    70   131  2.7851  0.7227
    98    80   132  2.7844  0.7216
    99    70   132  2.7702  0.7167
   109    82   134  2.7673  0.7141
    99    81   136  2.7636  0.7112
    98    79   134  2.7618  0.7122
   100    82   133  2.7572  0.7114
   110    70   132  2.7526  0.7106
   100    82   130  2.7198  0.7008
   110    76   129  2.7172  0.7007
   110    77   129  2.7148  0.6999
   103    82   134  2.7142  0.6958
    98    70   136  2.7124  0.6936
    98    81   131  2.7105  0.6968
   100    82   136  2.7092  0.6925
   100    82   132  2.7033  0.6936
    98    70   134  2.6985  0.6904
   110    75   129  2.6958  0.6933
   110    78   129  2.6820  0.6886
   110    82   134  2.6648  0.6789
   110    74   129  2.6579  0.6803
    98    70   132  2.6434  0.6731
    98    81   136  2.6320  0.6663
    98    81   133  2.6233  0.6656
   102    82   134  2.6192  0.6635
   110    79   129  2.6144  0.6656
   110    73   129  2.6093  0.6638
    98    80   134  2.5932  0.6548
    99    82   133  2.5906  0.6546
    98    81   132  2.5891  0.6548
    99    82   136  2.5849  0.6505
    98    82   131  2.5569  0.6448
    98    81   130  2.5538  0.6444
   110    72   129  2.5531  0.6449
    99    82   132  2.5491  0.6414
   106    70   129  2.5246  0.6354
   107    70   129  2.5245  0.6354
   101    82   134  2.5154  0.6289
   110    80   129  2.5113  0.6310
    99    82   130  2.5061  0.6286
   108    70   129  2.5054  0.6291
   105    70   129  2.5053  0.6290
   105    69   130  3.5774  1.0245
   106    69   130  3.5721  1.0223
   105    83   131  3.5569  1.0148
   104    69   130  3.5421  1.0100
   104    83   131  3.5370  1.0067
   106    83   131  3.5248  1.0017
   107    69   130  3.5246  1.0029
   103    69   130  3.4696  0.9806
   103    83   131  3.4593  0.9753
   107    83   131  3.4489  0.9711
   108    69   130  3.4360  0.9671
   102    69   130  3.3650  0.9390
   108    83   131  3.3378  0.9272
   102    83   131  3.3233  0.9215
   109    69   130  3.3108  0.9177
   104    83   135  3.3081  0.9112
   103    83   135  3.3069  0.9108
   111    75   135  3.3008  0.9084
   111    76   135  3.2991  0.9078
   105    83   135  3.2896  0.9041
   111    74   135  3.2887  0.9038
   102    83   135  3.2843  0.9021
   111    77   135  3.2843  0.9021
   105    69   135  3.2818  0.9011
   106    69   135  3.2718  0.8973
   105    69   136  3.2706  0.8958
   111    77   130  3.2686  0.9014
   104    69   135  3.2660  0.8951
   111    78   130  3.2651  0.9001
   106    69   136  3.2634  0.8930
   111    73   135  3.2611  0.8932
   111    76   130  3.2599  0.8980
   111    78   135  3.2552  0.8909
   106    83   135  3.2530  0.8901
   104    69   136  3.2460  0.8864
   111    75   130  3.2445  0.8921
    97    75   130  3.2430  0.8915
   111    79   130  3.2430  0.8915
   106    69   134  3.2407  0.8864
   101    83   135  3.2396  0.8850
   107    69   135  3.2378  0.8843
   101    69   130  3.2345  0.8882
   105    69   134  3.2341  0.8839
    97    76   130  3.2264  0.8852
   111    74   130  3.2255  0.8848
   107    69   134  3.2245  0.8802
   103    69   135  3.2244  0.8792
   107    69   136  3.2244  0.8781
   106    83   130  3.2187  0.8822
   111    72   135  3.2153  0.8757
    97    77   135  3.2146  0.8755
   111    78   131  3.2140  0.8794
   111    77   131  3.2130  0.8790
   107    83   130  3.2101  0.8789
   111    79   135  3.2100  0.8737
    97    74   130  3.2085  0.8783
   104    69   134  3.2038  0.8724
    97    78   135  3.2033  0.8712
   111    73   130  3.2026  0.8761
    97    76   135  3.2016  0.8705
   111    76   136  3.1997  0.8688
   107    83   135  3.1992  0.8696
   109    83   131  3.1992  0.8737
   111    80   130  3.1966  0.8738
   103    69   136  3.1914  0.8657
   111    75   136  3.1889  0.8647
   111    79   131  3.1886  0.8697
   111    77   136  3.1880  0.8644
   111    76   131  3.1876  0.8693
   108    69   134  3.1868  0.8659
   105    83   130  3.1857  0.8696
   108    69   135  3.1827  0.8634
   111    76   133  3.1753  0.8626
   100    83   135  3.1733  0.8599
   111    72   130  3.1728  0.8648
   111    77   133  3.1727  0.8617
    97    79   135  3.1690  0.8582
   108    83   130  3.1655  0.8620
    97    75   135  3.1644  0.8565
   106    83   133  3.1635  0.8582
   111    75   133  3.1607  0.8571
   111    74   136  3.1595  0.8537
   102    69   135  3.1574  0.8539
   110    69   130  3.1569  0.8587
   105    69   133  3.1551  0.8550
   108    69   136  3.1548  0.8519
   104    69   133  3.1531  0.8543
    97    77   130  3.1513  0.8566
   111    78   133  3.1502  0.8532
   103    69   134  3.1499  0.8521
   111    78   136  3.1496  0.8500
   105    83   133  3.1485  0.8525
   111    71   135  3.1478  0.8503
   111    80   135  3.1462  0.8497
   111    75   131  3.1415  0.8519
   106    69   133  3.1381  0.8487
   111    80   131  3.1376  0.8505
   101    83   131  3.1351  0.8495
   107    83   133  3.1339  0.8471
    97    73   130  3.1322  0.8494
   111    74   133  3.1313  0.8461
   111    71   130  3.1308  0.8489
   103    69   133  3.1304  0.8458
   109    69   134  3.1287  0.8441
   108    83   135  3.1284  0.8431
    97    75   133  3.1268  0.8444
   111    81   130  3.1229  0.8459
    97    76   133  3.1184  0.8413
   111    74   134  3.1155  0.8392
   111    73   136  3.1147  0.8370
    97    80   135  3.1141  0.8377
   111    75   134  3.1111  0.8376
   109    69   135  3.1107  0.8365
   102    69   136  3.1102  0.8353
   111    73   134  3.1095  0.8370
   104    83   130  3.1089  0.8407
   111    79   133  3.1053  0.8364
    97    74   135  3.1035  0.8338
   107    69   133  3.1032  0.8356
    97    74   133  3.0942  0.8323
   111    76   134  3.0938  0.8312
   111    72   134  3.0932  0.8309
   109    83   130  3.0930  0.8348
   104    83   133  3.0898  0.8307
   111    73   133  3.0892  0.8304
    97    75   131  3.0882  0.8320
    99    83   135  3.0872  0.8278
   102    69   133  3.0851  0.8289
   100    69   130  3.0839  0.8314
   111    79   136  3.0816  0.8248
   111    74   131  3.0791  0.8286
   102    69   134  3.0730  0.8235
    97    74   131  3.0718  0.8259
   111    70   130  3.0704  0.8263
    97    76   131  3.0684  0.8247
   101    69   135  3.0665  0.8201
    97    77   133  3.0645  0.8213
   111    71   134  3.0645  0.8203
   108    83   133  3.0638  0.8210
   111    81   131  3.0637  0.8229
   111    81   135  3.0620  0.8185
   111    77   134  3.0595  0.8185
   109    69   136  3.0578  0.8160
   111    72   136  3.0563  0.8154
   111    70   135  3.0554  0.8160
   110    69   134  3.0510  0.8154
   108    69   133  3.0507  0.8162
    97    76   132  3.0478  0.8161
    97    75   132  3.0427  0.8142
    97    81   135  3.0423  0.8112
   109    83   135  3.0416  0.8110
   110    83   131  3.0396  0.8140
   111    80   133  3.0369  0.8111
   111    72   133  3.0352  0.8105
   110    69   135  3.0267  0.8056
    97    73   133  3.0266  0.8073
    97    72   130  3.0226  0.8087
   111    82   130  3.0223  0.8086
    97    73   135  3.0202  0.8032
    97    73   131  3.0198  0.8068
   111    70   134  3.0194  0.8038
   101    69   133  3.0155  0.8033
    97    78   130  3.0147  0.8058
    97    77   131  3.0122  0.8039
   101    69   136  3.0064  0.7973
   111    76   132  3.0063  0.8009
    97    77   132  3.0053  0.8005
   111    73   131  3.0046  0.8012
   111    78   134  3.0042  0.7982
   111    77   132  3.0026  0.7995
   110    83   130  3.0015  0.8010
    97    74   132  2.9948  0.7967
   103    83   133  2.9927  0.7950
   111    75   132  2.9919  0.7956
   103    83   130  2.9901  0.7968
   111    69   130  2.9857  0.7952
   111    71   136  2.9849  0.7895
   111    80   136  2.9837  0.7890
    98    83   135  2.9835  0.7898
    97    76   136  2.9825  0.7886
   109    69   133  2.9808  0.7907
   111    78   132  2.9801  0.7913
   101    69   134  2.9743  0.7874
   111    82   131  2.9712  0.7890
   105    69   132  2.9704  0.7878
    97    75   136  2.9704  0.7842
   111    71   133  2.9692  0.7865
    97    78   133  2.9643  0.7847
   104    69   132  2.9635  0.7853
   109    83   133  2.9615  0.7837
   106    83   136  2.9606  0.7807
   106    83   132  2.9597  0.7839
   111    74   132  2.9590  0.7837
    97    77   136  2.9577  0.7797
   105    83   132  2.9576  0.7832
    97    82   135  2.9576  0.7805
   111    82   135  2.9568  0.7802
   111    69   134  2.9542  0.7801
    97    75   134  2.9531  0.7798
   100    69   135  2.9529  0.7788
   104    69   131  2.9519  0.7820
   106    69   132  2.9507  0.7807
   105    69   131  2.9503  0.7815
   105    83   136  2.9481  0.7762
   111    81   133  2.9455  0.7779
   110    83   135  2.9413  0.7746
    97    76   134  2.9411  0.7754
   103    69   131  2.9396  0.7776
   107    83   136  2.9391  0.7730
   110    69   136  2.9379  0.7725
   111    79   132  2.9377  0.7760
   111    69   135  2.9353  0.7725
   106    69   131  2.9343  0.7757
    97    72   131  2.9332  0.7753
   103    69   132  2.9317  0.7738
    97    72   133  2.9295  0.7722
   107    83   132  2.9293  0.7730
    97    74   134  2.9288  0.7710
    97    74   136  2.9272  0.7687
   111    79   134  2.9246  0.7695
   104    83   132  2.9217  0.7702
   100    69   133  2.9208  0.7690
    97    78   131  2.9206  0.7707
   111    72   131  2.9203  0.7706
    99    69   130  2.9186  0.7709
    97    72   135  2.9158  0.7655
    97    78   132  2.9137  0.7674
   102    69   131  2.9129  0.7680
    97    73   132  2.9103  0.7662
   108    83   137  2.9093  0.7615
   100    83   131  2.9071  0.7659
   111    73   132  2.9067  0.7649
   107    83   137  2.9045  0.7598
   104    83   136  2.9041  0.7605
   107    69   132  2.9034  0.7637
   107    69   131  2.9024  0.7642
   111    70   136  2.9002  0.7591
   111    83   130  2.8994  0.7640
   108    82   137  2.8951  0.7564
   110    69   133  2.8944  0.7596
   109    83   137  2.8931  0.7558
    97    78   136  2.8930  0.7566
   111    70   133  2.8897  0.7579
   109    82   137  2.8881  0.7540
    97    77   134  2.8880  0.7565
    97    71   130  2.8865  0.7594
   100    69   136  2.8844  0.7535
   108    83   136  2.8833  0.7531
   107    82   137  2.8823  0.7519
   106    83   137  2.8816  0.7517
   102    69   132  2.8774  0.7544
   111    80   132  2.8742  0.7533
    97    73   134  2.8727  0.7510
   101    69   131  2.8700  0.7526
   108    83   132  2.8696  0.7516
   111    83   131  2.8654  0.7510
   102    83   133  2.8650  0.7492
    97    83   135  2.8637  0.7470
    97    73   136  2.8594  0.7447
   110    82   137  2.8593  0.7438
   111    81   136  2.8585  0.7444
   100    69   134  2.8550  0.7448
   110    83   137  2.8542  0.7420
   108    69   131  2.8531  0.7467
   103    83   132  2.8530  0.7457
   106    82   137  2.8528  0.7415
   109    81   137  2.8494  0.7403
   108    81   137  2.8449  0.7387
   105    83   137  2.8436  0.7383
   110    83   133  2.8386  0.7398
   102    83   130  2.8347  0.7410
   111    72   132  2.8341  0.7391
   111    82   133  2.8338  0.7382
   103    83   136  2.8331  0.7354
   110    81   137  2.8328  0.7345
   111    83   135  2.8315  0.7357
   108    69   132  2.8294  0.7374
   111    71   131  2.8264  0.7372
   107    81   137  2.8219  0.7307
    97    79   133  2.8218  0.7339
    97    79   130  2.8218  0.7364
   111    80   134  2.8197  0.7324
    99    69   135  2.8182  0.7310
    97    71   131  2.8129  0.7325
   105    82   137  2.8097  0.7264
   100    69   131  2.8081  0.7308
   111    82   137  2.8073  0.7256
    97    71   133  2.8071  0.7288
   101    69   132  2.8025  0.7280
    99    69   133  2.8011  0.7267
   111    69   136  2.8008  0.7241
    97    79   131  2.7973  0.7270
   109    83   136  2.7959  0.7224
    97    72   132  2.7958  0.7256
   111    69   133  2.7940  0.7242
   111    81   137  2.7936  0.7208
   104    83   137  2.7934  0.7208
    97    78   134  2.7917  0.7226
    97    71   135  2.7917  0.7218
   111    83   137  2.7916  0.7202
    97    79   136  2.7900  0.7204
   111    81   132  2.7893  0.7234
    97    72   134  2.7882  0.7214
   109    69   131  2.7857  0.7229
   109    83   132  2.7849  0.7218
   106    81   137  2.7837  0.7174
   109    80   137  2.7804  0.7163
    97    79   132  2.7771  0.7191
   110    80   137  2.7771  0.7151
    97    72   136  2.7733  0.7146
   108    80   137  2.7634  0.7104
   104    82   137  2.7563  0.7079
   102    83   132  2.7551  0.7114
   111    80   137  2.7516  0.7063
    99    69   136  2.7478  0.7058
    98    69   130  2.7417  0.7084
   102    83   136  2.7409  0.7034
   111    71   132  2.7405  0.7064
   105    81   137  2.7341  0.7003
   103    83   137  2.7339  0.7002
   109    69   132  2.7321  0.7035
    97    70   130  2.7290  0.7040
   107    80   137  2.7290  0.6986
    99    69   131  2.7240  0.7015
   111    70   131  2.7209  0.7004
   101    83   133  2.7166  0.6974
    99    69   134  2.7162  0.6964
   111    82   136  2.7119  0.6934
   100    69   132  2.7088  0.6955
   111    83   133  2.7069  0.6940
   110    69   131  2.7008  0.6935
   110    79   137  2.6958  0.6872
   103    82   137  2.6952  0.6870
   111    81   134  2.6899  0.6875
   109    79   137  2.6864  0.6840
   111    82   132  2.6845  0.6871
   111    79   137  2.6835  0.6830
   110    83   136  2.6825  0.6834
   106    80   137  2.6813  0.6823
   110    83   132  2.6806  0.6858
   107    83   134  2.6805  0.6843
   106    83   134  2.6779  0.6834
    97    71   134  2.6777  0.6833
   104    81   137  2.6765  0.6806
   111    76   129  2.6763  0.6866
   111    77   129  2.6755  0.6864
    97    71   136  2.6736  0.6804
   102    83   137  2.6675  0.6776
    98    69   135  2.6634  0.6777
    97    70   133  2.6614  0.6785
    97    70   131  2.6608  0.6798
    98    69   133  2.6575  0.6772
    97    71   132  2.6575  0.6779
   108    79   137  2.6573  0.6742
    99    83   131  2.6568  0.6784
    97    80   136  2.6554  0.6742
    97    79   134  2.6547  0.6755
   111    75   129  2.6516  0.6782
   101    83   130  2.6515  0.6774
    97    80   131  2.6492  0.6759
    97    70   135  2.6492  0.6729
   108    83   134  2.6488  0.6735
    97    80   133  2.6471  0.6736
   105    83   134  2.6433  0.6716
   111    78   129  2.6426  0.6751
   101    83   136  2.6342  0.6671
   101    83   132  2.6340  0.6699
   102    82   137  2.6292  0.6647
   111    70   132  2.6265  0.6674
   105    80   137  2.6245  0.6631
   110    69   132  2.6174  0.6643
    98    69   131  2.6152  0.6643
   103    81   137  2.6139  0.6595
   107    79   137  2.6122  0.6590
   111    74   129  2.6092  0.6638
    97    80   132  2.6064  0.6606
   111    69   131  2.6003  0.6593
    98    69   136  2.5992  0.6553
    99    69   132  2.5976  0.6577
   101    83   137  2.5963  0.6537
   110    78   137  2.5939  0.6529
   111    78   137  2.5927  0.6525
    97    80   130  2.5864  0.6554
   109    83   134  2.5832  0.6514
   104    83   134  2.5815  0.6508
   109    78   137  2.5737  0.6461
   111    79   129  2.5733  0.6517
   111    83   132  2.5630  0.6461
    97    70   136  2.5626  0.6431
   104    80   137  2.5625  0.6424
   101    82   137  2.5603  0.6417
    98    69   134  2.5592  0.6434
   100    83   133  2.5572  0.6434
   106    79   137  2.5556  0.6401
   111    73   129  2.5553  0.6457
    97    69   130  2.5548  0.6448
   111    83   136  2.5513  0.6394
   102    81   137  2.5489  0.6379
    97    70   134  2.5429  0.6380
   111    82   134  2.5377  0.6363
   108    78   137  2.5347  0.6332
   100    83   137  2.5219  0.6290
   100    83   136  2.5204  0.6292
    97    81   136  2.5012  0.6229
    97    70   132  2.5005  0.6254
   105    84   131  3.4472  0.9704
   106    68   130  3.4318  0.9655
   105    68   130  3.4304  0.9649
   104    84   131  3.4250  0.9616
   106    84   131  3.4153  0.9577
   107    68   130  3.3908  0.9492
   104    68   130  3.3883  0.9482
   103    84   131  3.3428  0.9291
   107    84   131  3.3384  0.9274
   103    68   130  3.3089  0.9170
   108    68   130  3.3083  0.9168
   108    84   131  3.2257  0.8838
   112    75   135  3.2053  0.8719
   102    84   131  3.2001  0.8741
   112    76   135  3.1998  0.8699
   102    68   130  3.1977  0.8742
   112    74   135  3.1951  0.8681
   109    68   130  3.1886  0.8707
   112    77   135  3.1796  0.8622
   112    73   135  3.1676  0.8577
   105    68   136  3.1672  0.8566
   106    68   136  3.1572  0.8528
   106    68   134  3.1550  0.8540
   103    84   135  3.1547  0.8529
   104    84   135  3.1498  0.8511
   105    68   134  3.1472  0.8511
   112    78   135  3.1443  0.8490
   104    68   136  3.1440  0.8479
   102    84   135  3.1394  0.8472
   107    68   134  3.1390  0.8480
   105    68   135  3.1318  0.8443
   105    84   135  3.1268  0.8425
   112    72   135  3.1206  0.8401
   106    68   135  3.1203  0.8400
   112    77   130  3.1181  0.8441
   104    68   135  3.1170  0.8388
   112    78   130  3.1146  0.8429
   107    68   136  3.1145  0.8369
   104    68   134  3.1140  0.8387
   112    76   130  3.1093  0.8409
   101    84   135  3.1028  0.8335
   108    68   134  3.1008  0.8338
   107    83   138  3.0966  0.8284
   112    79   130  3.0941  0.8352
   112    79   135  3.0932  0.8300
   112    75   130  3.0926  0.8346
   107    82   138  3.0895  0.8258
   103    68   136  3.0894  0.8276
   106    84   135  3.0876  0.8279
   109    84   131  3.0858  0.8311
   112    77   131  3.0849  0.8308
   107    68   135  3.0847  0.8268
   106    83   138  3.0801  0.8223
   108    82   138  3.0763  0.8209
   103    68   135  3.0751  0.8233
   112    78   131  3.0747  0.8270
   112    74   130  3.0704  0.8264
   108    83   138  3.0699  0.8186
   112    76   131  3.0688  0.8248
    96    77   135  3.0624  0.8186
   106    82   138  3.0618  0.8156
   101    68   130  3.0608  0.8228
   103    68   134  3.0549  0.8168
   112    76   133  3.0539  0.8174
   112    80   130  3.0522  0.8196
   112    71   135  3.0516  0.8146
    96    78   135  3.0503  0.8142
    96    76   135  3.0497  0.8139
   112    76   136  3.0486  0.8126
    96    75   130  3.0470  0.8177
   107    84   138  3.0459  0.8098
   112    75   133  3.0459  0.8144
   100    84   135  3.0452  0.8123
   112    77   133  3.0435  0.8135
   112    73   130  3.0427  0.8161
   109    68   134  3.0420  0.8121
   108    68   136  3.0414  0.8100
   112    75   136  3.0414  0.8100
   110    68   130  3.0397  0.8150
   112    79   131  3.0372  0.8131
   106    84   138  3.0372  0.8067
   107    84   135  3.0334  0.8080
   112    77   136  3.0324  0.8067
   112    75   131  3.0293  0.8102
   108    68   135  3.0286  0.8062
   108    81   138  3.0272  0.8030
   112    80   135  3.0251  0.8050
   105    83   138  3.0239  0.8018
   107    81   138  3.0234  0.8016
    96    76   130  3.0218  0.8084
   105    68   133  3.0215  0.8055
   112    74   133  3.0211  0.8053
   109    82   138  3.0195  0.8002
    96    74   130  3.0177  0.8069
    96    79   135  3.0157  0.8015
   112    74   136  3.0141  0.8000
   112    78   133  3.0132  0.8025
   104    68   133  3.0126  0.8023
    96    75   135  3.0111  0.7999
   108    84   138  3.0104  0.7969
   106    68   133  3.0099  0.8012
   112    72   130  3.0070  0.8030
   102    68   135  3.0064  0.7981
   102    68   136  3.0063  0.7972
   101    84   131  3.0039  0.8009
   112    74   134  3.0036  0.7980
   109    83   138  2.9990  0.7928
   112    73   134  2.9985  0.7962
   105    82   138  2.9982  0.7925
   112    75   134  2.9964  0.7954
   112    78   136  2.9896  0.7912
   109    81   138  2.9892  0.7892
   107    84   130  2.9878  0.7960
   112    81   130  2.9870  0.7957
   105    84   138  2.9867  0.7884
   106    81   138  2.9821  0.7867
   103    68   133  2.9819  0.7911
   112    72   134  2.9818  0.7901
   112    73   133  2.9810  0.7907
   107    68   133  2.9786  0.7899
   106    84   130  2.9785  0.7926
   112    80   131  2.9745  0.7902
   112    76   134  2.9743  0.7874
   106    84   133  2.9718  0.7874
   112    74   131  2.9707  0.7888
    96    75   133  2.9700  0.7868
   102    68   134  2.9700  0.7858
   112    73   136  2.9696  0.7839
    99    84   135  2.9684  0.7844
   108    84   135  2.9649  0.7831
   108    84   130  2.9638  0.7872
   110    68   134  2.9637  0.7836
   112    79   133  2.9624  0.7840
    96    80   135  2.9622  0.7821
   112    71   130  2.9594  0.7857
    96    76   133  2.9586  0.7826
   112    70   135  2.9584  0.7808
   109    68   135  2.9569  0.7802
    96    75   131  2.9560  0.7835
   112    71   134  2.9517  0.7793
   105    84   133  2.9512  0.7800
   107    84   133  2.9505  0.7797
    96    74   135  2.9470  0.7767
    96    74   131  2.9437  0.7790
    96    73   130  2.9430  0.7797
   109    68   136  2.9418  0.7739
   112    81   135  2.9394  0.7740
    96    74   133  2.9377  0.7751
    96    77   130  2.9359  0.7772
   104    83   138  2.9338  0.7694
   112    77   134  2.9338  0.7728
   105    84   130  2.9315  0.7756
   109    84   138  2.9309  0.7683
   108    68   133  2.9286  0.7718
   102    68   133  2.9278  0.7716
   108    80   138  2.9271  0.7670
   112    72   133  2.9268  0.7712
    96    76   131  2.9266  0.7729
   110    84   131  2.9256  0.7725
   110    82   138  2.9200  0.7644
   112    79   136  2.9189  0.7658
   109    84   130  2.9132  0.7690
   101    68   135  2.9122  0.7642
   109    80   138  2.9107  0.7611
   112    72   136  2.9104  0.7627
   105    81   138  2.9096  0.7607
   110    81   138  2.9086  0.7604
   112    70   134  2.9051  0.7626
   104    82   138  2.9050  0.7591
   100    68   130  2.9048  0.7659
   107    80   138  2.9045  0.7590
    96    77   133  2.9001  0.7616
   104    84   138  2.8995  0.7572
   112    82   130  2.8991  0.7639
   101    68   136  2.8990  0.7587
   112    73   131  2.8972  0.7623
   112    70   130  2.8952  0.7625
    96    81   135  2.8939  0.7577
   112    80   133  2.8911  0.7584
   108    84   133  2.8908  0.7583
   112    81   131  2.8908  0.7601
    96    73   131  2.8903  0.7599
   104    84   133  2.8896  0.7579
   107    84   137  2.8865  0.7534
   110    83   138  2.8863  0.7525
   108    84   137  2.8858  0.7532
   112    76   132  2.8848  0.7570
   109    84   135  2.8829  0.7538
   112    77   132  2.8759  0.7539
   110    68   135  2.8746  0.7509
    98    84   135  2.8740  0.7507
   112    75   132  2.8732  0.7529
   111    68   130  2.8729  0.7545
   112    78   134  2.8713  0.7506
    96    75   132  2.8690  0.7514
    96    76   132  2.8683  0.7512
   106    84   137  2.8679  0.7468
    96    73   133  2.8675  0.7501
   111    68   134  2.8662  0.7487
   109    84   137  2.8632  0.7452
   109    68   133  2.8607  0.7476
   101    68   134  2.8601  0.7466
   112    71   133  2.8594  0.7472
    96    73   135  2.8584  0.7451
    96    77   131  2.8558  0.7476
   110    80   138  2.8529  0.7407
   101    68   133  2.8496  0.7437
   106    80   138  2.8486  0.7392
   112    78   132  2.8474  0.7438
   104    84   130  2.8453  0.7447
   110    84   130  2.8436  0.7441
    96    76   136  2.8424  0.7387
   112    74   132  2.8402  0.7412
   112    69   135  2.8395  0.7385
    96    75   134  2.8393  0.7393
   112    69   134  2.8386  0.7390
   112    71   136  2.8378  0.7371
   112    82   135  2.8363  0.7374
   105    84   137  2.8333  0.7347
    96    72   130  2.8321  0.7401
    96    75   136  2.8320  0.7350
    96    76   134  2.8288  0.7356
    96    74   132  2.8258  0.7362
   112    80   136  2.8211  0.7312
   110    68   136  2.8207  0.7311
    96    77   132  2.8200  0.7341
   105    68   131  2.8193  0.7347
   104    68   131  2.8174  0.7340
   110    84   137  2.8171  0.7290
   103    83   138  2.8167  0.7281
    96    77   136  2.8154  0.7292
    96    82   135  2.8149  0.7299
   104    81   138  2.8132  0.7269
   112    72   131  2.8119  0.7321
   110    84   138  2.8114  0.7262
   112    69   130  2.8100  0.7323
    96    74   134  2.8098  0.7289
   106    68   131  2.8042  0.7294
   105    68   132  2.8016  0.7277
   112    81   133  2.8008  0.7266
   109    84   133  2.8008  0.7266
   112    79   132  2.7999  0.7271
   103    68   131  2.7991  0.7276
    96    72   131  2.7978  0.7272
    96    78   133  2.7951  0.7246
   100    68   135  2.7941  0.7226
   112    83   130  2.7927  0.7262
   104    68   132  2.7925  0.7245
   103    84   133  2.7923  0.7236
   112    82   131  2.7917  0.7250
   109    79   138  2.7916  0.7194
   110    84   135  2.7898  0.7211
   103    82   138  2.7894  0.7186
    96    78   130  2.7893  0.7250
    96    74   136  2.7888  0.7200
   111    81   138  2.7884  0.7183
   111    68   135  2.7862  0.7199
   108    79   138  2.7860  0.7174
   104    84   137  2.7856  0.7181
   112    73   132  2.7854  0.7220
   112    79   134  2.7852  0.7203
   106    68   132  2.7837  0.7214
   103    84   138  2.7827  0.7163
   111    82   138  2.7823  0.7161
   112    70   133  2.7785  0.7188
   110    68   133  2.7765  0.7181
    96    77   134  2.7750  0.7168
   100    68   136  2.7717  0.7140
   107    68   131  2.7711  0.7178
   100    84   131  2.7682  0.7168
   105    80   138  2.7671  0.7109
    96    72   133  2.7654  0.7142
   106    84   132  2.7653  0.7150
   102    68   131  2.7640  0.7153
    97    84   135  2.7631  0.7119
   111    84   130  2.7621  0.7155
   110    79   138  2.7585  0.7079
   103    68   132  2.7581  0.7125
   111    80   138  2.7555  0.7069
   105    84   132  2.7551  0.7115
   106    84   136  2.7538  0.7079
   112    70   136  2.7524  0.7073
   111    84   131  2.7521  0.7112
   112    68   134  2.7502  0.7082
    96    78   136  2.7495  0.7063
   111    84   137  2.7470  0.7047
    96    72   135  2.7469  0.7062
   100    68   133  2.7466  0.7077
    96    78   131  2.7466  0.7093
   107    84   132  2.7455  0.7081
   107    79   138  2.7453  0.7034
    96    73   132  2.7448  0.7079
    96    73   134  2.7446  0.7062
   105    84   136  2.7395  0.7029
   107    68   132  2.7382  0.7056
   111    83   138  2.7376  0.7007
   107    84   136  2.7361  0.7017
    99    68   130  2.7351  0.7061
   112    80   132  2.7338  0.7041
   112    82   137  2.7324  0.6997
   112    81   137  2.7318  0.6995
    96    83   135  2.7284  0.6999
   103    84   137  2.7278  0.6981
   100    68   134  2.7268  0.7001
    96    78   132  2.7247  0.7009
   103    84   130  2.7219  0.7016
   108    68   131  2.7192  0.6998
    96    73   136  2.7189  0.6959
   112    83   135  2.7173  0.6961
   112    71   131  2.7159  0.6987
   104    84   132  2.7146  0.6975
   101    68   131  2.7105  0.6968
   112    72   132  2.7090  0.6955
   112    83   137  2.7061  0.6907
   112    80   137  2.7038  0.6899
   112    68   130  2.7011  0.6944
   102    68   132  2.7006  0.6926
   103    81   138  2.7003  0.6880
   112    81   136  2.6999  0.6894
   108    84   132  2.6979  0.6917
   104    84   136  2.6956  0.6879
   112    68   135  2.6944  0.6882
   112    82   133  2.6943  0.6897
    96    71   130  2.6933  0.6917
   110    84   133  2.6908  0.6885
   111    84   135  2.6890  0.6864
   111    79   138  2.6868  0.6834
   108    84   136  2.6860  0.6846
   111    68   136  2.6846  0.6841
   112    83   131  2.6837  0.6876
   112    69   133  2.6833  0.6859
   102    83   138  2.6812  0.6815
   111    68   133  2.6788  0.6844
    96    78   134  2.6775  0.6832
   106    79   138  2.6761  0.6798
   112    80   134  2.6753  0.6825
   112    84   130  2.6743  0.6852
    96    71   131  2.6688  0.6825
   104    80   138  2.6682  0.6771
   102    84   133  2.6672  0.6805
   108    68   132  2.6664  0.6809
   102    84   137  2.6622  0.6758
   102    82   138  2.6591  0.6740
   111    84   138  2.6588  0.6739
   112    84   137  2.6542  0.6731
    99    68   135  2.6538  0.6744
   112    69   136  2.6537  0.6737
   112    81   132  2.6502  0.6754
    96    79   133  2.6500  0.6746
   112    79   137  2.6492  0.6714
   109    68   131  2.6489  0.6758
    96    79   136  2.6476  0.6716
    96    72   134  2.6475  0.6730
   103    84   132  2.6456  0.6739
   102    84   138  2.6455  0.6694
   109    78   138  2.6439  0.6689
   100    68   131  2.6365  0.6715
    96    71   133  2.6364  0.6700
    96    84   135  2.6358  0.6683
   112    81   138  2.6358  0.6662
   110    78   138  2.6346  0.6658
    96    72   132  2.6331  0.6696
    96    72   136  2.6284  0.6651
    99    68   136  2.6282  0.6651
   103    84   136  2.6270  0.6647
   109    84   132  2.6261  0.6673
   112    80   138  2.6240  0.6622
   101    68   132  2.6224  0.6660
    99    68   133  2.6194  0.6643
   108    78   138  2.6183  0.6603
    96    71   135  2.6147  0.6612
   112    82   138  2.6146  0.6591
   112    71   132  2.6125  0.6627
   112    70   131  2.6085  0.6621
   112    76   129  2.6071  0.6631
   112    77   129  2.6068  0.6630
   109    84   136  2.6067  0.6578
    96    79   131  2.6053  0.6610
   101    84   137  2.5908  0.6518
    96    79   130  2.5902  0.6566
   111    78   138  2.5892  0.6506
    96    79   132  2.5886  0.6546
   105    79   138  2.5873  0.6500
   112    84   135  2.5849  0.6513
   112    75   129  2.5813  0.6544
   112    79   138  2.5807  0.6478
   102    81   138  2.5780  0.6469
   112    83   133  2.5759  0.6497
   112    78   129  2.5739  0.6519
   112    84   131  2.5729  0.6501
    99    68   134  2.5721  0.6477
   109    68   132  2.5720  0.6491
   112    68   133  2.5718  0.6483
   111    84   133  2.5714  0.6482
   112    78   137  2.5698  0.6448
   102    84   130  2.5673  0.6489
   107    78   138  2.5622  0.6416
   112    83   138  2.5621  0.6416
   110    68   131  2.5618  0.6464
   112    82   136  2.5612  0.6427
   103    80   138  2.5594  0.6407
    98    68   130  2.5556  0.6450
   102    84   132  2.5518  0.6424
   112    82   132  2.5508  0.6420
   112    81   134  2.5439  0.6383
    96    79   134  2.5409  0.6373
   112    68   136  2.5406  0.6359
   102    84   136  2.5400  0.6357
    99    68   131  2.5399  0.6391
   101    83   138  2.5369  0.6333
   112    74   129  2.5369  0.6395
   110    84   132  2.5347  0.6367
    96    70   130  2.5333  0.6376
   100    68   132  2.5256  0.6337
   101    84   133  2.5242  0.6325
   101    82   138  2.5226  0.6286
    96    71   136  2.5221  0.6297
    96    71   134  2.5219  0.6310
    96    80   136  2.5183  0.6285
   100    84   137  2.5147  0.6267
    99    84   131  2.5121  0.6299
   112    78   138  2.5103  0.6245
    96    70   131  2.5068  0.6281
   112    79   129  2.5045  0.6288
   110    84   136  2.5036  0.6237
   105    85   131  3.3070  0.9152
   104    85   131  3.2825  0.9057
   106    85   131  3.2781  0.9040
   106    67   130  3.2508  0.8945
   105    67   130  3.2445  0.8921
   107    67   130  3.2158  0.8811
   107    85   131  3.2046  0.8758
   103    85   131  3.1984  0.8734
   104    67   130  3.1981  0.8744
   108    67   130  3.1403  0.8525
   103    67   130  3.1154  0.8431
   113    75   135  3.1069  0.8351
   113    74   135  3.0983  0.8319
   113    76   135  3.0978  0.8317
   108    85   131  3.0959  0.8349
   113    77   135  3.0723  0.8223
   113    73   135  3.0706  0.8217
   102    85   131  3.0547  0.8196
   106    67   134  3.0436  0.8127
   105    67   136  3.0343  0.8074
   105    67   134  3.0340  0.8091
   113    78   135  3.0310  0.8071
   109    67   130  3.0287  0.8110
   107    67   134  3.0281  0.8070
   113    72   135  3.0222  0.8039
   106    67   136  3.0216  0.8028
   104    67   136  3.0134  0.7998
   102    67   130  3.0014  0.8009
   104    67   134  2.9974  0.7958
   108    67   134  2.9900  0.7931
   103    85   135  2.9876  0.7913
   102    85   135  2.9818  0.7892
   107    67   136  2.9761  0.7863
   104    85   135  2.9746  0.7866
   113    79   135  2.9742  0.7865
   113    77   130  2.9738  0.7909
   113    78   130  2.9697  0.7894
   113    76   130  2.9655  0.7879
   109    85   131  2.9604  0.7851
   103    67   136  2.9597  0.7804
   101    85   135  2.9556  0.7798
   113    71   135  2.9517  0.7784
   113    79   130  2.9498  0.7822
   113    75   130  2.9478  0.7815
   107    85   138  2.9456  0.7736
   105    85   135  2.9453  0.7761
   105    67   135  2.9441  0.7757
   113    77   131  2.9431  0.7788
   106    85   138  2.9415  0.7721
   113    76   131  2.9355  0.7761
   103    67   134  2.9326  0.7724
   113    76   133  2.9319  0.7730
   104    67   135  2.9315  0.7711
   109    67   134  2.9310  0.7718
   106    67   135  2.9306  0.7708
   113    75   133  2.9283  0.7717
   113    78   131  2.9230  0.7716
   113    74   130  2.9227  0.7724
   113    77   133  2.9162  0.7674
   113    80   130  2.9113  0.7683
   100    85   135  2.9089  0.7631
   113    74   133  2.9061  0.7638
   108    85   138  2.9056  0.7593
   113    75   131  2.9024  0.7642
   106    85   135  2.9024  0.7607
   113    80   135  2.9022  0.7607
   108    67   136  2.9011  0.7594
   105    85   138  2.8951  0.7556
   107    67   135  2.8938  0.7577
    95    77   135  2.8917  0.7569
   103    67   135  2.8914  0.7568
   113    73   130  2.8902  0.7607
   110    67   130  2.8887  0.7602
   113    76   136  2.8851  0.7538
   113    75   136  2.8816  0.7525
   113    78   133  2.8808  0.7548
    95    78   135  2.8801  0.7528
   113    74   134  2.8781  0.7529
    95    76   135  2.8781  0.7521
   102    67   136  2.8762  0.7506
   113    79   131  2.8755  0.7546
   113    73   134  2.8730  0.7512
   113    75   134  2.8690  0.7497
   113    73   133  2.8666  0.7497
   113    77   136  2.8651  0.7467
   101    67   130  2.8625  0.7508
   101    85   131  2.8585  0.7486
   113    70   135  2.8580  0.7450
   113    74   136  2.8572  0.7439
   113    72   134  2.8549  0.7447
   113    81   130  2.8532  0.7476
   110    67   134  2.8525  0.7439
   105    67   133  2.8518  0.7445
   113    72   130  2.8488  0.7460
   113    74   131  2.8477  0.7447
   107    85   135  2.8475  0.7413
    95    79   135  2.8465  0.7409
   106    67   133  2.8455  0.7423
   113    76   134  2.8430  0.7405
    99    85   135  2.8428  0.7396
   102    67   134  2.8396  0.7394
   108    67   135  2.8382  0.7380
    95    75   135  2.8374  0.7377
   104    67   133  2.8364  0.7391
   107    85   137  2.8295  0.7334
    95    75   130  2.8290  0.7390
   113    79   133  2.8261  0.7354
   108    85   137  2.8257  0.7320
   102    67   135  2.8236  0.7329
   109    85   138  2.8232  0.7304
   113    71   134  2.8227  0.7334
   113    78   136  2.8197  0.7307
   107    67   133  2.8188  0.7329
   113    81   135  2.8154  0.7300
   113    73   136  2.8146  0.7289
   106    85   137  2.8135  0.7278
   113    72   133  2.8115  0.7303
   104    85   138  2.8112  0.7262
    95    74   130  2.8054  0.7307
   110    85   131  2.8052  0.7297
   113    80   131  2.8037  0.7292
   109    67   136  2.8010  0.7242
   109    85   137  2.7995  0.7229
   103    67   133  2.7981  0.7256
    95    75   133  2.7972  0.7253
   113    77   134  2.7969  0.7244
    95    76   130  2.7961  0.7274
   113    71   130  2.7957  0.7272
    95    80   135  2.7952  0.7230
    95    75   131  2.7928  0.7254
    95    76   133  2.7849  0.7210
    95    74   131  2.7826  0.7219
   108    85   135  2.7817  0.7183
   105    85   137  2.7812  0.7165
   106    85   133  2.7770  0.7183
   113    82   130  2.7766  0.7206
   113    73   131  2.7757  0.7194
   113    70   134  2.7741  0.7164
   108    67   133  2.7730  0.7169
    95    74   135  2.7694  0.7140
   109    67   135  2.7689  0.7138
   101    67   136  2.7669  0.7124
   113    76   132  2.7652  0.7150
    95    74   133  2.7641  0.7138
   107    85   133  2.7627  0.7133
   107    85   130  2.7610  0.7151
    98    85   135  2.7586  0.7103
   108    85   130  2.7568  0.7137
    95    76   131  2.7567  0.7128
   113    72   136  2.7564  0.7087
   113    75   132  2.7559  0.7117
   111    67   134  2.7551  0.7099
   105    85   133  2.7536  0.7101
   113    80   133  2.7535  0.7101
   113    77   132  2.7517  0.7103
   110    85   137  2.7493  0.7055
   113    79   136  2.7485  0.7060
   113    71   133  2.7425  0.7063
   113    69   135  2.7408  0.7041
   102    67   133  2.7360  0.7041
   104    85   137  2.7359  0.7009
   106    85   130  2.7357  0.7063
    95    73   130  2.7338  0.7057
   111    67   130  2.7311  0.7047
    95    81   135  2.7308  0.7007
   101    67   135  2.7291  0.7001
   113    78   134  2.7283  0.7006
   109    85   130  2.7280  0.7036
   113    70   130  2.7276  0.7035
    95    73   131  2.7271  0.7026
    95    77   133  2.7246  0.7001
   113    74   132  2.7224  0.7001
   101    67   134  2.7193  0.6975
   113    78   132  2.7174  0.6984
   113    82   135  2.7149  0.6952
   108    85   133  2.7136  0.6963
   113    81   131  2.7132  0.6978
   109    67   133  2.7098  0.6950
   113    69   134  2.7063  0.6931
   109    85   135  2.7059  0.6922
   100    67   130  2.7053  0.6958
    95    75   134  2.7043  0.6924
   110    85   138  2.7032  0.6890
    95    77   130  2.7026  0.6949
    95    76   134  2.6973  0.6900
   103    85   138  2.6970  0.6869
   104    85   133  2.6935  0.6894
    95    76   136  2.6931  0.6870
   110    67   135  2.6910  0.6871
    95    73   133  2.6907  0.6885
   113    72   131  2.6902  0.6898
   113    83   130  2.6850  0.6888
   113    71   136  2.6847  0.6842
    95    75   136  2.6828  0.6835
   110    67   136  2.6817  0.6832
   103    85   137  2.6807  0.6821
   110    85   130  2.6805  0.6873
   105    85   130  2.6779  0.6864
    95    75   132  2.6774  0.6847
    95    77   131  2.6760  0.6850
   111    85   137  2.6753  0.6802
    95    73   135  2.6753  0.6817
    95    76   132  2.6720  0.6829
    95    74   134  2.6689  0.6803
    95    77   136  2.6661  0.6779
   113    73   132  2.6650  0.6805
   113    81   133  2.6648  0.6797
   113    79   132  2.6646  0.6803
   113    70   133  2.6608  0.6783
   105    67   131  2.6601  0.6796
    95    82   135  2.6573  0.6756
    97    85   135  2.6569  0.6755
   104    67   131  2.6553  0.6779
   113    80   136  2.6536  0.6736
   101    67   133  2.6499  0.6746
   113    81   137  2.6491  0.6714
    95    77   134  2.6458  0.6725
   106    67   131  2.6457  0.6747
   113    69   130  2.6418  0.6741
   112    67   134  2.6397  0.6704
    95    74   132  2.6392  0.6717
    95    74   136  2.6389  0.6686
   111    85   131  2.6374  0.6718
   109    85   133  2.6366  0.6701
   113    82   137  2.6365  0.6671
   113    79   134  2.6364  0.6693
   100    67   136  2.6359  0.6677
   113    80   137  2.6355  0.6668
   103    67   131  2.6315  0.6698
   110    67   133  2.6313  0.6683
    95    72   131  2.6290  0.6690
   100    85   131  2.6245  0.6675
    95    72   130  2.6240  0.6680
   110    85   135  2.6221  0.6637
    95    77   132  2.6205  0.6654
   111    85   130  2.6202  0.6668
    95    78   133  2.6188  0.6641
   102    85   137  2.6178  0.6609
   113    68   134  2.6176  0.6630
   105    67   132  2.6123  0.6626
   107    67   131  2.6117  0.6631
   113    82   131  2.6107  0.6628
   100    67   135  2.6098  0.6596
   111    67   135  2.6086  0.6592
   104    67   132  2.6034  0.6596
   113    83   135  2.6027  0.6572
    95    78   136  2.6017  0.6562
   103    85   133  2.6015  0.6583
   113    70   136  2.6007  0.6558
   113    68   135  2.6002  0.6564
   113    83   137  2.5997  0.6548
   113    80   132  2.5957  0.6570
    95    73   134  2.5948  0.6553
   113    79   137  2.5947  0.6531
   106    67   132  2.5945  0.6566
   113    71   131  2.5934  0.6570
   102    67   131  2.5884  0.6553
   104    85   130  2.5871  0.6556
   113    72   132  2.5856  0.6537
   113    84   130  2.5838  0.6545
    95    72   133  2.5836  0.6523
   112    85   137  2.5793  0.6480
    95    83   135  2.5773  0.6487
   100    67   134  2.5737  0.6482
   106    85   132  2.5708  0.6487
   103    67   132  2.5686  0.6480
   112    67   130  2.5684  0.6493
   113    69   133  2.5666  0.6466
    95    73   136  2.5666  0.6445
   113    82   133  2.5629  0.6453
    95    73   132  2.5627  0.6460
   102    85   138  2.5622  0.6416
   108    67   131  2.5581  0.6452
   107    85   132  2.5580  0.6444
   105    85   132  2.5576  0.6443
    95    72   135  2.5573  0.6421
    95    78   131  2.5558  0.6444
   111    85   138  2.5535  0.6388
   112    85   130  2.5520  0.6439
    95    78   134  2.5512  0.6407
    95    78   130  2.5510  0.6435
   107    67   132  2.5500  0.6417
   111    67   136  2.5495  0.6388
   101    85   137  2.5488  0.6379
   106    85   136  2.5438  0.6369
   113    84   137  2.5415  0.6355
   111    67   133  2.5407  0.6380
   110    85   133  2.5406  0.6379
   100    67   133  2.5400  0.6377
   113    81   136  2.5389  0.6353
    96    85   135  2.5375  0.6355
   113    68   130  2.5365  0.6387
    99    67   130  2.5358  0.6384
   111    85   135  2.5330  0.6340
   107    85   136  2.5294  0.6321
   105    85   136  2.5293  0.6321
   113    78   137  2.5271  0.6307
    95    78   132  2.5254  0.6336
   101    67   131  2.5249  0.6341
   112    67   135  2.5239  0.6310
   113    80   134  2.5227  0.6313
   108    85   132  2.5202  0.6318
   104    85   132  2.5186  0.6313
   113    76   129  2.5129  0.6315
   113    81   132  2.5127  0.6294
   113    77   129  2.5125  0.6314
   102    67   132  2.5100  0.6285
   113    67   134  2.5080  0.6265
   113    69   136  2.5049  0.6241
    95    79   136  2.5043  0.6239
   113    83   131  2.5031  0.6269
   105    86   131  3.1469  0.8540
   106    86   131  3.1231  0.8450
   104    86   131  3.1200  0.8438
   107    86   131  3.0568  0.8204
   103    86   131  3.0367  0.8129
   106    66   130  3.0310  0.8118
   105    66   130  3.0211  0.8082
   114    75   135  3.0065  0.7982
   107    66   130  3.0017  0.8011
   114    74   135  2.9992  0.7955
   114    76   135  2.9942  0.7937
   104    66   130  2.9733  0.7907
   114    73   135  2.9710  0.7853
   114    77   135  2.9638  0.7827
   108    86   131  2.9567  0.7837
   108    66   130  2.9346  0.7767
   114    72   135  2.9210  0.7674
   114    78   135  2.9170  0.7659
   106    66   134  2.9061  0.7629
   102    86   131  2.8970  0.7623
   105    66   134  2.8937  0.7585
   107    66   134  2.8922  0.7580
   103    66   130  2.8907  0.7609
   105    66   136  2.8664  0.7471
   114    79   135  2.8551  0.7440
   108    66   134  2.8550  0.7448
   104    66   134  2.8528  0.7440
   106    66   136  2.8516  0.7419
   114    71   135  2.8489  0.7418
   104    66   136  2.8476  0.7405
   114    77   130  2.8361  0.7415
   109    66   130  2.8339  0.7407
   114    78   130  2.8304  0.7395
   109    86   131  2.8303  0.7386
   114    76   130  2.8293  0.7391
   102    86   135  2.8168  0.7305
   114    76   133  2.8123  0.7306
   114    75   130  2.8120  0.7330
   103    86   135  2.8118  0.7288
   114    75   133  2.8105  0.7300
   114    79   130  2.8102  0.7324
   107    86   138  2.8087  0.7253
   106    86   138  2.8068  0.7246
   107    66   136  2.8050  0.7256
   101    86   135  2.8022  0.7254
   109    66   134  2.7967  0.7243
   103    66   136  2.7956  0.7223
   114    77   133  2.7939  0.7242
   114    77   131  2.7934  0.7256
   114    76   131  2.7929  0.7254
   104    86   135  2.7895  0.7210
   114    74   133  2.7891  0.7225
   114    74   130  2.7853  0.7236
   103    66   134  2.7821  0.7192
   114    80   135  2.7798  0.7176
   102    66   130  2.7782  0.7211
   114    80   130  2.7744  0.7198
   108    86   138  2.7683  0.7113
   100    86   135  2.7672  0.7133
   114    78   131  2.7655  0.7159
   114    75   131  2.7654  0.7158
   105    86   138  2.7639  0.7098
   114    78   133  2.7560  0.7110
   114    70   135  2.7548  0.7090
   105    86   135  2.7530  0.7083
   114    73   130  2.7495  0.7111
   114    73   133  2.7492  0.7086
   114    74   134  2.7432  0.7058
   107    86   137  2.7381  0.7017
   114    73   134  2.7368  0.7035
   114    75   134  2.7338  0.7025
   108    86   137  2.7329  0.6999
   108    66   136  2.7304  0.6998
   106    86   137  2.7238  0.6968
   114    81   130  2.7225  0.7017
   110    66   134  2.7189  0.6974
   114    75   136  2.7187  0.6958
   114    76   136  2.7186  0.6957
   105    66   135  2.7184  0.6965
   114    72   134  2.7161  0.6964
   114    74   131  2.7144  0.6982
   102    66   136  2.7129  0.6938
    99    86   135  2.7123  0.6943
   114    79   131  2.7107  0.6969
   104    66   135  2.7088  0.6931
   101    86   131  2.7078  0.6959
   110    66   130  2.7068  0.6963
   114    76   134  2.7057  0.6928
   106    86   135  2.7056  0.6920
   109    86   137  2.7053  0.6905
   114    72   130  2.7039  0.6953
   106    66   135  2.7032  0.6912
    94    77   135  2.7024  0.6909
   114    79   133  2.6999  0.6916
   114    74   136  2.6979  0.6887
   114    77   136  2.6958  0.6879
   105    86   137  2.6938  0.6865
    94    78   135  2.6929  0.6877
   114    72   133  2.6929  0.6892
   114    81   135  2.6925  0.6876
   109    86   138  2.6878  0.6837
    94    76   135  2.6862  0.6854
   110    86   131  2.6846  0.6879
   104    86   138  2.6844  0.6826
   102    66   134  2.6813  0.6845
   114    71   134  2.6810  0.6844
   103    66   135  2.6720  0.6806
   107    66   135  2.6666  0.6787
    94    79   135  2.6618  0.6771
   114    73   136  2.6586  0.6753
   114    82   130  2.6559  0.6789
   114    77   134  2.6558  0.6759
   110    86   137  2.6541  0.6731
   104    86   137  2.6516  0.6722
   107    86   135  2.6496  0.6730
   114    78   136  2.6493  0.6722
   114    76   132  2.6470  0.6743
   114    71   130  2.6467  0.6757
   114    73   131  2.6443  0.6742
    94    75   135  2.6422  0.6705
   101    66   130  2.6421  0.6742
   105    66   133  2.6400  0.6712
   106    66   133  2.6395  0.6711
   114    75   132  2.6395  0.6718
   114    69   135  2.6393  0.6695
    98    86   135  2.6382  0.6691
   114    80   131  2.6333  0.6704
   109    66   136  2.6331  0.6667
   114    70   134  2.6299  0.6671
   114    77   132  2.6299  0.6685
   114    80   133  2.6273  0.6669
   111    66   134  2.6226  0.6646
   114    71   133  2.6226  0.6654
   107    66   133  2.6186  0.6640
   104    66   133  2.6185  0.6640
    94    80   135  2.6138  0.6609
   108    66   135  2.6134  0.6608
    94    75   133  2.6100  0.6611
   102    66   135  2.6076  0.6589
   114    74   132  2.6059  0.6605
   114    72   136  2.6034  0.6567
   101    66   136  2.6030  0.6566
   103    86   137  2.6005  0.6551
    94    76   133  2.5990  0.6574
    94    75   131  2.5973  0.6583
   114    82   135  2.5952  0.6547
   106    86   133  2.5927  0.6553
    94    75   130  2.5924  0.6574
   114    78   132  2.5911  0.6555
    94    74   131  2.5874  0.6550
   108    86   135  2.5865  0.6518
   107    86   133  2.5834  0.6522
   114    78   134  2.5827  0.6512
   114    79   136  2.5799  0.6489
   111    86   137  2.5798  0.6482
   108    66   133  2.5796  0.6509
   114    83   130  2.5777  0.6524
   114    70   130  2.5759  0.6518
   103    86   138  2.5758  0.6461
    94    74   133  2.5748  0.6493
    94    74   130  2.5741  0.6512
   103    66   133  2.5737  0.6489
   110    86   138  2.5727  0.6451
    94    74   135  2.5700  0.6463
   105    86   133  2.5691  0.6474
   111    66   130  2.5634  0.6476
   114    69   134  2.5607  0.6439
   108    86   130  2.5604  0.6467
   114    72   131  2.5594  0.6456
    94    76   131  2.5584  0.6453
    94    76   130  2.5542  0.6446
    94    81   135  2.5537  0.6409
   101    66   134  2.5518  0.6409
   109    86   130  2.5511  0.6435
   114    80   137  2.5502  0.6384
   109    66   135  2.5491  0.6394
   114    81   137  2.5491  0.6380
    94    75   134  2.5476  0.6395
   107    86   130  2.5476  0.6424
   114    73   132  2.5473  0.6409
    94    76   134  2.5461  0.6390
    97    86   135  2.5452  0.6381
   108    86   133  2.5437  0.6389
   102    86   137  2.5425  0.6358
   114    70   133  2.5406  0.6379
   114    81   133  2.5405  0.6379
    94    77   133  2.5403  0.6378
   114    81   131  2.5396  0.6390
    94    76   136  2.5348  0.6340
   114    71   136  2.5347  0.6339
   114    79   132  2.5346  0.6366
    94    73   131  2.5293  0.6356
   111    86   131  2.5265  0.6346
   109    66   133  2.5246  0.6326
   110    86   130  2.5238  0.6345
   114    79   137  2.5237  0.6296
   114    82   137  2.5232  0.6295
    94    75   136  2.5227  0.6299
   110    66   136  2.5188  0.6287
   109    86   135  2.5174  0.6289
   101    66   135  2.5164  0.6285
   104    86   133  2.5139  0.6291
    94    77   136  2.5105  0.6259
   106    86   130  2.5095  0.6297
   112    66   134  2.5086  0.6267
    94    73   130  2.5067  0.6288
    94    74   134  2.5057  0.6257
   102    66   133  2.5052  0.6262
   114    68   135  2.5033  0.6242
    94    77   134  2.5001  0.6238
   105    87   131  2.9793  0.7919
   106    87   131  2.9619  0.7856
   104    87   131  2.9502  0.7814
   107    87   131  2.9052  0.7652
   115    75   135  2.9048  0.7616
   115    74   135  2.8986  0.7594
   115    76   135  2.8895  0.7562
   115    73   135  2.8698  0.7492
   103    87   131  2.8697  0.7526
   115    77   135  2.8548  0.7439
   115    72   135  2.8181  0.7310
   108    87   131  2.8166  0.7337
   115    78   135  2.8030  0.7257
   106    65   130  2.7797  0.7217
   105    65   130  2.7674  0.7173
   107    65   130  2.7565  0.7136
   115    71   135  2.7443  0.7054
   106    65   134  2.7437  0.7059
   102    87   131  2.7378  0.7062
   115    79   135  2.7367  0.7027
   107    65   134  2.7330  0.7022
   105    65   134  2.7273  0.7003
   104    65   130  2.7202  0.7010
   115    77   130  2.7043  0.6955
   109    87   131  2.7026  0.6941
   115    76   130  2.7005  0.6942
   108    65   130  2.6993  0.6938
   108    65   134  2.6982  0.6903
   115    76   133  2.6965  0.6905
   115    78   130  2.6959  0.6926
   115    75   133  2.6945  0.6898
   115    75   130  2.6852  0.6889
   104    65   134  2.6811  0.6845
   115    77   133  2.6781  0.6842
   115    79   130  2.6749  0.6854
   115    74   133  2.6723  0.6822
   105    65   136  2.6598  0.6757
   115    74   130  2.6592  0.6800
   115    80   135  2.6586  0.6761
   107    87   138  2.6508  0.6712
   115    70   135  2.6497  0.6730
   106    87   138  2.6496  0.6708
   102    87   135  2.6485  0.6726
   115    76   131  2.6471  0.6751
   101    87   135  2.6453  0.6716
   106    65   136  2.6444  0.6705
   104    65   136  2.6426  0.6699
   115    77   131  2.6425  0.6736
   109    65   134  2.6418  0.6711
   115    80   130  2.6409  0.6738
   103    65   130  2.6408  0.6737
   115    78   133  2.6401  0.6713
   103    87   135  2.6328  0.6673
   115    73   133  2.6312  0.6682
   115    75   131  2.6239  0.6673
   115    73   130  2.6225  0.6675
   100    87   135  2.6218  0.6636
   107    87   137  2.6188  0.6612
   108    87   137  2.6129  0.6592
   108    87   138  2.6125  0.6584
   109    65   130  2.6121  0.6640
   105    87   138  2.6102  0.6576
   115    78   131  2.6097  0.6625
   106    87   137  2.6064  0.6570
   115    74   134  2.6046  0.6586
   103    65   134  2.6039  0.6583
   104    87   135  2.6012  0.6567
   107    65   136  2.5990  0.6553
   115    75   134  2.5969  0.6560
   115    73   134  2.5951  0.6554
   115    81   130  2.5946  0.6581
   103    65   136  2.5925  0.6531
   109    87   137  2.5858  0.6502
   115    79   133  2.5844  0.6525
   105    87   137  2.5795  0.6481
    99    87   135  2.5776  0.6488
   115    74   131  2.5761  0.6512
   115    72   130  2.5750  0.6515
   115    72   133  2.5736  0.6489
   115    81   135  2.5714  0.6467
   115    72   134  2.5707  0.6472
   110    87   131  2.5694  0.6489
   115    76   134  2.5687  0.6466
   110    65   134  2.5659  0.6456
   115    75   136  2.5619  0.6429
   101    87   131  2.5606  0.6460
   115    76   136  2.5581  0.6416
   105    87   135  2.5575  0.6421
   115    79   131  2.5512  0.6428
   115    74   136  2.5455  0.6375
   104    87   137  2.5420  0.6356
   109    87   138  2.5375  0.6335
   115    82   130  2.5373  0.6389
   104    87   138  2.5368  0.6333
   110    87   137  2.5362  0.6337
   115    69   135  2.5357  0.6349
   102    65   130  2.5337  0.6377
   115    77   136  2.5330  0.6334
   115    71   134  2.5320  0.6344
   115    76   132  2.5294  0.6349
   108    65   136  2.5281  0.6317
   115    75   132  2.5233  0.6329
   115    77   134  2.5176  0.6296
   115    71   130  2.5158  0.6318
    98    87   135  2.5130  0.6274
   115    80   133  2.5130  0.6288
   102    65   136  2.5113  0.6262
   115    73   136  2.5110  0.6261
   115    77   132  2.5104  0.6286
   115    73   131  2.5082  0.6286
   106    87   135  2.5054  0.6249
   115    71   133  2.5026  0.6253
   110    65   130  2.5015  0.6270
   105    88   131  2.8153  0.7333
   106    88   131  2.8045  0.7295
   116    75   135  2.8031  0.7257
   116    74   135  2.7981  0.7240
   116    76   135  2.7849  0.7194
   104    88   131  2.7847  0.7226
   116    73   135  2.7689  0.7138
   107    88   131  2.7582  0.7133
   116    77   135  2.7459  0.7059
   116    72   135  2.7159  0.6956
   103    88   131  2.7085  0.6962
   116    78   135  2.6894  0.6865
   108    88   131  2.6823  0.6871
   116    71   135  2.6405  0.6699
   116    79   135  2.6191  0.6627
   102    88   131  2.5865  0.6547
   116    76   133  2.5851  0.6527
   109    88   131  2.5821  0.6532
   116    75   133  2.5811  0.6514
   116    76   130  2.5789  0.6528
   116    77   130  2.5785  0.6527
   116    77   133  2.5686  0.6472
   116    75   130  2.5675  0.6490
   116    78   130  2.5668  0.6488
   106    64   134  2.5590  0.6433
   116    74   133  2.5570  0.6434
   107    64   134  2.5531  0.6414
   116    70   135  2.5452  0.6380
   116    79   130  2.5443  0.6413
   116    74   130  2.5442  0.6412
   116    80   135  2.5387  0.6359
   105    64   134  2.5369  0.6360
   116    78   133  2.5327  0.6353
   108    64   134  2.5222  0.6312
   116    73   133  2.5142  0.6292
   116    80   130  2.5120  0.6305
   116    73   130  2.5090  0.6295
   106    64   130  2.5089  0.6295
   116    76   131  2.5049  0.6275
   117    75   135  2.7035  0.6913
   117    74   135  2.7005  0.6903
   117    76   135  2.6820  0.6840
   117    73   135  2.6717  0.6805
   105    89   131  2.6626  0.6804
   106    89   131  2.6575  0.6787
   117    77   135  2.6387  0.6693
   104    89   131  2.6314  0.6698
   107    89   131  2.6210  0.6663
   117    72   135  2.6180  0.6624
   117    78   135  2.5775  0.6488
   103    89   131  2.5605  0.6460
   108    89   131  2.5574  0.6449
   117    71   135  2.5416  0.6369
   117    79   135  2.5032  0.6242
   118    75   135  2.6089  0.6593
   118    74   135  2.6088  0.6593
   118    76   135  2.5833  0.6507
   118    73   135  2.5819  0.6503
   118    77   135  2.5352  0.6348
   118    72   135  2.5289  0.6327
   105    90   131  2.5238  0.6337
   106    90   131  2.5230  0.6335
   119    74   135  2.5258  0.6317
   119    75   135  2.5218  0.6303
   119    73   135  2.5022  0.6239
