#   X     Y     Z      S       D
   189   137   113  3.5481  1.0347
   190   137   113  3.5431  1.0326
   190   138   113  3.5400  1.0313
   189   136   113  3.5397  1.0312
   189   138   113  3.5350  1.0292
   188   137   113  3.5348  1.0291
   188   136   113  3.5348  1.0291
   190   136   113  3.5275  1.0261
   188   138   113  3.5112  1.0192
   190   138   112  3.0770  0.8471
   190   137   112  3.0627  0.8417
   190   136   112  3.0270  0.8281
   189   138   112  3.0101  0.8218
   189   137   112  2.9941  0.8158
   189   136   112  2.9549  0.8011
   188   138   112  2.9312  0.7923
   188   137   112  2.9120  0.7852
   188   136   112  2.8678  0.7690
   191   138   113  3.5310  1.0275
   191   137   113  3.5253  1.0251
   191   139   113  3.5202  1.0230
   190   139   113  3.5182  1.0222
   187   136   113  3.5089  1.0183
   188   135   113  3.5087  1.0182
   189   135   113  3.5084  1.0181
   191   136   113  3.5033  1.0160
   189   139   113  3.5014  1.0152
   187   137   113  3.4999  1.0145
   190   135   113  3.4920  1.0113
   187   135   113  3.4892  1.0101
   188   139   113  3.4653  1.0002
   187   138   113  3.4652  1.0002
   191   135   113  3.4643  0.9998
   187   139   113  3.4073  0.9764
   191   138   111  3.3018  0.9362
   191   137   111  3.2988  0.9350
   191   139   111  3.2879  0.9306
   190   137   111  3.2839  0.9290
   191   136   111  3.2784  0.9268
   190   136   111  3.2760  0.9259
   190   138   111  3.2741  0.9251
   189   136   111  3.2576  0.9185
   189   137   111  3.2536  0.9170
   190   135   111  3.2487  0.9150
   190   139   111  3.2472  0.9144
   189   135   111  3.2413  0.9121
   191   135   111  3.2389  0.9111
   189   138   111  3.2311  0.9081
   188   136   111  3.2225  0.9047
   188   135   111  3.2156  0.9019
   188   137   111  3.2079  0.8989
   189   139   111  3.1906  0.8922
   188   138   111  3.1731  0.8853
   187   135   111  3.1715  0.8847
   187   136   111  3.1713  0.8846
   187   137   111  3.1476  0.8754
   191   138   112  3.1366  0.8700
   191   139   112  3.1354  0.8696
   191   137   112  3.1220  0.8644
   188   139   111  3.1189  0.8643
   187   138   111  3.1016  0.8576
   191   136   112  3.0877  0.8512
   190   139   112  3.0734  0.8458
   187   139   111  3.0343  0.8320
   191   135   112  3.0298  0.8292
   189   139   112  3.0056  0.8201
   190   135   112  2.9665  0.8054
   188   139   112  2.9272  0.7908
   189   135   112  2.8900  0.7771
   187   138   112  2.8366  0.7576
   187   139   112  2.8343  0.7568
   187   137   112  2.8133  0.7492
   188   135   112  2.7974  0.7434
   187   136   112  2.7636  0.7313
   187   135   112  2.6880  0.7045
   192   138   113  3.5135  1.0202
   192   139   113  3.5124  1.0197
   192   137   113  3.5001  1.0146
   192   140   113  3.4948  1.0124
   191   140   113  3.4914  1.0110
   190   140   113  3.4768  1.0050
   192   136   113  3.4727  1.0033
   186   136   113  3.4607  0.9983
   188   134   113  3.4539  0.9955
   189   134   113  3.4518  0.9947
   186   135   113  3.4485  0.9933
   189   140   113  3.4469  0.9926
   186   137   113  3.4422  0.9907
   187   134   113  3.4378  0.9889
   190   134   113  3.4347  0.9876
   192   135   113  3.4305  0.9859
   191   134   113  3.4067  0.9762
   186   134   113  3.4023  0.9744
   188   140   113  3.3979  0.9725
   186   138   113  3.3968  0.9721
   192   134   113  3.3722  0.9621
   187   140   113  3.3278  0.9442
   186   139   113  3.3278  0.9442
   192   138   111  3.3155  0.9416
   192   139   111  3.3139  0.9410
   192   137   111  3.3001  0.9355
   192   140   111  3.2948  0.9334
   192   136   111  3.2670  0.9223
   191   140   111  3.2564  0.9181
   186   140   113  3.2380  0.9085
   192   135   111  3.2148  0.9016
   189   134   111  3.2026  0.8968
   190   140   111  3.2024  0.8968
   190   134   111  3.1997  0.8957
   192   139   112  3.1952  0.8928
   192   138   112  3.1930  0.8920
   192   140   112  3.1857  0.8891
   188   134   111  3.1849  0.8899
   191   134   111  3.1783  0.8873
   192   137   112  3.1762  0.8854
   187   134   111  3.1469  0.8751
   192   134   111  3.1419  0.8732
   192   136   112  3.1409  0.8717
   189   140   111  3.1316  0.8692
   191   140   112  3.1211  0.8641
   186   135   111  3.1104  0.8610
   186   136   111  3.1049  0.8589
   186   134   111  3.0899  0.8531
   192   135   112  3.0830  0.8494
   186   137   111  3.0740  0.8470
   190   140   112  3.0546  0.8386
   188   140   111  3.0453  0.8361
   186   138   111  3.0185  0.8260
   192   134   112  2.9997  0.8179
   189   140   112  2.9828  0.8116
   187   140   111  2.9464  0.7989
   191   134   112  2.9457  0.7977
   186   139   111  2.9397  0.7964
   188   140   112  2.9017  0.7814
   190   134   112  2.8794  0.7732
   186   140   111  2.8391  0.7594
   187   140   112  2.8074  0.7470
   189   134   112  2.7985  0.7439
   186   138   112  2.7254  0.7177
   186   139   112  2.7251  0.7176
   188   134   112  2.7015  0.7092
   186   137   112  2.6980  0.7080
   186   140   112  2.6978  0.7079
   186   136   112  2.6435  0.6889
   187   134   112  2.5890  0.6699
   186   135   112  2.5642  0.6614
   193   139   113  3.4987  1.0141
   193   138   113  3.4920  1.0113
   193   140   113  3.4904  1.0106
   193   137   113  3.4723  1.0031
   193   141   113  3.4639  0.9996
   192   141   113  3.4581  0.9972
   191   141   113  3.4424  0.9908
   193   136   113  3.4401  0.9898
   190   141   113  3.4144  0.9793
   193   135   113  3.3949  0.9713
   185   136   113  3.3911  0.9698
   185   135   113  3.3871  0.9682
   189   141   113  3.3710  0.9616
   188   133   113  3.3683  0.9606
   189   133   113  3.3680  0.9604
   185   137   113  3.3634  0.9586
   190   133   113  3.3536  0.9546
   187   133   113  3.3526  0.9542
   185   134   113  3.3478  0.9523
   193   134   113  3.3351  0.9472
   191   133   113  3.3283  0.9444
   193   139   111  3.3281  0.9467
   193   140   111  3.3206  0.9437
   186   133   113  3.3200  0.9411
   193   138   111  3.3181  0.9427
   188   141   113  3.3091  0.9367
   185   138   113  3.3082  0.9364
   192   133   113  3.2957  0.9314
   193   141   111  3.2940  0.9330
   193   137   111  3.2908  0.9318
   185   133   113  3.2711  0.9216
   193   133   113  3.2588  0.9167
   192   141   111  3.2563  0.9180
   193   139   112  3.2543  0.9161
   193   140   112  3.2495  0.9142
   193   138   112  3.2479  0.9135
   193   136   111  3.2453  0.9137
   193   141   112  3.2346  0.9083
   185   139   113  3.2299  0.9053
   187   141   113  3.2280  0.9046
   193   137   112  3.2274  0.9054
   191   141   111  3.2051  0.8978
   193   136   112  3.1888  0.8903
   193   135   111  3.1805  0.8882
   192   141   112  3.1656  0.8813
   189   133   111  3.1389  0.8720
   190   141   111  3.1375  0.8715
   185   140   113  3.1318  0.8671
   186   141   113  3.1293  0.8662
   188   133   111  3.1287  0.8680
   193   135   112  3.1282  0.8668
   190   133   111  3.1268  0.8673
   187   133   111  3.0960  0.8555
   193   134   111  3.0952  0.8552
   191   141   112  3.0946  0.8539
   191   133   111  3.0946  0.8549
   189   141   111  3.0524  0.8388
   192   133   111  3.0468  0.8367
   193   134   112  3.0431  0.8343
   186   133   111  3.0427  0.8351
   185   135   111  3.0342  0.8319
   185   136   111  3.0250  0.8284
   190   141   112  3.0212  0.8260
   185   141   113  3.0171  0.8234
   185   134   111  3.0165  0.8252
   193   133   111  2.9888  0.8148
   185   137   111  2.9887  0.8147
   185   133   111  2.9724  0.8086
   188   141   111  2.9514  0.8008
   189   141   112  2.9428  0.7966
   193   133   112  2.9335  0.7932
   185   138   111  2.9258  0.7913
   192   133   112  2.8909  0.7774
   188   141   112  2.8559  0.7646
   187   141   111  2.8384  0.7592
   185   139   111  2.8379  0.7590
   191   133   112  2.8355  0.7572
   190   133   112  2.7664  0.7323
   187   141   112  2.7572  0.7290
   185   140   111  2.7272  0.7192
   186   141   111  2.7184  0.7161
   189   133   112  2.6825  0.7025
   186   141   112  2.6448  0.6893
   185   139   112  2.6010  0.6741
   185   138   112  2.5995  0.6736
   185   141   111  2.5967  0.6734
   188   133   112  2.5835  0.6681
   185   140   112  2.5737  0.6647
   185   137   112  2.5692  0.6631
   185   141   112  2.5190  0.6460
   185   136   112  2.5120  0.6436
   194   139   113  3.4813  1.0068
   194   140   113  3.4798  1.0062
   194   138   113  3.4688  1.0017
   194   141   113  3.4606  0.9983
   194   137   113  3.4443  0.9915
   194   142   113  3.4191  0.9812
   193   142   113  3.4149  0.9795
   194   136   113  3.4082  0.9768
   192   142   113  3.3988  0.9729
   191   142   113  3.3708  0.9615
   194   135   113  3.3598  0.9571
   194   140   111  3.3377  0.9506
   194   139   111  3.3344  0.9493
   190   142   113  3.3295  0.9449
   194   141   111  3.3221  0.9443
   194   138   111  3.3134  0.9408
   194   139   112  3.3113  0.9388
   194   140   112  3.3108  0.9386
   184   135   113  3.3073  0.9360
   184   136   113  3.3029  0.9342
   194   138   112  3.3001  0.9343
   194   141   112  3.3001  0.9343
   194   134   113  3.2976  0.9322
   194   142   111  3.2856  0.9297
   194   142   112  3.2785  0.9257
   184   134   113  3.2762  0.9236
   194   137   111  3.2747  0.9254
   194   137   112  3.2746  0.9241
   189   142   113  3.2729  0.9223
   184   137   113  3.2666  0.9198
   189   132   113  3.2557  0.9155
   188   132   113  3.2514  0.9138
   190   132   113  3.2470  0.9121
   193   142   111  3.2458  0.9139
   187   132   113  3.2334  0.9067
   194   136   112  3.2308  0.9068
   191   132   113  3.2272  0.9042
   194   133   113  3.2196  0.9013
   194   136   111  3.2174  0.9027
   193   142   112  3.2090  0.8982
   184   133   113  3.2077  0.8966
   184   138   113  3.2033  0.8949
   186   132   113  3.2017  0.8943
   188   142   113  3.1993  0.8933
   192   132   113  3.1984  0.8930
   192   142   111  3.1955  0.8941
   194   135   112  3.1653  0.8812
   193   132   113  3.1632  0.8792
   185   132   113  3.1575  0.8770
   194   135   111  3.1404  0.8726
   192   142   112  3.1339  0.8690
   191   142   111  3.1312  0.8690
   194   132   113  3.1230  0.8637
   184   139   113  3.1177  0.8617
   187   142   113  3.1088  0.8583
   184   132   113  3.1022  0.8557
   194   134   112  3.0761  0.8468
   191   142   112  3.0553  0.8389
   190   142   111  3.0500  0.8379
   189   132   111  3.0485  0.8373
   188   132   111  3.0450  0.8360
   194   134   111  3.0432  0.8353
   190   132   111  3.0281  0.8296
   187   132   111  3.0177  0.8256
   184   140   113  3.0142  0.8223
   186   142   113  3.0036  0.8184
   191   132   111  2.9868  0.8140
   190   142   112  2.9730  0.8079
   186   132   111  2.9687  0.8072
   194   133   112  2.9634  0.8043
   189   142   111  2.9512  0.8007
   184   135   111  2.9453  0.7985
   184   136   111  2.9333  0.7941
   184   134   111  2.9302  0.7929
   192   132   111  2.9293  0.7926
   194   133   111  2.9258  0.7913
   185   132   111  2.9023  0.7826
   184   141   113  2.8963  0.7785
   184   137   111  2.8933  0.7793
   184   133   111  2.8892  0.7778
   185   142   113  2.8881  0.7755
   189   142   112  2.8855  0.7755
   193   132   111  2.8616  0.7677
   188   142   111  2.8366  0.7585
   194   132   112  2.8299  0.7552
   184   138   111  2.8254  0.7545
   184   132   111  2.8236  0.7538
   193   132   112  2.8018  0.7450
   188   142   112  2.7903  0.7409
   194   132   111  2.7893  0.7414
   184   142   113  2.7669  0.7316
   192   132   112  2.7592  0.7297
   184   139   111  2.7314  0.7207
   187   142   111  2.7109  0.7134
   191   132   112  2.7024  0.7095
   187   142   112  2.6849  0.7034
   190   132   112  2.6314  0.6847
   184   140   111  2.6142  0.6794
   186   142   111  2.5801  0.6676
   186   142   112  2.5679  0.6627
   189   132   112  2.5466  0.6554
   195   140   113  3.4627  0.9991
   195   139   113  3.4603  0.9981
   195   141   113  3.4477  0.9930
   195   138   113  3.4443  0.9915
   195   137   113  3.4166  0.9802
   195   142   113  3.4105  0.9777
   195   136   113  3.3774  0.9642
   195   140   112  3.3658  0.9608
   195   139   112  3.3622  0.9593
   195   141   112  3.3583  0.9577
   194   143   113  3.3510  0.9536
   195   140   111  3.3493  0.9553
   195   143   113  3.3465  0.9518
   195   138   112  3.3461  0.9528
   195   141   111  3.3439  0.9531
   193   143   113  3.3399  0.9491
   195   142   112  3.3394  0.9501
   195   139   111  3.3359  0.9499
   195   135   113  3.3257  0.9434
   195   142   111  3.3179  0.9426
   195   137   112  3.3146  0.9401
   192   143   113  3.3141  0.9387
   195   143   112  3.3074  0.9372
   195   138   111  3.3046  0.9373
   191   143   113  3.2744  0.9229
   195   143   111  3.2688  0.9230
   195   136   112  3.2644  0.9201
   195   134   113  3.2601  0.9172
   195   137   111  3.2550  0.9175
   194   143   112  3.2441  0.9121
   194   143   111  3.2255  0.9059
   190   143   113  3.2207  0.9017
   183   135   113  3.2120  0.8983
   183   136   113  3.1992  0.8933
   195   135   112  3.1924  0.8917
   183   134   113  3.1903  0.8898
   195   136   111  3.1864  0.8905
   195   133   113  3.1784  0.8852
   193   143   111  3.1734  0.8854
   193   143   112  3.1702  0.8831
   183   137   113  3.1554  0.8763
   189   143   113  3.1523  0.8750
   183   133   113  3.1319  0.8672
   189   131   113  3.1153  0.8608
   190   131   113  3.1143  0.8604
   192   143   111  3.1100  0.8608
   188   131   113  3.1045  0.8566
   191   131   113  3.1015  0.8555
   195   135   111  3.0979  0.8562
   195   134   112  3.0971  0.8549
   192   143   112  3.0885  0.8516
   183   138   113  3.0858  0.8495
   187   131   113  3.0823  0.8482
   195   132   113  3.0783  0.8466
   192   131   113  3.0781  0.8465
   188   143   113  3.0688  0.8430
   186   131   113  3.0503  0.8360
   193   131   113  3.0456  0.8342
   183   132   113  3.0378  0.8312
   191   143   111  3.0323  0.8312
   185   131   113  3.0101  0.8208
   194   131   113  3.0051  0.8189
   191   143   112  3.0010  0.8184
   183   139   113  2.9954  0.8153
   195   134   111  2.9894  0.8150
   195   133   112  2.9794  0.8103
   187   143   113  2.9713  0.8063
   184   131   113  2.9633  0.8033
   195   131   113  2.9568  0.8009
   190   143   111  2.9381  0.7958
   188   131   111  2.9335  0.7941
   189   131   111  2.9307  0.7931
   187   131   111  2.9117  0.7860
   183   131   113  2.9110  0.7839
   190   143   112  2.9084  0.7839
   190   131   111  2.9034  0.7830
   183   140   113  2.8891  0.7759
   186   131   111  2.8680  0.7700
   186   143   113  2.8626  0.7662
   195   133   111  2.8616  0.7677
   191   131   111  2.8548  0.7652
   183   135   111  2.8468  0.7622
   195   132   112  2.8422  0.7597
   183   134   111  2.8345  0.7578
   183   136   111  2.8323  0.7570
   189   143   111  2.8269  0.7550
   189   143   112  2.8101  0.7480
   185   131   111  2.8072  0.7479
   183   133   111  2.7974  0.7443
   183   137   111  2.7900  0.7417
   192   131   111  2.7899  0.7416
   183   141   113  2.7707  0.7330
   185   143   113  2.7469  0.7245
   183   132   111  2.7373  0.7228
   184   131   111  2.7348  0.7219
   183   138   111  2.7196  0.7165
   195   132   111  2.7162  0.7153
   193   131   111  2.7150  0.7148
   188   143   112  2.7051  0.7105
   188   143   111  2.7010  0.7099
   195   131   112  2.6903  0.7053
   194   131   112  2.6804  0.7018
   183   131   111  2.6556  0.6939
   193   131   112  2.6532  0.6922
   183   142   113  2.6436  0.6881
   194   131   111  2.6356  0.6869
   184   143   113  2.6283  0.6828
   183   139   111  2.6229  0.6825
   192   131   112  2.6100  0.6772
   187   143   112  2.5919  0.6710
   187   143   111  2.5655  0.6626
   195   131   111  2.5556  0.6592
   191   131   112  2.5522  0.6573
   183   143   113  2.5100  0.6422
   183   140   111  2.5031  0.6413
   196   140   113  3.4378  0.9889
   196   139   113  3.4343  0.9874
   196   141   113  3.4240  0.9832
   196   138   113  3.4169  0.9803
   196   140   112  3.4098  0.9787
   196   141   112  3.4050  0.9767
   196   139   112  3.4023  0.9756
   196   142   113  3.3882  0.9686
   196   142   112  3.3880  0.9698
   196   137   113  3.3874  0.9683
   196   138   112  3.3809  0.9669
   196   141   111  3.3605  0.9598
   196   143   112  3.3574  0.9573
   196   140   111  3.3567  0.9583
   196   136   113  3.3457  0.9514
   196   142   111  3.3437  0.9530
   196   137   112  3.3430  0.9515
   196   139   111  3.3339  0.9490
   196   143   113  3.3257  0.9434
   196   144   112  3.3103  0.9384
   196   143   111  3.3042  0.9371
   196   138   111  3.2927  0.9325
   196   135   113  3.2905  0.9293
   196   136   112  3.2855  0.9285
   195   144   112  3.2592  0.9180
   194   144   113  3.2534  0.9146
   195   144   113  3.2526  0.9143
   196   144   111  3.2395  0.9114
   193   144   113  3.2361  0.9077
   196   144   113  3.2335  0.9068
   196   137   111  3.2329  0.9088
   196   134   113  3.2204  0.9016
   196   135   112  3.2060  0.8970
   192   144   113  3.2018  0.8943
   195   144   111  3.1943  0.8936
   194   144   112  3.1934  0.8921
   196   136   111  3.1536  0.8777
   191   144   113  3.1520  0.8749
   194   144   111  3.1395  0.8722
   196   133   113  3.1334  0.8677
   193   144   112  3.1149  0.8617
   182   135   113  3.1040  0.8564
   196   134   112  3.1035  0.8573
   182   134   113  3.0924  0.8520
   190   144   113  3.0877  0.8502
   182   136   113  3.0828  0.8483
   193   144   111  3.0746  0.8473
   196   135   111  3.0544  0.8396
   182   133   113  3.0461  0.8344
   182   137   113  3.0325  0.8292
   196   132   113  3.0272  0.8272
   192   144   112  3.0260  0.8278
   189   144   113  3.0096  0.8206
   192   144   111  2.9978  0.8182
   196   133   112  2.9795  0.8103
   182   132   113  2.9655  0.8041
   182   138   113  2.9583  0.8014
   190   130   113  2.9560  0.8006
   191   130   113  2.9508  0.7986
   189   130   113  2.9489  0.7979
   196   134   111  2.9353  0.7948
   192   130   113  2.9332  0.7921
   188   130   113  2.9309  0.7912
   191   144   112  2.9291  0.7915
   188   144   113  2.9187  0.7867
   191   144   111  2.9071  0.7844
   187   130   113  2.9041  0.7814
   193   130   113  2.9038  0.7813
   196   131   113  2.8994  0.7796
   186   130   113  2.8713  0.7693
   182   139   113  2.8654  0.7672
   194   130   113  2.8632  0.7664
   182   131   113  2.8536  0.7629
   196   132   112  2.8373  0.7579
   185   130   113  2.8349  0.7561
   190   144   112  2.8254  0.7536
   187   144   113  2.8170  0.7496
   195   130   113  2.8116  0.7477
   190   144   111  2.8011  0.7457
   196   133   111  2.7978  0.7445
   184   130   113  2.7967  0.7423
   188   130   111  2.7951  0.7435
   189   130   111  2.7868  0.7405
   187   130   111  2.7791  0.7377
   182   140   113  2.7588  0.7287
   183   130   113  2.7570  0.7281
   190   130   111  2.7543  0.7288
   196   130   113  2.7479  0.7249
   182   135   111  2.7420  0.7245
   186   130   111  2.7419  0.7244
   182   134   111  2.7331  0.7213
   182   136   111  2.7255  0.7186
   189   144   112  2.7160  0.7144
   182   130   113  2.7149  0.7131
   186   144   113  2.7079  0.7107
   182   133   111  2.7007  0.7098
   191   130   111  2.7006  0.7097
   185   130   111  2.6884  0.7054
   182   137   111  2.6821  0.7032
   196   131   112  2.6817  0.7022
   189   144   111  2.6798  0.7024
   182   132   111  2.6468  0.6908
   196   132   111  2.6438  0.6898
   182   141   113  2.6425  0.6877
   192   130   111  2.6310  0.6853
   184   130   111  2.6242  0.6830
   182   138   111  2.6115  0.6785
   188   144   112  2.6010  0.6741
   185   144   113  2.5951  0.6713
   182   131   111  2.5729  0.6652
   183   130   111  2.5539  0.6587
   193   130   111  2.5516  0.6579
   188   144   111  2.5460  0.6559
   195   130   112  2.5291  0.6494
   194   130   112  2.5207  0.6465
   182   142   113  2.5197  0.6455
   196   130   112  2.5179  0.6456
   182   139   111  2.5154  0.6455
   197   140   112  3.4388  0.9906
   197   141   112  3.4369  0.9898
   197   139   112  3.4271  0.9857
   197   142   112  3.4217  0.9835
   197   140   113  3.4034  0.9748
   197   139   113  3.4008  0.9738
   197   138   112  3.4001  0.9747
   197   143   112  3.3921  0.9714
   197   141   113  3.3885  0.9687
   197   138   113  3.3838  0.9668
   197   141   111  3.3705  0.9639
   197   142   111  3.3620  0.9604
   197   140   111  3.3583  0.9589
   197   137   112  3.3553  0.9565
   197   137   113  3.3535  0.9546
   197   142   113  3.3519  0.9539
   197   144   112  3.3457  0.9526
   197   143   111  3.3307  0.9478
   197   139   111  3.3267  0.9462
   197   136   113  3.3095  0.9369
   197   136   112  3.2901  0.9303
   197   143   113  3.2891  0.9288
   197   145   112  3.2797  0.9262
   197   138   111  3.2764  0.9260
   197   144   111  3.2745  0.9253
   197   135   113  3.2505  0.9134
   196   145   112  3.2434  0.9118
   197   137   111  3.2069  0.8985
   197   135   112  3.2024  0.8957
   197   144   113  3.1977  0.8927
   197   145   111  3.1920  0.8927
   195   145   112  3.1908  0.8911
   197   134   113  3.1749  0.8838
   196   145   111  3.1479  0.8755
   195   145   113  3.1284  0.8658
   194   145   113  3.1256  0.8647
   194   145   112  3.1222  0.8645
   197   136   111  3.1177  0.8638
   196   145   113  3.1116  0.8593
   193   145   113  3.1030  0.8560
   195   145   111  3.0926  0.8542
   197   134   112  3.0922  0.8530
   197   133   113  3.0808  0.8476
   197   145   113  3.0775  0.8463
   192   145   113  3.0617  0.8403
   193   145   112  3.0389  0.8327
   194   145   111  3.0262  0.8289
   197   135   111  3.0084  0.8221
   191   145   113  3.0037  0.8184
   181   135   113  2.9853  0.8115
   181   134   113  2.9846  0.8112
   197   132   113  2.9665  0.8045
   197   133   112  2.9612  0.8035
   181   136   113  2.9557  0.8004
   181   133   113  2.9514  0.7989
   193   145   111  2.9485  0.7997
   192   145   112  2.9429  0.7967
   190   145   113  2.9310  0.7913
   181   137   113  2.8996  0.7797
   181   132   113  2.8859  0.7747
   197   134   111  2.8797  0.7743
   192   145   111  2.8588  0.7666
   189   145   113  2.8458  0.7601
   191   145   112  2.8367  0.7577
   197   131   113  2.8299  0.7543
   181   138   113  2.8221  0.7515
   197   132   112  2.8133  0.7492
   181   131   113  2.7904  0.7400
   191   129   113  2.7760  0.7349
   190   129   113  2.7745  0.7343
   192   129   113  2.7635  0.7304
   189   129   113  2.7603  0.7293
   191   145   111  2.7562  0.7295
   188   145   113  2.7504  0.7257
   193   129   113  2.7370  0.7210
   188   129   113  2.7360  0.7206
   197   133   111  2.7331  0.7213
   181   139   113  2.7286  0.7180
   190   145   112  2.7227  0.7167
   187   129   113  2.7052  0.7097
   194   129   113  2.6965  0.7066
   186   129   113  2.6720  0.6980
   197   130   113  2.6697  0.6972
   181   130   113  2.6683  0.6967
   197   131   112  2.6533  0.6923
   187   145   113  2.6478  0.6895
   195   129   113  2.6420  0.6875
   190   145   111  2.6403  0.6885
   185   129   113  2.6396  0.6867
   181   135   111  2.6347  0.6866
   188   129   111  2.6334  0.6862
   181   134   111  2.6292  0.6847
   181   140   113  2.6237  0.6812
   187   129   111  2.6234  0.6827
   189   129   111  2.6206  0.6817
   181   136   111  2.6166  0.6803
   184   129   113  2.6098  0.6764
   189   145   112  2.6029  0.6748
   181   133   111  2.6019  0.6752
   186   129   111  2.5935  0.6723
   190   129   111  2.5847  0.6692
   183   129   113  2.5824  0.6669
   181   137   111  2.5733  0.6653
   196   129   113  2.5726  0.6635
   197   132   111  2.5711  0.6646
   182   129   113  2.5550  0.6575
   181   132   111  2.5544  0.6588
   185   129   111  2.5488  0.6569
   186   145   113  2.5413  0.6528
   191   129   111  2.5285  0.6500
   181   129   113  2.5241  0.6470
   189   145   111  2.5120  0.6443
   181   141   113  2.5115  0.6427
   181   138   111  2.5046  0.6418
   198   141   112  3.4522  0.9961
   198   140   112  3.4506  0.9954
   198   142   112  3.4394  0.9908
   198   139   112  3.4340  0.9886
   198   143   112  3.4114  0.9793
   198   138   112  3.4007  0.9750
   198   141   111  3.3708  0.9640
   198   142   111  3.3700  0.9637
   198   144   112  3.3661  0.9609
   198   140   113  3.3577  0.9562
   198   139   113  3.3571  0.9560
   198   140   111  3.3507  0.9558
   198   137   112  3.3485  0.9538
   198   143   111  3.3464  0.9541
   198   138   113  3.3411  0.9496
   198   141   113  3.3406  0.9494
   198   139   111  3.3108  0.9398
   198   137   113  3.3104  0.9372
   198   142   113  3.3022  0.9340
   198   145   112  3.3009  0.9346
   198   144   111  3.2982  0.9347
   198   136   112  3.2750  0.9243
   198   136   113  3.2640  0.9188
   198   138   111  3.2517  0.9162
   198   143   113  3.2389  0.9088
   198   145   111  3.2242  0.9053
   198   146   112  3.2137  0.9001
   198   135   113  3.2004  0.8937
   197   146   112  3.1911  0.8912
   198   135   112  3.1790  0.8865
   198   137   111  3.1732  0.8854
   196   146   112  3.1533  0.8765
   198   144   113  3.1482  0.8734
   198   146   111  3.1241  0.8663
   198   134   113  3.1180  0.8618
   195   146   112  3.0988  0.8555
   197   146   111  3.0825  0.8503
   198   136   111  3.0749  0.8474
   198   134   112  3.0607  0.8409
   198   145   113  3.0303  0.8284
   196   146   111  3.0289  0.8299
   194   146   112  3.0270  0.8282
   198   133   113  3.0155  0.8228
   195   146   113  2.9761  0.8081
   194   146   113  2.9696  0.8056
   195   146   111  2.9632  0.8052
   196   146   113  2.9625  0.8030
   198   135   111  2.9567  0.8028
   193   146   113  2.9422  0.7954
   193   146   112  2.9389  0.7952
   197   146   113  2.9316  0.7915
   198   133   112  2.9226  0.7891
   192   146   113  2.8952  0.7781
   198   132   113  2.8913  0.7767
   198   146   113  2.8882  0.7755
   194   146   111  2.8855  0.7764
   180   134   113  2.8679  0.7681
   180   135   113  2.8573  0.7643
   180   133   113  2.8485  0.7610
   192   146   112  2.8364  0.7575
   191   146   113  2.8310  0.7547
   198   134   111  2.8194  0.7523
   180   136   113  2.8193  0.7504
   180   132   113  2.7987  0.7430
   193   146   111  2.7957  0.7437
   198   132   112  2.7688  0.7332
   180   137   113  2.7578  0.7284
   190   146   113  2.7525  0.7265
   198   131   113  2.7441  0.7235
   191   146   112  2.7221  0.7165
   180   131   113  2.7198  0.7148
   192   146   111  2.6944  0.7075
   180   138   113  2.6780  0.7001
   198   133   111  2.6648  0.6971
   189   146   113  2.6632  0.6949
   180   130   113  2.6143  0.6779
   198   131   112  2.6042  0.6752
   190   146   112  2.5994  0.6735
   180   139   113  2.5852  0.6679
   191   146   111  2.5818  0.6682
   191   128   113  2.5803  0.6662
   190   128   113  2.5741  0.6640
   198   130   113  2.5737  0.6639
   192   128   113  2.5716  0.6632
   188   146   113  2.5665  0.6614
   189   128   113  2.5550  0.6575
   193   128   113  2.5472  0.6548
   180   135   111  2.5280  0.6498
   188   128   113  2.5266  0.6478
   180   134   111  2.5253  0.6488
   180   136   111  2.5091  0.6433
   194   128   113  2.5067  0.6411
   180   133   111  2.5023  0.6410
   199   141   112  3.4517  0.9959
   199   140   112  3.4455  0.9933
   199   142   112  3.4424  0.9920
   199   139   112  3.4229  0.9840
   199   143   112  3.4168  0.9815
   199   138   112  3.3824  0.9675
   199   144   112  3.3734  0.9638
   199   142   111  3.3646  0.9615
   199   141   111  3.3575  0.9586
   199   143   111  3.3491  0.9552
   199   140   111  3.3294  0.9472
   199   137   112  3.3218  0.9430
   199   145   112  3.3099  0.9382
   199   144   111  3.3093  0.9392
   199   139   113  3.3003  0.9332
   199   140   113  3.2993  0.9328
   199   138   113  3.2851  0.9272
   199   139   111  3.2814  0.9280
   199   141   113  3.2804  0.9253
   199   137   113  3.2533  0.9146
   199   145   111  3.2444  0.9133
   199   142   113  3.2410  0.9097
   199   136   112  3.2395  0.9102
   199   146   112  3.2244  0.9043
   199   138   111  3.2140  0.9013
   199   136   113  3.2037  0.8950
   199   143   113  3.1780  0.8850
   199   146   111  3.1542  0.8780
   199   135   112  3.1345  0.8692
   199   135   113  3.1345  0.8681
   199   137   111  3.1274  0.8675
   199   147   112  3.1167  0.8624
   198   147   112  3.1034  0.8573
   199   144   113  3.0893  0.8508
   197   147   112  3.0784  0.8477
   199   134   113  3.0442  0.8337
   199   147   111  3.0397  0.8340
   196   147   112  3.0382  0.8324
   199   136   111  3.0210  0.8269
   199   134   112  3.0080  0.8210
   198   147   111  2.9987  0.8185
   195   147   112  2.9809  0.8108
   199   145   113  2.9751  0.8077
   197   147   111  2.9468  0.7991
   199   133   113  2.9318  0.7916
   194   147   112  2.9056  0.7829
   199   135   111  2.8951  0.7800
   196   147   111  2.8833  0.7756
   199   133   112  2.8627  0.7671
   199   146   113  2.8381  0.7573
   193   147   112  2.8132  0.7491
   195   147   111  2.8075  0.7480
   195   147   113  2.8004  0.7436
   199   132   113  2.7965  0.7422
   196   147   113  2.7913  0.7404
   194   147   113  2.7894  0.7397
   197   147   113  2.7652  0.7310
   193   147   113  2.7574  0.7282
   199   134   111  2.7507  0.7276
   179   134   113  2.7431  0.7231
   179   133   113  2.7373  0.7211
   198   147   113  2.7272  0.7175
   179   135   113  2.7214  0.7154
   194   147   111  2.7193  0.7164
   192   147   113  2.7058  0.7099
   192   147   112  2.7054  0.7106
   199   132   112  2.7032  0.7098
   179   132   113  2.7028  0.7088
   199   147   113  2.6833  0.7020
   179   136   113  2.6752  0.6991
   179   131   113  2.6399  0.6868
   199   131   113  2.6379  0.6861
   191   147   113  2.6373  0.6859
   193   147   111  2.6191  0.6812
   179   137   113  2.6089  0.6760
   199   133   111  2.5897  0.6710
   191   147   112  2.5852  0.6687
   190   147   113  2.5557  0.6577
   179   130   113  2.5501  0.6558
   199   131   112  2.5342  0.6512
   179   138   113  2.5276  0.6482
   192   147   111  2.5081  0.6430
   200   141   112  3.4379  0.9902
   200   142   112  3.4334  0.9883
   200   140   112  3.4257  0.9852
   200   143   112  3.4116  0.9794
   200   139   112  3.3958  0.9729
   200   144   112  3.3711  0.9629
   200   138   112  3.3468  0.9530
   200   142   111  3.3439  0.9531
   200   143   111  3.3376  0.9505
   200   141   111  3.3278  0.9466
   200   145   112  3.3102  0.9383
   200   144   111  3.3075  0.9384
   200   140   111  3.2910  0.9318
   200   137   112  3.2767  0.9250
   200   145   111  3.2528  0.9166
   200   139   111  3.2347  0.9095
   200   139   113  3.2290  0.9049
   200   140   113  3.2278  0.9045
   200   146   112  3.2274  0.9055
   200   138   113  3.2129  0.8986
   200   141   113  3.2091  0.8971
   200   136   112  3.1845  0.8886
   200   137   113  3.1786  0.8853
   200   146   111  3.1735  0.8855
   200   142   113  3.1707  0.8822
   200   138   111  3.1595  0.8800
   200   136   113  3.1243  0.8642
   200   147   112  3.1230  0.8648
   200   143   113  3.1101  0.8588
   200   147   111  3.0706  0.8457
   200   135   112  3.0700  0.8445
   200   137   111  3.0655  0.8438
   200   135   113  3.0481  0.8351
   200   144   113  3.0255  0.8266
   200   148   112  2.9988  0.8175
   199   148   112  2.9880  0.8135
   198   148   112  2.9707  0.8070
   200   136   111  2.9525  0.8012
   200   134   113  2.9486  0.7978
   200   148   111  2.9454  0.7986
   197   148   112  2.9419  0.7963
   200   134   112  2.9348  0.7937
   200   145   113  2.9168  0.7860
   199   148   111  2.9027  0.7827
   196   148   112  2.8980  0.7801
   198   148   111  2.8502  0.7635
   195   148   112  2.8370  0.7578
   200   133   113  2.8253  0.7526
   200   135   111  2.8207  0.7528
   197   148   111  2.7876  0.7408
   200   146   113  2.7863  0.7386
   200   133   112  2.7824  0.7380
   194   148   112  2.7583  0.7294
   196   148   111  2.7141  0.7145
   200   132   113  2.6782  0.7002
   200   134   111  2.6711  0.6993
   193   148   112  2.6623  0.6954
   200   147   113  2.6386  0.6863
   195   148   111  2.6289  0.6846
   178   133   113  2.6182  0.6793
   200   132   112  2.6173  0.6797
   178   134   113  2.6115  0.6769
   195   148   113  2.6072  0.6754
   196   148   113  2.6040  0.6743
   178   132   113  2.5978  0.6722
   194   148   113  2.5908  0.6698
   197   148   113  2.5844  0.6676
   178   135   113  2.5797  0.6660
   193   148   113  2.5542  0.6572
   198   148   113  2.5534  0.6570
   192   148   112  2.5511  0.6569
   178   131   113  2.5495  0.6556
   194   148   111  2.5317  0.6510
   178   136   113  2.5262  0.6477
   199   148   113  2.5167  0.6444
   200   131   113  2.5083  0.6416
   200   133   111  2.5055  0.6421
   201   142   112  3.4158  0.9811
   201   141   112  3.4143  0.9805
   201   143   112  3.3990  0.9743
   201   140   112  3.3947  0.9725
   201   144   112  3.3630  0.9596
   201   139   112  3.3561  0.9568
   201   143   111  3.3120  0.9403
   201   142   111  3.3073  0.9384
   201   145   112  3.3060  0.9367
   201   138   112  3.2971  0.9331
   201   144   111  3.2934  0.9328
   201   141   111  3.2808  0.9278
   201   145   111  3.2504  0.9157
   201   140   111  3.2343  0.9093
   201   146   112  3.2274  0.9054
   201   137   112  3.2163  0.9011
   201   146   111  3.1831  0.8892
   201   139   111  3.1693  0.8838
   201   140   113  3.1444  0.8720
   201   139   113  3.1430  0.8714
   201   141   113  3.1284  0.8658
   201   147   112  3.1275  0.8665
   201   138   113  3.1237  0.8640
   201   136   112  3.1131  0.8610
   201   142   113  3.0937  0.8525
   201   147   111  3.0922  0.8540
   201   138   111  3.0865  0.8518
   201   137   113  3.0847  0.8491
   201   143   113  3.0382  0.8314
   201   136   113  3.0238  0.8259
   201   148   112  3.0087  0.8213
   201   135   112  2.9881  0.8135
   201   137   111  2.9861  0.8138
   201   148   111  2.9790  0.8111
   201   144   113  2.9600  0.8021
   201   135   113  2.9388  0.7942
   201   149   112  2.8743  0.7714
   201   136   111  2.8680  0.7700
   201   145   113  2.8588  0.7648
   200   149   112  2.8579  0.7654
   201   149   111  2.8448  0.7615
   201   134   112  2.8438  0.7602
   199   149   112  2.8410  0.7592
   201   134   113  2.8288  0.7539
   198   149   112  2.8179  0.7508
   200   149   111  2.7999  0.7452
   197   149   112  2.7836  0.7385
   199   149   111  2.7456  0.7257
   201   146   113  2.7363  0.7207
   196   149   112  2.7347  0.7210
   201   135   111  2.7323  0.7210
   201   133   113  2.6940  0.7057
   201   133   112  2.6840  0.7030
   198   149   111  2.6820  0.7032
   195   149   112  2.6695  0.6980
   197   149   111  2.6090  0.6777
   201   147   113  2.5963  0.6717
   194   149   112  2.5874  0.6694
   201   134   111  2.5798  0.6675
   201   132   113  2.5354  0.6508
   196   149   111  2.5263  0.6492
   201   132   112  2.5135  0.6441
   202   142   112  3.3929  0.9718
   202   141   112  3.3841  0.9682
   202   143   112  3.3826  0.9676
   202   140   112  3.3560  0.9568
   202   144   112  3.3524  0.9553
   202   139   112  3.3075  0.9373
   202   145   112  3.3013  0.9348
   202   143   111  3.2738  0.9250
   202   144   111  3.2684  0.9228
   202   142   111  3.2563  0.9180
   202   145   111  3.2385  0.9110
   202   138   112  3.2373  0.9094
   202   146   112  3.2286  0.9059
   202   141   111  3.2178  0.9028
   202   146   111  3.1841  0.8896
   202   140   111  3.1605  0.8804
   202   137   112  3.1445  0.8731
   202   147   112  3.1351  0.8695
   202   147   111  3.1055  0.8591
   202   139   111  3.0864  0.8518
   202   140   113  3.0515  0.8364
   202   139   113  3.0446  0.8338
   202   141   113  3.0410  0.8324
   202   136   112  3.0292  0.8290
   202   148   112  3.0232  0.8267
   202   138   113  3.0192  0.8242
   202   142   113  3.0126  0.8217
   202   148   111  3.0038  0.8204
   202   138   111  2.9963  0.8176
   202   137   113  2.9731  0.8069
   202   143   113  2.9644  0.8037
   202   136   113  2.9033  0.7811
   202   149   112  2.8961  0.7794
   202   144   113  2.8946  0.7779
   202   135   112  2.8929  0.7782
   202   137   111  2.8906  0.7783
   202   149   111  2.8800  0.7744
   202   135   113  2.8080  0.7464
   202   145   113  2.8024  0.7444
   202   136   111  2.7690  0.7341
   202   150   112  2.7567  0.7289
   202   134   112  2.7388  0.7225
   202   150   111  2.7350  0.7219
   201   150   112  2.7274  0.7184
   200   150   112  2.7033  0.7099
   201   150   111  2.6909  0.7063
   202   146   113  2.6889  0.7039
   202   134   113  2.6865  0.7031
   199   150   112  2.6786  0.7012
   198   150   112  2.6479  0.6904
   200   150   111  2.6362  0.6871
   202   135   111  2.6314  0.6855
   197   150   112  2.6065  0.6760
   199   150   111  2.5717  0.6648
   202   133   112  2.5713  0.6639
   202   147   113  2.5572  0.6582
   196   150   112  2.5517  0.6571
   202   133   113  2.5399  0.6523
   203   142   112  3.3673  0.9613
   203   143   112  3.3647  0.9603
   203   141   112  3.3501  0.9544
   203   144   112  3.3422  0.9512
   203   140   112  3.3124  0.9392
   203   145   112  3.2989  0.9338
   203   139   112  3.2531  0.9156
   203   146   112  3.2345  0.9083
   203   144   111  3.2338  0.9091
   203   143   111  3.2248  0.9056
   203   145   111  3.2181  0.9029
   203   142   111  3.1932  0.8931
   203   146   111  3.1771  0.8868
   203   138   112  3.1709  0.8833
   203   147   112  3.1497  0.8751
   203   141   111  3.1416  0.8730
   203   147   111  3.1108  0.8611
   203   140   111  3.0729  0.8466
   203   137   112  3.0652  0.8427
   203   148   112  3.0465  0.8356
   203   148   111  3.0200  0.8265
   203   139   111  2.9894  0.8150
   203   140   113  2.9524  0.7992
   203   141   113  2.9496  0.7982
   203   139   113  2.9378  0.7938
   203   136   112  2.9370  0.7945
   203   142   113  2.9292  0.7906
   203   149   112  2.9277  0.7910
   203   149   111  2.9056  0.7838
   203   138   113  2.9041  0.7814
   203   138   111  2.8925  0.7790
   203   143   113  2.8897  0.7761
   203   137   113  2.8484  0.7610
   203   144   113  2.8292  0.7540
   203   150   112  2.7958  0.7429
   203   135   112  2.7888  0.7403
   203   137   111  2.7824  0.7389
   203   150   111  2.7681  0.7338
   203   136   113  2.7679  0.7320
   203   145   113  2.7467  0.7244
   203   135   113  2.6607  0.6941
   203   136   111  2.6588  0.6950
   203   151   112  2.6522  0.6919
   203   146   113  2.6426  0.6877
   203   134   112  2.6244  0.6822
   203   151   111  2.6087  0.6776
   202   151   112  2.6070  0.6762
   201   151   112  2.5700  0.6634
   202   151   111  2.5698  0.6641
   200   151   112  2.5372  0.6522
   203   134   113  2.5272  0.6480
   203   135   111  2.5215  0.6476
   203   147   113  2.5194  0.6454
   201   151   111  2.5190  0.6467
   199   151   112  2.5034  0.6407
   204   143   112  3.3468  0.9531
   204   142   112  3.3403  0.9504
   204   144   112  3.3336  0.9478
   204   141   112  3.3136  0.9397
   204   145   112  3.3004  0.9344
   204   140   112  3.2657  0.9206
   204   146   112  3.2468  0.9131
   204   139   112  3.1950  0.8927
   204   144   111  3.1903  0.8920
   204   145   111  3.1892  0.8916
   204   147   112  3.1730  0.8842
   204   143   111  3.1665  0.8827
   204   146   111  3.1617  0.8809
   204   142   111  3.1203  0.8648
   204   147   111  3.1074  0.8599
   204   138   112  3.1001  0.8560
   204   148   112  3.0805  0.8485
   204   141   111  3.0554  0.8400
   204   148   111  3.0270  0.8292
   204   137   112  2.9812  0.8109
   204   140   111  2.9753  0.8097
   204   149   112  2.9710  0.8071
   204   149   111  2.9210  0.7895
   204   139   111  2.8828  0.7754
   204   141   113  2.8565  0.7640
   204   140   113  2.8510  0.7620
   204   150   112  2.8465  0.7612
   204   142   113  2.8445  0.7596
   204   136   112  2.8398  0.7588
   204   139   113  2.8275  0.7534
   204   143   113  2.8137  0.7484
   204   150   111  2.7902  0.7417
   204   138   113  2.7841  0.7378
   204   138   111  2.7796  0.7379
   204   144   113  2.7624  0.7300
   204   137   113  2.7175  0.7141
   204   151   112  2.7079  0.7115
   204   145   113  2.6894  0.7041
   204   135   112  2.6794  0.7014
   204   137   111  2.6662  0.6976
   204   151   111  2.6358  0.6870
   204   136   113  2.6251  0.6817
   204   146   113  2.5947  0.6711
   204   152   112  2.5556  0.6584
   204   136   111  2.5421  0.6546
   204   135   113  2.5055  0.6406
   204   134   112  2.5048  0.6411
   205   143   112  3.3294  0.9461
   205   144   112  3.3274  0.9452
   205   142   112  3.3123  0.9392
   205   145   112  3.3062  0.9367
   205   141   112  3.2753  0.9244
   205   146   112  3.2653  0.9205
   205   140   112  3.2164  0.9011
   205   147   112  3.2045  0.8965
   205   145   111  3.1510  0.8767
   205   144   111  3.1380  0.8717
   205   146   111  3.1367  0.8711
   205   139   112  3.1338  0.8690
   205   148   112  3.1241  0.8652
   205   143   111  3.0998  0.8569
   205   147   111  3.0941  0.8547
   205   142   111  3.0399  0.8340
   205   138   112  3.0263  0.8279
   205   149   112  3.0249  0.8274
   205   148   111  3.0234  0.8278
   205   141   111  2.9625  0.8049
   205   149   111  2.9253  0.7911
   205   150   112  2.9078  0.7837
   205   137   112  2.8942  0.7787
   205   140   111  2.8718  0.7714
   205   150   111  2.8008  0.7456
   205   151   112  2.7734  0.7348
   205   139   111  2.7712  0.7349
   205   141   113  2.7637  0.7305
   205   142   113  2.7590  0.7288
   205   140   113  2.7504  0.7257
   205   136   112  2.7399  0.7228
   205   143   113  2.7358  0.7205
   205   139   113  2.7185  0.7144
   205   144   113  2.6927  0.7053
   205   138   113  2.6653  0.6957
   205   138   111  2.6627  0.6964
   205   151   111  2.6514  0.6924
   205   145   113  2.6284  0.6828
   205   152   112  2.6220  0.6814
   205   137   113  2.5878  0.6688
   205   135   112  2.5677  0.6626
   205   137   111  2.5469  0.6562
   205   146   113  2.5423  0.6532
   206   144   112  3.3226  0.9433
   206   145   112  3.3149  0.9402
   206   143   112  3.3121  0.9391
   206   146   112  3.2882  0.9295
   206   142   112  3.2832  0.9276
   206   147   112  3.2414  0.9110
   206   141   112  3.2347  0.9083
   206   148   112  3.1737  0.8844
   206   140   112  3.1643  0.8808
   206   145   111  3.1027  0.8580
   206   146   111  3.1004  0.8572
   206   149   112  3.0851  0.8502
   206   144   111  3.0769  0.8481
   206   139   112  3.0697  0.8444
   206   147   111  3.0687  0.8450
   206   143   111  3.0259  0.8288
   206   148   111  3.0074  0.8218
   206   150   112  2.9754  0.8088
   206   142   111  2.9539  0.8017
   206   138   112  2.9497  0.7992
   206   149   111  2.9172  0.7881
   206   141   111  2.8659  0.7692
   206   151   112  2.8448  0.7606
   206   137   112  2.8049  0.7462
   206   150   111  2.7992  0.7450
   206   140   111  2.7663  0.7331
   206   152   112  2.6936  0.7064
   206   142   113  2.6730  0.6984
   206   141   113  2.6720  0.6980
   206   139   111  2.6589  0.6950
   206   143   113  2.6557  0.6923
   206   151   111  2.6554  0.6938
   206   140   113  2.6528  0.6913
   206   136   112  2.6385  0.6871
   206   144   113  2.6192  0.6796
   206   139   113  2.6138  0.6777
   206   145   113  2.5622  0.6600
   206   138   113  2.5523  0.6566
   206   138   111  2.5460  0.6559
   206   153   112  2.5224  0.6471
   207   145   112  3.3236  0.9437
   207   144   112  3.3173  0.9412
   207   146   112  3.3112  0.9387
   207   143   112  3.2934  0.9316
   207   147   112  3.2783  0.9256
   207   142   112  3.2518  0.9151
   207   148   112  3.2232  0.9038
   207   141   112  3.1911  0.8912
   207   149   112  3.1448  0.8732
   207   140   112  3.1087  0.8593
   207   146   111  3.0523  0.8388
   207   145   111  3.0443  0.8357
   207   150   112  3.0425  0.8340
   207   147   111  3.0303  0.8304
   207   144   111  3.0079  0.8220
   207   139   112  3.0021  0.8188
   207   148   111  2.9777  0.8106
   207   143   111  2.9467  0.7991
   207   151   112  2.9158  0.7866
   207   149   111  2.8954  0.7800
   207   138   112  2.8700  0.7698
   207   142   111  2.8654  0.7690
   207   150   111  2.7846  0.7397
   207   141   111  2.7689  0.7341
   207   152   112  2.7649  0.7318
   207   137   112  2.7136  0.7135
   207   140   111  2.6623  0.6963
   207   151   111  2.6475  0.6911
   207   153   112  2.5907  0.6705
   207   142   113  2.5869  0.6684
   207   141   113  2.5821  0.6668
   207   143   113  2.5737  0.6639
   207   140   113  2.5588  0.6588
   207   139   111  2.5495  0.6571
   207   144   113  2.5422  0.6531
   207   136   112  2.5364  0.6519
   207   139   113  2.5149  0.6438
   208   146   112  3.3285  0.9457
   208   145   112  3.3275  0.9453
   208   147   112  3.3083  0.9376
   208   144   112  3.3076  0.9373
   208   143   112  3.2704  0.9225
   208   148   112  3.2647  0.9202
   208   142   112  3.2160  0.9010
   208   149   112  3.1958  0.8930
   208   141   112  3.1429  0.8725
   208   150   112  3.1004  0.8561
   208   140   112  3.0485  0.8363
   208   146   111  2.9934  0.8165
   208   147   111  2.9791  0.8111
   208   151   112  2.9779  0.8097
   208   145   111  2.9776  0.8106
   208   148   111  2.9342  0.7944
   208   144   111  2.9338  0.7942
   208   139   112  2.9303  0.7920
   208   143   111  2.8656  0.7691
   208   149   111  2.8596  0.7669
   208   152   112  2.8280  0.7545
   208   138   112  2.7871  0.7397
   208   142   111  2.7778  0.7373
   208   150   111  2.7567  0.7297
   208   141   111  2.6755  0.7009
   208   153   112  2.6518  0.6918
   208   151   111  2.6275  0.6841
   208   137   112  2.6203  0.6808
   208   140   111  2.5638  0.6621
   208   142   113  2.5015  0.6393
   209   146   112  3.3330  0.9475
   209   147   112  3.3236  0.9437
   209   145   112  3.3204  0.9425
   209   148   112  3.2896  0.9301
   209   144   112  3.2886  0.9297
   209   143   112  3.2393  0.9101
   209   149   112  3.2289  0.9060
   209   142   112  3.1729  0.8841
   209   150   112  3.1399  0.8713
   209   141   112  3.0882  0.8514
   209   151   112  3.0216  0.8261
   209   140   112  2.9827  0.8115
   209   146   111  2.9264  0.7915
   209   147   111  2.9174  0.7882
   209   145   111  2.9060  0.7840
   209   148   111  2.8788  0.7739
   209   152   112  2.8738  0.7712
   209   144   111  2.8582  0.7664
   209   139   112  2.8539  0.7639
   209   149   111  2.8112  0.7493
   209   143   111  2.7864  0.7404
   209   150   111  2.7163  0.7153
   209   138   112  2.7009  0.7090
   209   153   112  2.6970  0.7076
   209   142   111  2.6951  0.7078
   209   151   111  2.5959  0.6731
   209   141   111  2.5894  0.6709
   209   137   112  2.5252  0.6481
   210   146   112  3.3176  0.9413
   210   147   112  3.3164  0.9408
   210   145   112  3.2962  0.9327
   210   148   112  3.2899  0.9302
   210   144   112  3.2549  0.9163
   210   149   112  3.2357  0.9087
   210   143   112  3.1957  0.8930
   210   150   112  3.1523  0.8761
   210   142   112  3.1193  0.8634
   210   151   112  3.0383  0.8324
   210   141   112  3.0247  0.8273
   210   140   112  2.9097  0.7844
   210   152   112  2.8931  0.7782
   210   146   111  2.8553  0.7654
   210   147   111  2.8491  0.7631
   210   145   111  2.8335  0.7574
   210   148   111  2.8147  0.7506
   210   144   111  2.7849  0.7398
   210   139   112  2.7721  0.7343
   210   149   111  2.7532  0.7284
   210   153   112  2.7171  0.7147
   210   143   111  2.7126  0.7140
   210   150   111  2.6659  0.6975
   210   142   111  2.6204  0.6816
   210   138   112  2.6111  0.6776
   210   151   111  2.5544  0.6588
   210   141   111  2.5131  0.6447
   210   154   112  2.5128  0.6439
   211   147   112  3.2806  0.9265
   211   146   112  3.2765  0.9249
   211   148   112  3.2591  0.9180
   211   145   112  3.2494  0.9141
   211   149   112  3.2098  0.8985
   211   144   112  3.2018  0.8954
   211   143   112  3.1358  0.8697
   211   150   112  3.1307  0.8678
   211   142   112  3.0522  0.8377
   211   151   112  3.0206  0.8257
   211   141   112  2.9502  0.7994
   211   152   112  2.8785  0.7729
   211   140   112  2.8281  0.7545
   211   146   111  2.7838  0.7394
   211   147   111  2.7780  0.7374
   211   145   111  2.7630  0.7319
   211   148   111  2.7461  0.7259
   211   144   111  2.7162  0.7153
   211   153   112  2.7046  0.7103
   211   149   111  2.6891  0.7057
   211   139   112  2.6840  0.7031
   211   143   111  2.6456  0.6904
   211   150   111  2.6085  0.6775
   211   142   111  2.5546  0.6589
   211   138   112  2.5174  0.6454
   211   151   111  2.5055  0.6421
   211   154   112  2.5014  0.6400
   212   147   112  3.2129  0.8998
   212   146   112  3.2066  0.8973
   212   148   112  3.1938  0.8923
   212   145   112  3.1771  0.8857
   212   149   112  3.1472  0.8742
   212   144   112  3.1267  0.8662
   212   150   112  3.0713  0.8450
   212   143   112  3.0572  0.8396
   212   142   112  2.9695  0.8066
   212   151   112  2.9644  0.8047
   212   141   112  2.8631  0.7673
   212   152   112  2.8256  0.7536
   212   140   112  2.7367  0.7217
   212   146   111  2.7140  0.7145
   212   147   111  2.7071  0.7120
   212   145   111  2.6956  0.7080
   212   148   111  2.6759  0.7010
   212   153   112  2.6551  0.6929
   212   144   111  2.6521  0.6927
   212   149   111  2.6221  0.6822
   212   139   112  2.5887  0.6699
   212   143   111  2.5846  0.6692
   212   150   111  2.5469  0.6562
   213   147   112  3.1131  0.8610
   213   146   112  3.1075  0.8588
   213   148   112  3.0939  0.8536
   213   145   112  3.0789  0.8479
   213   149   112  3.0480  0.8361
   213   144   112  3.0290  0.8289
   213   150   112  2.9738  0.8082
   213   143   112  2.9593  0.8028
   213   142   112  2.8706  0.7700
   213   151   112  2.8695  0.7696
   213   141   112  2.7627  0.7310
   213   152   112  2.7342  0.7208
   213   146   111  2.6454  0.6903
   213   147   111  2.6366  0.6873
   213   140   112  2.6346  0.6858
   213   145   111  2.6302  0.6850
   213   148   111  2.6052  0.6763
   213   144   111  2.5903  0.6712
   213   153   112  2.5681  0.6627
   213   149   111  2.5531  0.6584
   213   143   111  2.5263  0.6492
   214   147   112  2.9844  0.8121
   214   146   112  2.9822  0.8113
   214   148   112  2.9626  0.8040
   214   145   112  2.9574  0.8020
   214   149   112  2.9157  0.7866
   214   144   112  2.9109  0.7848
   214   143   112  2.8437  0.7602
   214   150   112  2.8419  0.7595
   214   142   112  2.7565  0.7288
   214   151   112  2.7397  0.7228
   214   141   112  2.6494  0.6909
   214   152   112  2.6083  0.6766
   214   146   111  2.5754  0.6660
   214   147   111  2.5644  0.6623
   214   145   111  2.5631  0.6618
   214   148   111  2.5321  0.6512
   214   144   111  2.5267  0.6493
   214   140   112  2.5221  0.6470
   215   146   112  2.8358  0.7573
   215   147   112  2.8325  0.7561
   215   145   112  2.8168  0.7504
   215   148   112  2.8065  0.7467
   215   144   112  2.7758  0.7357
   215   149   112  2.7571  0.7290
   215   143   112  2.7131  0.7133
   215   150   112  2.6829  0.7027
   215   142   112  2.6293  0.6839
   215   151   112  2.5827  0.6678
   215   141   112  2.5249  0.6480
   216   146   112  2.6746  0.6997
   216   147   112  2.6649  0.6963
   216   145   112  2.6625  0.6955
   216   148   112  2.6338  0.6855
   216   144   112  2.6280  0.6835
   216   149   112  2.5812  0.6673
   216   143   112  2.5710  0.6638
   216   150   112  2.5064  0.6417
   217   146   112  2.5048  0.6411
