#   X     Y     Z      S       D
    79    83   328  4.6089  1.8755
    80    83   328  4.5999  1.8694
    79    82   328  4.5821  1.8574
    80    82   328  4.5750  1.8526
    79    84   328  4.5602  1.8427
    78    83   328  4.5529  1.8378
    80    84   328  4.5463  1.8334
    78    82   328  4.5268  1.8205
    78    84   328  4.5073  1.8075
    80    82   327  4.4965  1.7946
    79    82   327  4.4625  1.7724
    80    83   327  4.4322  1.7527
    79    83   327  4.3967  1.7298
    78    82   327  4.3659  1.7102
    78    83   327  4.3016  1.6696
    80    84   327  4.2722  1.6511
    79    84   327  4.2409  1.6318
    78    84   327  4.1543  1.5787
    80    82   329  4.0118  1.5030
    79    82   329  4.0061  1.4996
    80    83   329  4.0032  1.4979
    79    83   329  4.0014  1.4968
    78    83   329  3.9424  1.4623
    78    82   329  3.9420  1.4621
    79    84   329  3.9290  1.4546
    80    84   329  3.9248  1.4521
    78    84   329  3.8782  1.4253
    81    83   328  4.5220  1.8173
    81    82   328  4.5008  1.8032
    79    81   328  4.4758  1.7868
    80    81   328  4.4669  1.7810
    81    84   328  4.4630  1.7784
    81    82   327  4.4584  1.7697
    80    81   327  4.4534  1.7665
    79    85   328  4.4442  1.7661
    77    83   328  4.4379  1.7620
    79    81   327  4.4268  1.7492
    78    81   328  4.4259  1.7542
    80    85   328  4.4237  1.7528
    77    82   328  4.4158  1.7477
    81    81   327  4.4068  1.7364
    81    83   327  4.3991  1.7314
    78    85   328  4.3963  1.7351
    81    81   328  4.3943  1.7338
    77    84   328  4.3921  1.7324
    80    83   326  4.3777  1.7122
    80    82   326  4.3646  1.7039
    81    83   326  4.3587  1.7002
    81    82   326  4.3491  1.6941
    78    81   327  4.3362  1.6913
    81    85   328  4.3343  1.6955
    79    83   326  4.3326  1.6837
    77    81   328  4.3237  1.6888
    79    82   326  4.3163  1.6735
    80    84   326  4.3055  1.6667
    77    85   328  4.2832  1.6632
    81    84   326  4.2802  1.6509
    79    84   326  4.2672  1.6428
    80    81   326  4.2597  1.6382
    80    82   330  4.2589  1.6584
    81    82   330  4.2476  1.6513
    81    81   326  4.2448  1.6290
    81    84   327  4.2396  1.6309
    80    83   330  4.2341  1.6429
    78    83   326  4.2289  1.6192
    81    83   330  4.2260  1.6378
    79    82   330  4.2195  1.6337
    77    82   327  4.2189  1.6182
    79    81   326  4.2125  1.6092
    78    82   326  4.2107  1.6081
    77    81   327  4.1942  1.6030
    79    83   330  4.1939  1.6178
    80    81   330  4.1852  1.6125
    78    84   326  4.1695  1.5830
    81    81   330  4.1682  1.6020
    80    85   326  4.1612  1.5780
    77    83   327  4.1584  1.5812
    79    81   330  4.1502  1.5909
    78    82   330  4.1349  1.5816
    79    85   326  4.1323  1.5606
    81    85   326  4.1274  1.5577
    80    84   330  4.1216  1.5735
    81    84   330  4.1138  1.5688
    78    81   326  4.1103  1.5474
    78    83   330  4.1101  1.5665
    79    84   330  4.0838  1.5506
    77    83   326  4.0747  1.5262
    78    81   330  4.0691  1.5418
    77    82   326  4.0572  1.5159
    78    85   326  4.0434  1.5078
    80    85   327  4.0386  1.5096
    77    84   327  4.0220  1.4998
    77    84   326  4.0191  1.4935
    79    85   327  4.0166  1.4966
    77    82   330  4.0103  1.5067
    78    84   330  4.0041  1.5030
    81    85   327  4.0027  1.4885
    77    83   330  3.9868  1.4928
    77    81   326  3.9632  1.4611
    81    82   329  3.9526  1.4683
    77    81   330  3.9479  1.4700
    80    81   329  3.9442  1.4634
    78    85   327  3.9434  1.4541
    81    83   329  3.9421  1.4622
    80    85   330  3.9399  1.4653
    79    81   329  3.9381  1.4599
    81    85   330  3.9295  1.4593
    79    85   330  3.9070  1.4462
    77    85   326  3.8996  1.4246
    81    81   329  3.8858  1.4297
    77    84   330  3.8851  1.4336
    78    81   329  3.8740  1.4229
    81    84   329  3.8610  1.4155
    77    83   329  3.8351  1.4008
    78    85   330  3.8331  1.4039
    77    82   329  3.8295  1.3976
    77    85   327  3.8267  1.3877
    79    85   329  3.7986  1.3802
    80    85   329  3.7877  1.3741
    77    84   329  3.7796  1.3696
    77    81   329  3.7622  1.3599
    78    85   329  3.7569  1.3569
    81    85   329  3.7215  1.3373
    77    85   330  3.7197  1.3402
    77    85   329  3.6679  1.3079
    82    83   328  4.3754  1.7217
    82    82   328  4.3587  1.7110
    82    82   327  4.3432  1.6957
    82    84   328  4.3119  1.6813
    80    80   327  4.3048  1.6715
    79    80   328  4.2929  1.6693
    82    83   327  4.2916  1.6633
    79    80   327  4.2909  1.6628
    82    81   327  4.2828  1.6578
    80    80   328  4.2787  1.6604
    82    83   326  4.2739  1.6470
    76    83   328  4.2701  1.6551
    79    86   328  4.2695  1.6547
    82    82   326  4.2675  1.6430
    82    81   328  4.2566  1.6466
    76    82   328  4.2556  1.6460
    78    80   328  4.2528  1.6443
    81    80   327  4.2470  1.6355
    80    86   328  4.2429  1.6381
    78    86   328  4.2266  1.6280
    76    84   328  4.2203  1.6241
    78    80   327  4.2138  1.6150
    81    80   328  4.2057  1.6151
    82    84   326  4.1906  1.5959
    82    82   330  4.1797  1.6091
    82    85   328  4.1795  1.5990
    76    81   328  4.1758  1.5968
    82    81   326  4.1650  1.5803
    77    80   328  4.1646  1.5899
    82    83   330  4.1641  1.5995
    81    86   328  4.1486  1.5802
    82    84   327  4.1380  1.5689
    77    86   328  4.1156  1.5602
    82    80   327  4.1144  1.5547
    76    85   328  4.1092  1.5563
    82    81   330  4.0931  1.5562
    77    80   327  4.0858  1.5376
    82    80   328  4.0723  1.5342
    80    80   326  4.0670  1.5217
    82    84   330  4.0558  1.5337
    81    80   326  4.0497  1.5115
    76    82   327  4.0347  1.5073
    76    80   328  4.0340  1.5115
    82    85   326  4.0317  1.5009
    79    80   326  4.0253  1.4972
    76    81   327  4.0148  1.4956
    80    80   330  4.0133  1.5085
    82    86   328  3.9922  1.4869
    81    80   330  3.9887  1.4939
    79    80   330  3.9861  1.4924
    76    83   327  3.9785  1.4744
    82    80   326  3.9706  1.4653
    80    86   326  3.9604  1.4595
    79    86   326  3.9420  1.4488
    76    86   328  3.9399  1.4565
    78    80   326  3.9323  1.4433
    76    80   327  3.9212  1.4413
    81    86   326  3.9173  1.4347
    78    80   330  3.9134  1.4499
    82    80   330  3.9068  1.4461
    82    85   327  3.9045  1.4318
    76    83   326  3.8789  1.4129
    82    85   330  3.8726  1.4264
    76    82   326  3.8656  1.4054
    78    86   326  3.8630  1.4039
    76    84   327  3.8535  1.4028
    76    82   330  3.8498  1.4134
    82    82   329  3.8275  1.3965
    76    83   330  3.8269  1.4003
    76    84   326  3.8236  1.3818
    82    83   329  3.8171  1.3906
    82    86   326  3.8150  1.3770
    80    80   329  3.8023  1.3823
    77    80   330  3.8015  1.3860
    79    80   329  3.7998  1.3809
    77    80   326  3.7985  1.3678
    79    82   331  3.7975  1.3878
    80    82   331  3.7960  1.3870
    76    81   330  3.7917  1.3805
    79    83   331  3.7860  1.3813
    80    83   331  3.7857  1.3811
    76    81   326  3.7821  1.3588
    82    81   329  3.7618  1.3597
    80    86   327  3.7593  1.3502
    79    86   327  3.7493  1.3447
    81    80   329  3.7430  1.3492
    78    80   329  3.7418  1.3485
    78    82   331  3.7410  1.3561
    82    84   329  3.7374  1.3461
    81    82   331  3.7330  1.3516
    79    81   331  3.7292  1.3495
    76    84   330  3.7288  1.3453
    78    83   331  3.7277  1.3486
    77    86   326  3.7271  1.3285
    80    81   331  3.7245  1.3469
    81    83   331  3.7232  1.3462
    81    86   327  3.7174  1.3272
    80    86   330  3.7102  1.3350
    76    85   326  3.7074  1.3178
    79    84   331  3.7008  1.3337
    80    84   331  3.6996  1.3331
    81    86   330  3.6955  1.3269
    78    86   327  3.6918  1.3133
    76    83   329  3.6890  1.3195
    79    86   330  3.6832  1.3202
    76    82   329  3.6796  1.3143
    78    81   331  3.6776  1.3209
    76    85   327  3.6738  1.3035
    81    81   331  3.6600  1.3113
    76    80   330  3.6561  1.3053
    78    84   331  3.6431  1.3021
    76    84   329  3.6408  1.2932
    77    80   329  3.6381  1.2918
    82    86   330  3.6375  1.2952
    81    84   331  3.6364  1.2984
    76    80   326  3.6349  1.2787
    77    82   331  3.6339  1.2971
    82    80   329  3.6215  1.2828
    79    86   329  3.6212  1.2827
    82    86   327  3.6211  1.2751
    77    83   331  3.6179  1.2883
    78    86   330  3.6152  1.2832
    76    81   329  3.6145  1.2791
    82    82   331  3.6096  1.2838
    80    86   329  3.6049  1.2739
    82    85   329  3.6005  1.2716
    82    83   331  3.5999  1.2786
    77    86   327  3.5923  1.2598
    78    86   329  3.5874  1.2645
    79    80   331  3.5835  1.2698
    77    81   331  3.5768  1.2662
    80    80   331  3.5738  1.2646
    76    85   330  3.5676  1.2576
    79    85   331  3.5536  1.2538
    80    85   331  3.5499  1.2518
    76    86   326  3.5398  1.2285
    78    80   331  3.5395  1.2462
    81    86   329  3.5374  1.2380
    76    85   329  3.5370  1.2378
    82    81   331  3.5370  1.2449
    77    84   331  3.5335  1.2431
    82    84   331  3.5132  1.2323
    81    80   331  3.5073  1.2292
    77    86   330  3.5066  1.2253
    77    86   329  3.5064  1.2217
    76    80   329  3.5004  1.2185
    78    85   331  3.4986  1.2246
    76    82   331  3.4858  1.2179
    81    85   331  3.4853  1.2176
    76    83   331  3.4659  1.2075
    76    86   327  3.4559  1.1885
    77    80   331  3.4490  1.1986
    76    81   331  3.4367  1.1922
    82    86   329  3.4207  1.1772
    77    85   331  3.3911  1.1687
    82    80   331  3.3857  1.1659
    76    86   329  3.3821  1.1575
    76    84   331  3.3810  1.1635
    82    85   331  3.3624  1.1540
    79    86   331  3.3588  1.1521
    76    86   330  3.3577  1.1484
    80    86   331  3.3521  1.1488
    76    80   331  3.3220  1.1335
    78    86   331  3.3071  1.1260
    81    86   331  3.2861  1.1154
    76    85   331  3.2400  1.0924
    77    86   331  3.2027  1.0740
    82    86   331  3.1647  1.0555
    76    86   331  3.0538  1.0021
    83    83   328  4.1654  1.5904
    83    82   328  4.1529  1.5828
    83    82   327  4.1509  1.5767
    83    83   326  4.1263  1.5570
    83    82   326  4.1222  1.5545
    83    83   327  4.1092  1.5516
    83    84   328  4.0997  1.5507
    83    81   327  4.0827  1.5357
    79    79   327  4.0691  1.5276
    80    79   327  4.0658  1.5257
    83    81   328  4.0571  1.5252
    75    83   328  4.0550  1.5240
    75    82   328  4.0519  1.5221
    83    82   330  4.0503  1.5305
    79    79   328  4.0448  1.5179
    83    83   330  4.0434  1.5264
    79    87   328  4.0432  1.5170
    83    84   326  4.0404  1.5060
    83    81   326  4.0225  1.4955
    80    79   328  4.0224  1.5047
    78    79   328  4.0185  1.5023
    80    87   328  4.0133  1.4993
    78    79   327  4.0121  1.4940
    78    87   328  4.0032  1.4933
    80    82   332  3.9994  1.5093
    75    84   328  3.9969  1.4897
    81    79   327  3.9950  1.4840
    75    81   328  3.9875  1.4841
    80    81   332  3.9827  1.4994
    81    82   332  3.9826  1.4993
    83    85   328  3.9676  1.4726
    83    84   327  3.9664  1.4674
    83    81   330  3.9559  1.4746
    81    81   332  3.9559  1.4835
    79    82   332  3.9544  1.4826
    77    79   328  3.9485  1.4615
    79    81   332  3.9480  1.4788
    81    79   328  3.9474  1.4608
    83    84   330  3.9428  1.4670
    80    83   332  3.9295  1.4680
    81    83   332  3.9217  1.4634
    81    87   328  3.9174  1.4435
    83    80   327  3.9097  1.4347
    77    79   327  3.9065  1.4329
    82    82   332  3.9025  1.4522
    77    87   328  3.8929  1.4294
    80    80   332  3.8810  1.4398
    83    80   328  3.8809  1.4226
    75    85   328  3.8794  1.4217
    83    85   326  3.8786  1.4127
    79    83   332  3.8769  1.4374
    82    81   332  3.8662  1.4312
    75    80   328  3.8657  1.4139
    79    80   332  3.8583  1.4266
    78    81   332  3.8573  1.4261
    82    79   327  3.8551  1.4037
    78    82   332  3.8533  1.4238
    82    83   332  3.8518  1.4229
    81    80   332  3.8443  1.4186
    76    79   328  3.8396  1.3991
    83    80   326  3.8317  1.3863
    75    82   327  3.8251  1.3868
    82    79   328  3.8181  1.3871
    75    81   327  3.8112  1.3790
    80    79   326  3.8019  1.3697
    83    86   328  3.7839  1.3679
    80    84   332  3.7824  1.3834
    78    80   332  3.7816  1.3829
    81    84   332  3.7811  1.3826
    81    79   326  3.7793  1.3572
    75    83   327  3.7720  1.3572
    79    79   326  3.7705  1.3523
    78    83   332  3.7698  1.3762
    76    79   327  3.7662  1.3540
    83    85   330  3.7655  1.3657
    83    80   330  3.7641  1.3649
    82    87   328  3.7634  1.3565
    83    82   332  3.7618  1.3717
    80    79   330  3.7556  1.3602
    82    80   332  3.7471  1.3635
    83    85   327  3.7438  1.3417
    79    79   330  3.7396  1.3513
    75    80   327  3.7338  1.3361
    79    84   332  3.7259  1.3516
    83    83   332  3.7224  1.3497
    81    79   330  3.7223  1.3417
    82    84   332  3.7205  1.3486
    77    81   332  3.7204  1.3485
    80    87   326  3.7170  1.3230
    83    81   332  3.7167  1.3465
    76    87   328  3.7150  1.3298
    79    87   326  3.7083  1.3183
    80    79   332  3.7066  1.3408
    77    82   332  3.7059  1.3404
    75    86   328  3.7046  1.3241
    82    79   326  3.6999  1.3137
    79    79   332  3.6968  1.3354
    75    79   328  3.6955  1.3191
    78    79   326  3.6927  1.3098
    78    79   330  3.6803  1.3186
    81    87   326  3.6656  1.2952
    81    79   332  3.6611  1.3157
    77    80   332  3.6604  1.3153
    83    86   326  3.6592  1.2918
    75    82   330  3.6570  1.3058
    75    84   327  3.6569  1.2943
    75    83   326  3.6498  1.2867
    83    79   327  3.6497  1.2905
    75    82   326  3.6453  1.2843
    83    82   329  3.6415  1.2936
    78    87   326  3.6388  1.2808
    78    79   332  3.6369  1.3024
    83    79   328  3.6365  1.2872
    82    79   330  3.6348  1.2938
    75    83   330  3.6331  1.2928
    83    83   329  3.6330  1.2890
    77    83   332  3.6171  1.2916
    78    84   332  3.6170  1.2916
    75    81   330  3.6050  1.2776
    75    79   327  3.6044  1.2662
    83    84   332  3.6030  1.2840
    79    79   329  3.6015  1.2721
    80    79   329  3.5960  1.2691
    83    80   332  3.5927  1.2784
    75    84   326  3.5906  1.2552
    77    79   330  3.5839  1.2664
    77    79   326  3.5788  1.2490
    83    81   329  3.5778  1.2594
    81    85   332  3.5777  1.2703
    75    81   326  3.5766  1.2478
    80    85   332  3.5757  1.2693
    83    79   326  3.5653  1.2418
    83    87   328  3.5633  1.2481
    82    79   332  3.5595  1.2605
    83    84   329  3.5585  1.2492
    82    87   326  3.5578  1.2379
    78    79   329  3.5559  1.2478
    76    81   332  3.5490  1.2549
    75    84   330  3.5369  1.2413
    77    79   332  3.5356  1.2477
    83    86   330  3.5343  1.2399
    81    79   329  3.5342  1.2363
    82    85   332  3.5239  1.2415
    76    82   332  3.5234  1.2413
    79    85   332  3.5191  1.2390
    75    83   329  3.5123  1.2248
    77    87   326  3.5110  1.2135
    76    80   332  3.5061  1.2321
    75    82   329  3.5020  1.2194
    75    85   327  3.4908  1.2065
    83    79   330  3.4906  1.2169
    75    80   330  3.4821  1.2125
    75    87   328  3.4752  1.2019
    75    85   326  3.4737  1.1942
    83    86   327  3.4711  1.1963
    75    84   329  3.4682  1.2018
    77    79   329  3.4681  1.2017
    77    84   332  3.4641  1.2099
    79    87   327  3.4624  1.1918
    80    87   327  3.4608  1.1910
    76    79   330  3.4563  1.1990
    80    87   330  3.4517  1.1966
    75    80   326  3.4509  1.1825
    83    80   329  3.4433  1.1889
    75    81   329  3.4415  1.1879
    76    79   326  3.4395  1.1767
    81    87   330  3.4327  1.1868
    83    82   331  3.4316  1.1896
    76    83   332  3.4297  1.1919
    79    87   330  3.4297  1.1852
    83    85   329  3.4296  1.1818
    83    83   331  3.4217  1.1844
    78    87   327  3.4197  1.1700
    83    85   332  3.4173  1.1855
    82    79   329  3.4162  1.1749
    81    87   327  3.4129  1.1665
    78    85   332  3.4125  1.1830
    79    87   329  3.4064  1.1699
    83    79   332  3.4046  1.1789
    76    79   332  3.4038  1.1785
    83    87   326  3.4010  1.1571
    80    87   329  3.3874  1.1602
    75    85   330  3.3783  1.1588
    78    87   329  3.3774  1.1551
    82    87   330  3.3731  1.1562
    79    79   331  3.3709  1.1583
    75    85   329  3.3694  1.1510
    78    87   330  3.3659  1.1525
    83    81   331  3.3611  1.1533
    75    81   332  3.3550  1.1534
    80    79   331  3.3549  1.1502
    76    79   329  3.3485  1.1404
    75    80   329  3.3393  1.1358
    78    79   331  3.3374  1.1413
    83    84   331  3.3365  1.1408
    77    87   327  3.3359  1.1277
    81    86   332  3.3319  1.1417
    75    80   332  3.3306  1.1410
    76    87   326  3.3300  1.1215
    80    86   332  3.3300  1.1407
    81    87   329  3.3211  1.1267
    82    87   327  3.3184  1.1190
    75    82   332  3.3174  1.1343
    75    86   326  3.3081  1.1106
    75    82   331  3.3066  1.1257
    75    79   330  3.3024  1.1204
    77    87   329  3.3015  1.1169
    75    86   327  3.2870  1.1034
    81    79   331  3.2866  1.1157
    75    79   326  3.2834  1.0985
    82    86   332  3.2824  1.1166
    75    83   331  3.2815  1.1131
    76    84   332  3.2769  1.1139
    79    86   332  3.2764  1.1137
    83    87   330  3.2729  1.1057
    75    81   331  3.2676  1.1062
    77    85   332  3.2632  1.1070
    77    79   331  3.2615  1.1031
    77    87   330  3.2600  1.0993
    83    86   329  3.2599  1.0962
    75    79   332  3.2524  1.1016
    83    79   329  3.2471  1.0898
    75    86   329  3.2184  1.0757
    75    83   332  3.2181  1.0846
    83    80   331  3.2146  1.0799
    76    87   327  3.2141  1.0676
    82    87   329  3.2107  1.0720
    75    79   329  3.2069  1.0701
    75    84   331  3.1949  1.0702
    83    85   331  3.1889  1.0673
    83    86   332  3.1849  1.0682
    76    87   329  3.1814  1.0577
    83    87   327  3.1796  1.0509
    78    86   332  3.1749  1.0633
    75    86   330  3.1703  1.0552
    75    80   331  3.1690  1.0575
    82    79   331  3.1679  1.0570
    76    79   331  3.1530  1.0497
    79    87   331  3.1289  1.0381
    80    87   331  3.1204  1.0340
    76    87   330  3.1124  1.0273
    75    87   326  3.1029  1.0115
    78    87   331  3.0801  1.0147
    76    85   332  3.0799  1.0173
    75    84   332  3.0651  1.0102
    81    87   332  3.0628  1.0092
    80    87   332  3.0626  1.0091
    83    87   329  3.0616  1.0004
    75    87   327  3.0578  0.9931
    81    87   331  3.0547  1.0026
    75    85   331  3.0545  1.0025
    77    86   332  3.0314  0.9942
    75    79   331  3.0224  0.9873
    75    87   329  3.0205  0.9811
    82    87   332  3.0158  0.9869
    79    87   332  3.0137  0.9859
    83    79   331  3.0045  0.9789
    83    86   331  2.9965  0.9752
    77    87   331  2.9785  0.9668
    82    87   331  2.9373  0.9477
    83    87   332  2.9260  0.9450
    75    87   330  2.9255  0.9397
    78    87   332  2.9182  0.9414
    75    85   332  2.8712  0.9198
    75    86   331  2.8700  0.9168
    76    86   332  2.8537  0.9119
    76    87   331  2.8322  0.8998
    77    87   332  2.7811  0.8792
    83    87   331  2.7777  0.8754
    75    87   331  2.6509  0.8199
    75    86   332  2.6497  0.8215
    76    87   332  2.6093  0.8041
    80    83   333  4.0097  1.5200
    81    83   333  3.9911  1.5089
    80    82   333  3.9791  1.5017
    79    83   333  3.9732  1.4982
    80    84   333  3.9662  1.4940
    81    82   333  3.9592  1.4899
    81    84   333  3.9470  1.4827
    79    82   333  3.9436  1.4807
    79    84   333  3.9314  1.4735
    84    83   326  3.9225  1.4377
    84    82   326  3.9200  1.4362
    82    83   333  3.9112  1.4616
    84    83   328  3.9026  1.4350
    84    82   328  3.8930  1.4295
    78    83   333  3.8904  1.4495
    84    82   327  3.8880  1.4223
    82    82   333  3.8773  1.4419
    80    81   333  3.8699  1.4376
    82    84   333  3.8688  1.4369
    78    82   333  3.8622  1.4332
    84    83   330  3.8606  1.4195
    80    85   333  3.8583  1.4309
    84    83   327  3.8574  1.4050
    84    82   330  3.8569  1.4174
    78    84   333  3.8504  1.4263
    81    81   333  3.8475  1.4246
    84    84   328  3.8383  1.3984
    79    81   333  3.8383  1.4193
    81    85   333  3.8367  1.4184
    84    84   326  3.8366  1.3891
    79    85   333  3.8277  1.4132
    84    81   326  3.8239  1.3820
    84    81   327  3.8139  1.3805
    74    82   328  3.8092  1.3821
    84    81   328  3.8041  1.3792
    74    83   328  3.7978  1.3756
    79    78   327  3.7862  1.3651
    84    84   330  3.7716  1.3692
    79    88   328  3.7711  1.3608
    77    83   333  3.7705  1.3806
    83    83   333  3.7674  1.3789
    82    81   333  3.7642  1.3771
    74    81   328  3.7630  1.3563
    80    78   327  3.7625  1.3520
    78    81   333  3.7619  1.3758
    82    85   333  3.7593  1.3743
    84    81   330  3.7548  1.3597
    78    78   327  3.7547  1.3477
    78    85   333  3.7507  1.3695
    79    78   328  3.7506  1.3494
    77    82   333  3.7449  1.3662
    80    88   328  3.7425  1.3449
    78    78   328  3.7406  1.3439
    77    84   333  3.7310  1.3584
    83    82   333  3.7307  1.3582
    78    88   328  3.7303  1.3382
    84    84   327  3.7298  1.3340
    83    84   333  3.7295  1.3576
    74    84   328  3.7277  1.3368
    80    78   328  3.7180  1.3315
    84    85   328  3.7117  1.3280
    80    86   333  3.6973  1.3396
    77    78   328  3.6919  1.3172
    80    80   333  3.6863  1.3334
    77    78   327  3.6783  1.3059
    81    78   327  3.6780  1.3057
    84    85   326  3.6759  1.3008
    79    86   333  3.6723  1.3257
    81    86   333  3.6720  1.3256
    74    80   328  3.6633  1.3016
    79    80   333  3.6608  1.3193
    81    80   333  3.6606  1.3192
    77    81   333  3.6511  1.3140
    81    88   328  3.6503  1.2946
    84    80   327  3.6412  1.2859
    81    78   328  3.6397  1.2889
    84    80   326  3.6393  1.2811
    84    80   328  3.6389  1.2884
    77    85   333  3.6338  1.3045
    83    85   333  3.6251  1.2998
    76    83   333  3.6212  1.2976
    77    88   328  3.6186  1.2775
    83    81   333  3.6174  1.2955
    76    78   328  3.6078  1.2717
    84    85   330  3.6054  1.2779
    78    86   333  3.6005  1.2863
    76    82   333  3.6001  1.2861
    74    85   328  3.6001  1.2676
    74    82   327  3.5991  1.2634
    82    86   333  3.5946  1.2831
    74    81   327  3.5936  1.2605
    78    80   333  3.5932  1.2823
    76    84   333  3.5800  1.2752
    82    80   333  3.5772  1.2737
    76    78   327  3.5695  1.2477
    84    82   332  3.5670  1.2645
    84    83   333  3.5620  1.2655
    84    80   330  3.5603  1.2537
    74    83   327  3.5464  1.2355
    84    83   332  3.5397  1.2499
    84    86   328  3.5378  1.2346
    74    80   327  3.5341  1.2291
    82    78   327  3.5322  1.2281
    84    84   333  3.5315  1.2491
    84    85   327  3.5252  1.2244
    84    82   333  3.5216  1.2438
    74    79   328  3.5192  1.2248
    76    81   333  3.5149  1.2403
    82    78   328  3.5143  1.2223
    84    81   332  3.5138  1.2362
    82    88   328  3.5044  1.2171
    77    80   333  3.4934  1.2289
    80    87   333  3.4926  1.2284
    75    78   328  3.4909  1.2101
    80    78   326  3.4902  1.2027
    77    86   333  3.4867  1.2253
    79    78   332  3.4833  1.2200
    76    85   333  3.4826  1.2231
    80    78   332  3.4799  1.2182
    79    78   326  3.4734  1.1941
    79    87   333  3.4731  1.2181
    83    86   333  3.4657  1.2142
    81    87   333  3.4635  1.2130
    81    78   326  3.4594  1.1869
    84    86   326  3.4589  1.1866
    75    83   333  3.4479  1.2049
    78    78   332  3.4418  1.1983
    80    79   333  3.4414  1.2014
    80    88   326  3.4413  1.1776
    75    78   327  3.4406  1.1807
    79    88   326  3.4400  1.1769
    76    88   328  3.4382  1.1828
    74    84   327  3.4380  1.1793
    84    85   333  3.4370  1.1991
    80    78   330  3.4358  1.1884
    74    82   330  3.4351  1.1880
    84    84   332  3.4347  1.1945
    75    82   333  3.4340  1.1976
    79    78   330  3.4337  1.1873
    83    80   333  3.4337  1.1974
    74    79   327  3.4314  1.1759
    81    78   332  3.4271  1.1906
    79    79   333  3.4241  1.1924
    74    86   328  3.4172  1.1721
    78    78   326  3.4162  1.1648
    81    79   333  3.4121  1.1862
    84    81   333  3.4094  1.1848
    84    79   328  3.4088  1.1678
    74    83   330  3.4081  1.1741
    78    87   333  3.4063  1.1832
    84    82   329  3.4053  1.1693
    74    82   326  3.4034  1.1583
    75    84   333  3.4022  1.1810
    84    83   329  3.3998  1.1665
    74    83   326  3.3949  1.1540
    81    78   330  3.3932  1.1665
    78    78   330  3.3924  1.1661
    74    81   330  3.3915  1.1656
    84    79   327  3.3880  1.1539
    84    80   332  3.3873  1.1700
    82    87   333  3.3861  1.1727
    84    86   330  3.3843  1.1619
    81    88   326  3.3843  1.1487
    84    79   326  3.3816  1.1473
    78    88   326  3.3787  1.1459
    82    78   326  3.3782  1.1456
    76    80   333  3.3705  1.1646
    78    79   333  3.3687  1.1637
    77    78   332  3.3635  1.1578
    79    78   329  3.3599  1.1462
    75    81   333  3.3598  1.1591
    74    81   326  3.3536  1.1333
    84    81   329  3.3446  1.1385
    83    78   328  3.3435  1.1347
    74    78   328  3.3435  1.1347
    80    78   329  3.3426  1.1375
    76    86   333  3.3357  1.1468
    84    84   329  3.3337  1.1330
    78    78   329  3.3324  1.1323
    84    87   328  3.3318  1.1288
    82    79   333  3.3303  1.1440
    83    78   327  3.3302  1.1248
    77    78   326  3.3280  1.1205
    74    84   326  3.3275  1.1203
    82    78   332  3.3239  1.1376
    83    88   328  3.3181  1.1220
    77    78   330  3.3175  1.1280
    74    84   330  3.3119  1.1252
    74    83   329  3.3109  1.1216
    74    82   329  3.3036  1.1179
    82    78   330  3.3022  1.1203
    75    85   333  3.3015  1.1294
    74    78   327  3.3006  1.1101
    77    87   333  3.2955  1.1264
    84    79   330  3.2905  1.1145
    84    86   333  3.2888  1.1230
    77    79   333  3.2843  1.1207
    74    80   330  3.2838  1.1112
    74    85   327  3.2821  1.1010
    81    78   329  3.2767  1.1045
    82    88   326  3.2743  1.0940
    84    86   327  3.2722  1.0961
    77    78   329  3.2672  1.0998
    74    84   329  3.2668  1.0996
    84    85   332  3.2639  1.1074
    83    87   333  3.2629  1.1099
    77    88   326  3.2591  1.0866
    76    78   332  3.2579  1.1044
    74    83   333  3.2534  1.1052
    74    80   326  3.2532  1.0836
    74    81   329  3.2511  1.0918
    80    88   333  3.2500  1.1035
    74    82   333  3.2496  1.1033
    83    78   326  3.2481  1.0812
    79    88   333  3.2346  1.0958
    84    80   333  3.2325  1.0947
    75    80   333  3.2310  1.0940
    84    80   329  3.2190  1.0761
    81    88   333  3.2185  1.0878
    76    78   326  3.2182  1.0667
    84    85   329  3.2171  1.0751
    76    78   330  3.2140  1.0766
    84    82   331  3.2085  1.0769
    74    85   326  3.2065  1.0610
    84    87   326  3.2049  1.0602
    84    79   332  3.2023  1.0768
    74    84   333  3.2001  1.0787
    84    83   331  3.1986  1.0720
    75    88   328  3.1957  1.0617
    83    79   333  3.1937  1.0755
    74    81   333  3.1892  1.0733
    74    87   328  3.1823  1.0552
    76    79   333  3.1793  1.0684
    80    88   330  3.1778  1.0589
    76    78   329  3.1728  1.0535
    83    78   332  3.1727  1.0623
    78    88   333  3.1718  1.0647
    79    88   327  3.1717  1.0472
    74    85   329  3.1691  1.0517
    74    80   329  3.1630  1.0488
    82    78   329  3.1623  1.0485
    80    88   327  3.1619  1.0424
    79    88   329  3.1612  1.0479
    83    78   330  3.1611  1.0508
    79    88   330  3.1581  1.0493
    81    88   330  3.1569  1.0487
    80    78   333  3.1565  1.0572
    74    85   330  3.1546  1.0476
    75    86   333  3.1519  1.0550
    79    78   333  3.1491  1.0536
    74    81   332  3.1480  1.0502
    76    87   333  3.1446  1.0514
    74    80   332  3.1433  1.0479
    80    88   329  3.1431  1.0392
    82    88   333  3.1426  1.0504
    84    81   331  3.1419  1.0444
    78    88   327  3.1402  1.0321
    75    78   332  3.1346  1.0437
    78    88   329  3.1334  1.0346
    84    78   328  3.1324  1.0312
    84    87   330  3.1323  1.0369
    74    79   330  3.1264  1.0341
    81    78   333  3.1233  1.0411
    83    88   326  3.1197  1.0195
    84    84   331  3.1167  1.0322
    74    79   326  3.1161  1.0178
    81    88   327  3.1109  1.0181
    79    78   331  3.1097  1.0289
    78    78   333  3.1085  1.0339
    84    88   328  3.1064  1.0188
    74    82   331  3.1052  1.0267
    84    87   333  3.0981  1.0289
    74    82   332  3.0972  1.0257
    82    88   330  3.0972  1.0201
    78    88   330  3.0957  1.0193
    75    78   326  3.0943  1.0075
    74    85   333  3.0935  1.0266
    74    79   332  3.0902  1.0223
    74    86   327  3.0895  1.0080
    78    78   331  3.0894  1.0191
    75    78   330  3.0864  1.0149
    80    78   331  3.0864  1.0177
    76    88   326  3.0861  1.0036
    84    78   327  3.0812  1.0041
    81    88   329  3.0811  1.0096
    74    81   331  3.0789  1.0141
    74    80   333  3.0784  1.0194
    84    78   326  3.0746  0.9982
    74    83   331  3.0730  1.0113
    77    88   327  3.0683  0.9980
    77    88   333  3.0633  1.0121
    84    86   329  3.0624  1.0008
    75    79   333  3.0599  1.0105
    77    88   329  3.0597  0.9995
    75    78   329  3.0574  0.9984
    74    79   329  3.0513  0.9955
    84    86   332  3.0458  1.0011
    82    78   333  3.0443  1.0031
    77    78   333  3.0430  1.0024
    74    86   326  3.0404  0.9823
    84    79   329  3.0369  0.9887
    77    78   331  3.0321  0.9919
    83    88   333  3.0264  0.9946
    82    88   327  3.0206  0.9758
    74    86   329  3.0193  0.9805
    81    78   331  3.0168  0.9847
    84    79   333  3.0046  0.9842
    83    78   329  3.0045  0.9736
    84    80   331  3.0032  0.9783
    84    87   327  3.0014  0.9669
    83    88   330  3.0012  0.9747
    74    78   332  3.0011  0.9800
    74    80   331  2.9995  0.9766
    74    83   332  2.9910  0.9752
    77    88   330  2.9901  0.9695
    74    84   331  2.9835  0.9691
    82    88   329  2.9794  0.9619
    84    78   332  2.9785  0.9694
    84    85   331  2.9755  0.9654
    84    78   330  2.9716  0.9610
    74    78   326  2.9603  0.9454
    76    78   333  2.9597  0.9632
    75    87   333  2.9585  0.9626
    76    88   327  2.9580  0.9469
    74    86   330  2.9476  0.9499
    76    78   331  2.9473  0.9523
    76    88   329  2.9419  0.9447
    74    86   333  2.9390  0.9536
    74    78   330  2.9388  0.9458
    84    88   326  2.9312  0.9321
    74    79   333  2.9295  0.9491
    74    78   329  2.9278  0.9382
    83    78   333  2.9175  0.9436
    76    88   333  2.9128  0.9414
    82    78   331  2.9028  0.9318
    74    88   328  2.9014  0.9237
    83    88   327  2.8945  0.9181
    84    87   329  2.8806  0.9167
    74    79   331  2.8788  0.9209
    84    88   333  2.8749  0.9240
    79    88   331  2.8730  0.9182
    84    88   330  2.8707  0.9148
    74    87   327  2.8705  0.9073
    75    88   326  2.8674  0.9035
    80    88   331  2.8650  0.9146
    75    78   333  2.8641  0.9190
    75    78   331  2.8449  0.9055
    83    88   329  2.8435  0.9000
    74    85   331  2.8430  0.9046
    76    88   330  2.8422  0.9019
    74    87   326  2.8391  0.8909
    74    84   332  2.8363  0.9040
    78    88   331  2.8255  0.8968
    74    87   329  2.8230  0.8909
    75    88   327  2.8120  0.8813
    84    78   329  2.8115  0.8858
    84    79   331  2.8051  0.8876
    81    88   331  2.8032  0.8868
    84    87   332  2.8002  0.8878
    84    86   331  2.7929  0.8822
    80    88   332  2.7844  0.8807
    75    88   329  2.7833  0.8733
    81    88   332  2.7833  0.8802
    74    78   333  2.7590  0.8717
    83    78   331  2.7499  0.8631
    84    78   333  2.7449  0.8654
    74    87   333  2.7424  0.8643
    79    88   332  2.7395  0.8608
    82    88   332  2.7391  0.8606
    84    88   327  2.7379  0.8488
    74    78   331  2.7332  0.8558
    77    88   331  2.7261  0.8526
    75    88   333  2.7260  0.8570
    74    87   330  2.7040  0.8408
    82    88   331  2.6939  0.8385
    84    88   329  2.6794  0.8279
    74    86   331  2.6603  0.8240
    83    88   332  2.6572  0.8248
    75    88   330  2.6555  0.8198
    78    88   332  2.6495  0.8214
    74    85   332  2.6443  0.8192
    74    88   327  2.6341  0.8043
    74    88   326  2.6132  0.7933
    74    88   329  2.5891  0.7894
    84    87   331  2.5875  0.7928
    76    88   331  2.5827  0.7908
    84    78   331  2.5662  0.7838
    83    88   331  2.5472  0.7758
    84    88   332  2.5446  0.7767
    77    88   332  2.5181  0.7655
    80    83   334  4.2729  1.6879
    81    83   334  4.2447  1.6699
    80    82   334  4.2392  1.6664
    79    83   334  4.2346  1.6635
    80    84   334  4.2234  1.6564
    79    82   334  4.2054  1.6450
    81    82   334  4.2042  1.6443
    81    84   334  4.1989  1.6409
    79    84   334  4.1849  1.6321
    82    83   334  4.1430  1.6060
    78    83   334  4.1394  1.6038
    80    81   334  4.1141  1.5881
    78    82   334  4.1128  1.5873
    80    85   334  4.1049  1.5825
    82    84   334  4.1047  1.5824
    82    82   334  4.0940  1.5758
    78    84   334  4.0920  1.5745
    79    81   334  4.0892  1.5728
    81    85   334  4.0811  1.5679
    81    81   334  4.0700  1.5611
    79    85   334  4.0696  1.5608
    78    81   334  4.0049  1.5216
    77    83   334  3.9983  1.5177
    82    85   334  3.9929  1.5144
    78    85   334  3.9822  1.5080
    77    82   334  3.9731  1.5026
    83    83   334  3.9661  1.4985
    77    84   334  3.9542  1.4914
    82    81   334  3.9516  1.4898
    83    84   334  3.9389  1.4823
    80    86   334  3.9335  1.4791
    81    86   334  3.9086  1.4644
    83    82   334  3.9076  1.4639
    79    86   334  3.9030  1.4612
    80    80   334  3.8989  1.4587
    79    80   334  3.8867  1.4516
    77    81   334  3.8729  1.4436
    77    85   334  3.8502  1.4304
    81    80   334  3.8446  1.4271
    83    85   334  3.8384  1.4236
    82    86   334  3.8248  1.4157
    78    86   334  3.8221  1.4142
    76    83   334  3.8210  1.4135
    78    80   334  3.8164  1.4109
    76    82   334  3.7973  1.3999
    76    84   334  3.7796  1.3898
    83    81   334  3.7589  1.3781
    80    87   334  3.7232  1.3579
    82    80   334  3.7196  1.3559
    84    83   334  3.7181  1.3551
    76    81   334  3.7049  1.3477
    84    84   334  3.7047  1.3476
    77    80   334  3.6992  1.3445
    79    87   334  3.6971  1.3433
    81    87   334  3.6971  1.3433
    77    86   334  3.6961  1.3428
    83    86   334  3.6817  1.3347
    76    85   334  3.6799  1.3337
    85    83   326  3.6718  1.2985
    85    82   326  3.6698  1.2975
    84    82   334  3.6503  1.3174
    78    87   334  3.6215  1.3015
    84    85   334  3.6209  1.3011
    82    87   334  3.6177  1.2994
    85    83   330  3.6156  1.2834
    75    83   334  3.6147  1.2977
    79    79   334  3.6088  1.2945
    80    79   334  3.6056  1.2928
    85    83   328  3.6018  1.2685
    85    82   330  3.6003  1.2751
    75    82   334  3.5940  1.2864
    85    82   328  3.5926  1.2636
    85    84   326  3.5887  1.2542
    85    81   326  3.5782  1.2487
    75    84   334  3.5737  1.2754
    85    82   327  3.5670  1.2464
    78    79   334  3.5575  1.2667
    85    83   327  3.5482  1.2365
    76    80   334  3.5464  1.2607
    85    84   328  3.5429  1.2373
    85    84   330  3.5415  1.2437
    81    79   334  3.5412  1.2579
    73    82   328  3.5326  1.2319
    76    86   334  3.5294  1.2516
    83    80   334  3.5256  1.2495
    75    81   334  3.5105  1.2414
    85    81   328  3.5103  1.2202
    73    81   328  3.5066  1.2182
    73    83   328  3.5041  1.2169
    77    87   334  3.4995  1.2356
    84    81   334  3.4986  1.2351
    85    81   330  3.4921  1.2177
    85    81   327  3.4896  1.2059
    83    87   334  3.4862  1.2285
    80    88   334  3.4839  1.2273
    84    86   334  3.4824  1.2265
    75    85   334  3.4754  1.2228
    79    77   327  3.4729  1.1973
    78    77   327  3.4701  1.1958
    77    79   334  3.4616  1.2154
    79    88   334  3.4597  1.2145
    79    89   328  3.4596  1.1938
    81    88   334  3.4588  1.2140
    78    77   328  3.4415  1.1845
    85    84   327  3.4393  1.1800
    80    89   328  3.4377  1.1826
    79    77   328  3.4339  1.1806
    85    85   326  3.4333  1.1735
    73    80   328  3.4307  1.1790
    85    85   328  3.4272  1.1772
    80    77   327  3.4271  1.1737
    77    77   327  3.4269  1.1737
    73    84   328  3.4195  1.1733
    77    77   328  3.4152  1.1710
    78    89   328  3.4141  1.1705
    82    79   334  3.4131  1.1900
    85    84   334  3.4116  1.1892
    85    83   334  3.4097  1.1882
    85    80   326  3.4023  1.1578
    85    85   330  3.3918  1.1657
    80    77   328  3.3898  1.1581
    78    88   334  3.3866  1.1762
    82    88   334  3.3854  1.1756
    74    83   334  3.3834  1.1745
    74    82   334  3.3686  1.1669
    75    80   334  3.3680  1.1666
    73    81   327  3.3678  1.1437
    73    82   327  3.3622  1.1408
    85    80   328  3.3575  1.1418
    76    77   328  3.3571  1.1415
    81    89   328  3.3557  1.1408
    76    77   327  3.3539  1.1367
    85    85   334  3.3486  1.1566
    74    84   334  3.3395  1.1519
    76    87   334  3.3346  1.1494
    85    82   334  3.3340  1.1491
    76    79   334  3.3313  1.1477
    81    77   327  3.3286  1.1240
    73    80   327  3.3279  1.1237
    85    82   332  3.3264  1.1389
    75    86   334  3.3256  1.1448
    85    80   327  3.3225  1.1210
    73    79   328  3.3139  1.1199
    85    83   332  3.3119  1.1315
    81    77   328  3.3073  1.1166
    84    87   334  3.3062  1.1349
    73    83   327  3.3062  1.1129
    85    83   333  3.3018  1.1296
    77    89   328  3.2991  1.1125
    85    80   330  3.2990  1.1187
    74    81   334  3.2961  1.1298
    85    84   333  3.2813  1.1192
    73    85   328  3.2800  1.1030
    79    78   334  3.2757  1.1195
    84    80   334  3.2700  1.1166
    85    86   328  3.2692  1.0977
    75    77   328  3.2687  1.0974
    83    88   334  3.2667  1.1149
    85    81   332  3.2661  1.1085
    77    88   334  3.2660  1.1146
    75    77   327  3.2615  1.0908
    85    85   327  3.2588  1.0895
    85    82   333  3.2571  1.1070
    80    78   334  3.2561  1.1096
    73    79   327  3.2524  1.0864
    78    78   334  3.2468  1.1049
    79    77   332  3.2408  1.0959
    74    85   334  3.2393  1.1012
    85    86   334  3.2344  1.0987
    80    77   332  3.2246  1.0878
    82    89   328  3.2246  1.0758
    83    79   334  3.2238  1.0934
    85    86   326  3.2238  1.0693
    85    84   332  3.2237  1.0874
    80    89   334  3.2224  1.0927
    78    77   332  3.2186  1.0849
    81    89   334  3.2019  1.0825
    85    85   333  3.2009  1.0791
    73    84   327  3.2007  1.0612
    79    89   334  3.1963  1.0797
    73    82   330  3.1881  1.0639
    85    86   330  3.1875  1.0636
    82    77   328  3.1853  1.0566
    85    81   334  3.1833  1.0733
    81    78   334  3.1833  1.0733
    82    77   327  3.1787  1.0505
    77    78   334  3.1770  1.0702
    75    79   334  3.1761  1.0698
    74    80   334  3.1712  1.0674
    73    78   328  3.1680  1.0483
    81    77   332  3.1658  1.0589
    77    77   332  3.1647  1.0584
    79    77   326  3.1646  1.0409
    80    77   326  3.1632  1.0402
    74    77   327  3.1571  1.0402
    85    79   326  3.1570  1.0372
    73    83   330  3.1557  1.0482
    73    81   330  3.1555  1.0481
    73    78   327  3.1538  1.0386
    74    77   328  3.1513  1.0403
    85    81   333  3.1476  1.0529
    73    82   326  3.1457  1.0318
    85    79   328  3.1448  1.0372
    79    89   326  3.1441  1.0311
    80    89   326  3.1409  1.0295
    85    80   332  3.1391  1.0459
    82    89   334  3.1378  1.0510
    85    82   329  3.1328  1.0343
    78    77   326  3.1318  1.0252
    85    83   329  3.1308  1.0333
    75    87   334  3.1299  1.0471
    73    83   334  3.1296  1.0469
    73    82   334  3.1244  1.0444
    78    89   334  3.1222  1.0434
    81    77   326  3.1213  1.0202
    73    83   326  3.1208  1.0200
    73    81   326  3.1182  1.0187
    76    89   328  3.1168  1.0238
    84    88   334  3.1073  1.0361
    76    88   334  3.1008  1.0329
    79    77   330  3.0990  1.0209
    79    77   329  3.0952  1.0163
    78    77   329  3.0899  1.0138
    78    89   326  3.0896  1.0053
    73    82   329  3.0889  1.0133
    73    83   329  3.0888  1.0132
    73    86   328  3.0883  1.0102
    74    86   334  3.0873  1.0264
    76    77   332  3.0871  1.0208
    80    77   330  3.0852  1.0143
    85    87   334  3.0847  1.0251
    85    87   328  3.0837  1.0081
    85    79   327  3.0835  1.0052
    81    89   326  3.0825  1.0019
    73    84   334  3.0792  1.0225
    78    77   330  3.0791  1.0114
    85    81   329  3.0763  1.0073
    76    78   334  3.0750  1.0205
    85    84   329  3.0748  1.0066
    77    77   326  3.0726  0.9973
    85    85   332  3.0717  1.0134
    85    86   333  3.0696  1.0152
    73    81   334  3.0661  1.0162
    73    80   330  3.0656  1.0050
    82    77   332  3.0633  1.0094
    80    77   329  3.0631  1.0011
    83    89   328  3.0584  0.9961
    73    84   330  3.0578  1.0013
    82    78   334  3.0561  1.0114
    77    77   329  3.0520  0.9959
    73    85   327  3.0514  0.9901
    73    81   329  3.0481  0.9940
    73    82   333  3.0480  1.0048
    73    80   326  3.0454  0.9846
    73    77   327  3.0438  0.9866
    73    84   326  3.0423  0.9831
    73    84   329  3.0403  0.9903
    85    79   330  3.0393  0.9926
    73    83   333  3.0388  1.0004
    82    77   326  3.0364  0.9804
    83    89   334  3.0345  1.0011
    85    86   327  3.0334  0.9817
    81    77   330  3.0334  0.9898
    77    77   330  3.0296  0.9880
    83    77   328  3.0253  0.9806
    73    77   328  3.0065  0.9719
    73    81   333  3.0042  0.9840
    74    79   334  3.0035  0.9864
    77    89   334  3.0008  0.9851
    76    77   326  2.9949  0.9612
    75    77   332  2.9934  0.9764
    81    77   329  2.9912  0.9674
    76    77   329  2.9875  0.9657
    83    77   327  2.9830  0.9584
    84    79   334  2.9814  0.9759
    85    80   333  2.9807  0.9730
    85    87   326  2.9798  0.9543
    77    89   326  2.9789  0.9539
    73    80   329  2.9769  0.9608
    73    84   333  2.9755  0.9706
    82    89   326  2.9749  0.9521
    73    85   334  2.9742  0.9725
    80    89   333  2.9738  0.9698
    85    85   329  2.9734  0.9592
    85    80   334  2.9659  0.9686
    85    80   329  2.9623  0.9541
    73    80   334  2.9611  0.9664
    85    79   332  2.9601  0.9608
    79    89   333  2.9600  0.9633
    76    77   330  2.9545  0.9531
    85    87   330  2.9524  0.9521
    85    82   331  2.9518  0.9544
    73    80   332  2.9507  0.9564
    75    78   334  2.9489  0.9607
    81    89   333  2.9429  0.9553
    85    83   331  2.9422  0.9499
    82    77   330  2.9410  0.9468
    73    85   329  2.9401  0.9439
    73    79   326  2.9400  0.9362
    73    81   332  2.9348  0.9490
    73    79   330  2.9327  0.9430
    73    79   332  2.9231  0.9437
    83    77   332  2.9185  0.9415
    73    85   326  2.9149  0.9248
    79    77   334  2.9140  0.9445
    73    80   333  2.9139  0.9419
    85    88   334  2.9133  0.9441
    83    77   326  2.9101  0.9226
    78    77   334  2.9084  0.9419
    75    77   326  2.9042  0.9200
    75    77   329  2.9025  0.9267
    73    85   330  2.9009  0.9284
    78    89   333  2.8995  0.9353
    85    87   333  2.8973  0.9343
    84    89   334  2.8971  0.9366
    80    89   330  2.8963  0.9264
    75    88   334  2.8945  0.9354
    79    89   329  2.8910  0.9215
    85    81   331  2.8903  0.9261
    74    77   332  2.8900  0.9284
    85    78   328  2.8893  0.9182
    74    87   334  2.8891  0.9330
    73    82   331  2.8882  0.9251
    73    79   329  2.8868  0.9196
    79    89   327  2.8847  0.9137
    85    88   328  2.8830  0.9154
    82    77   329  2.8801  0.9165
    80    77   334  2.8788  0.9282
    83    78   334  2.8781  0.9279
    81    89   330  2.8772  0.9177
    73    81   331  2.8772  0.9201
    80    89   329  2.8771  0.9152
    79    89   330  2.8751  0.9167
    75    89   328  2.8748  0.9117
    85    86   332  2.8726  0.9205
    80    89   327  2.8721  0.9080
    84    89   328  2.8714  0.9101
    82    89   333  2.8713  0.9223
    73    82   332  2.8693  0.9190
    77    77   334  2.8670  0.9228
    73    86   327  2.8668  0.9057
    85    84   331  2.8656  0.9149
    85    78   326  2.8652  0.9025
    73    78   332  2.8626  0.9159
    78    89   329  2.8616  0.9082
    73    85   333  2.8612  0.9177
    79    77   333  2.8603  0.9173
    78    89   327  2.8592  0.9022
    75    77   330  2.8573  0.9087
    80    77   333  2.8568  0.9157
    73    87   328  2.8490  0.9001
    73    83   331  2.8470  0.9064
    85    86   329  2.8369  0.8971
    78    77   333  2.8364  0.9064
    76    89   334  2.8344  0.9079
    84    77   328  2.8316  0.8923
    83    89   326  2.8274  0.8857
    79    77   331  2.8233  0.8958
    81    89   327  2.8231  0.8862
    81    89   329  2.8226  0.8907
    82    89   330  2.8214  0.8925
    73    80   331  2.8201  0.8943
    81    77   333  2.8194  0.8987
    73    79   334  2.8191  0.9010
    73    86   334  2.8183  0.9006
    78    77   331  2.8182  0.8935
    73    78   326  2.8175  0.8813
    76    89   326  2.8168  0.8810
    78    89   330  2.8113  0.8880
    83    77   330  2.8074  0.8863
    74    78   334  2.8058  0.8950
    74    77   326  2.8031  0.8750
    74    77   329  2.8021  0.8816
    81    77   334  2.8002  0.8924
    85    78   327  2.7980  0.8751
    85    79   329  2.7977  0.8796
    76    77   334  2.7961  0.8906
    77    89   327  2.7950  0.8738
    77    89   333  2.7930  0.8869
    80    77   331  2.7919  0.8817
    85    87   327  2.7917  0.8723
    77    77   333  2.7917  0.8863
    73    86   329  2.7897  0.8761
    73    79   333  2.7891  0.8851
    73    78   329  2.7888  0.8757
    77    89   329  2.7881  0.8754
    77    77   331  2.7829  0.8777
    73    77   332  2.7807  0.8791
    73    78   330  2.7747  0.8718
    85    79   333  2.7699  0.8765
    83    89   333  2.7645  0.8741
    85    80   331  2.7621  0.8685
    73    83   332  2.7546  0.8674
    73    84   331  2.7535  0.8647
    84    77   327  2.7507  0.8544
    85    78   332  2.7475  0.8643
    73    86   326  2.7474  0.8507
    84    77   326  2.7471  0.8505
    82    77   333  2.7437  0.8649
    74    77   330  2.7411  0.8570
    82    89   327  2.7410  0.8501
    85    78   330  2.7393  0.8562
    84    77   332  2.7353  0.8589
    85    85   331  2.7342  0.8562
    83    77   329  2.7338  0.8515
    83    89   330  2.7325  0.8532
    76    77   333  2.7322  0.8598
    82    89   329  2.7320  0.8507
    85    89   334  2.7314  0.8617
    73    79   331  2.7283  0.8536
    76    77   331  2.7259  0.8526
    81    77   331  2.7214  0.8506
    85    88   326  2.7190  0.8384
    85    88   330  2.7081  0.8425
    77    89   330  2.7042  0.8408
    75    77   334  2.7023  0.8488
    73    86   333  2.7012  0.8461
    85    79   334  2.6984  0.8471
    73    86   330  2.6956  0.8371
    85    88   333  2.6935  0.8428
    76    89   327  2.6932  0.8295
    73    77   326  2.6917  0.8267
    73    77   329  2.6904  0.8327
    82    77   334  2.6785  0.8383
    85    89   328  2.6760  0.8243
    85    87   329  2.6745  0.8258
    76    89   329  2.6722  0.8248
    75    77   333  2.6622  0.8291
    84    78   334  2.6568  0.8289
    73    87   327  2.6563  0.8137
    75    77   331  2.6562  0.8222
    74    88   334  2.6522  0.8269
    73    78   334  2.6517  0.8267
    84    89   326  2.6506  0.8091
    85    87   332  2.6456  0.8198
    73    78   333  2.6449  0.8216
    76    89   333  2.6442  0.8213
    84    77   330  2.6347  0.8108
    83    89   327  2.6302  0.8026
    83    77   333  2.6280  0.8143
    84    89   333  2.6279  0.8142
    75    89   334  2.6275  0.8161
    73    87   334  2.6178  0.8119
    73    78   331  2.6169  0.8053
    84    89   330  2.6143  0.8021
    82    77   331  2.6137  0.8040
    73    85   331  2.6128  0.8036
    75    89   326  2.6116  0.7926
    85    77   328  2.6109  0.7965
    83    89   329  2.6106  0.7985
    73    77   330  2.6091  0.7999
    79    89   331  2.5968  0.7968
    73    84   332  2.5965  0.7987
    73    87   329  2.5949  0.7919
    85    78   329  2.5936  0.7913
    80    89   331  2.5929  0.7951
    74    77   334  2.5917  0.8007
    74    89   328  2.5849  0.7856
    74    77   333  2.5837  0.7952
    74    77   331  2.5802  0.7897
    85    79   331  2.5795  0.7894
    73    88   328  2.5701  0.7794
    85    86   331  2.5655  0.7835
    84    77   329  2.5589  0.7767
    85    88   327  2.5570  0.7719
    75    89   327  2.5561  0.7715
    76    89   330  2.5557  0.7774
    85    77   326  2.5539  0.7686
    73    87   326  2.5506  0.7672
    78    89   331  2.5486  0.7764
    81    89   331  2.5392  0.7724
    85    78   333  2.5324  0.7735
    85    77   332  2.5188  0.7658
    75    89   329  2.5175  0.7594
    83    77   334  2.5174  0.7691
    74    88   333  2.5092  0.7637
    73    87   333  2.5018  0.7606
    73    77   331  2.5007  0.7563
    79    82   335  4.2576  1.6833
    80    82   335  4.2471  1.6765
    79    81   335  4.2260  1.6631
    80    81   335  4.2094  1.6525
    78    82   335  4.2032  1.6486
    79    83   335  4.1998  1.6465
    80    83   335  4.1922  1.6417
    78    81   335  4.1770  1.6321
    81    82   335  4.1713  1.6285
    78    83   335  4.1438  1.6113
    81    81   335  4.1275  1.6012
    81    83   335  4.1207  1.5970
    79    80   335  4.1051  1.5873
    77    82   335  4.0863  1.5757
    80    80   335  4.0799  1.5718
    78    80   335  4.0652  1.5628
    77    81   335  4.0648  1.5625
    79    84   335  4.0615  1.5605
    80    84   335  4.0536  1.5557
    82    82   335  4.0324  1.5428
    77    83   335  4.0266  1.5392
    78    84   335  4.0076  1.5278
    81    80   335  3.9907  1.5176
    82    83   335  3.9869  1.5153
    81    84   335  3.9839  1.5135
    82    81   335  3.9830  1.5130
    77    80   335  3.9624  1.5007
    76    82   335  3.9120  1.4708
    79    79   335  3.9051  1.4667
    76    81   335  3.8951  1.4608
    77    84   335  3.8936  1.4599
    78    79   335  3.8776  1.4505
    80    79   335  3.8695  1.4458
    79    85   335  3.8581  1.4392
    82    84   335  3.8541  1.4368
    76    83   335  3.8524  1.4359
    80    85   335  3.8470  1.4327
    82    80   335  3.8412  1.4293
    83    82   335  3.8349  1.4257
    78    85   335  3.8091  1.4108
    76    80   335  3.8026  1.4070
    83    83   335  3.7950  1.4027
    77    79   335  3.7887  1.3991
    83    81   335  3.7814  1.3949
    81    85   335  3.7765  1.3921
    81    79   335  3.7727  1.3899
    76    84   335  3.7231  1.3618
    77    85   335  3.7008  1.3493
    75    82   335  3.6882  1.3422
    75    81   335  3.6764  1.3356
    83    84   335  3.6687  1.3313
    82    85   335  3.6496  1.3207
    79    78   335  3.6451  1.3182
    76    79   335  3.6443  1.3178
    83    80   335  3.6378  1.3142
    78    78   335  3.6325  1.3113
    75    83   335  3.6283  1.3089
    82    79   335  3.6196  1.3041
    79    86   335  3.6069  1.2972
    80    78   335  3.5980  1.2923
    75    80   335  3.5949  1.2906
    80    86   335  3.5908  1.2884
    84    82   335  3.5866  1.2861
    78    86   335  3.5643  1.2739
    77    78   335  3.5615  1.2724
    84    83   335  3.5527  1.2676
    76    85   335  3.5362  1.2587
    84    81   335  3.5309  1.2559
    81    86   335  3.5184  1.2491
    75    84   335  3.5023  1.2405
    81    78   335  3.4940  1.2361
    83    85   335  3.4715  1.2241
    77    86   335  3.4630  1.2196
    75    79   335  3.4539  1.2148
    76    78   335  3.4375  1.2061
    84    84   335  3.4356  1.2051
    74    82   335  3.4252  1.1996
    74    81   335  3.4201  1.1970
    83    79   335  3.4173  1.1955
    82    86   335  3.3940  1.1833
    84    80   335  3.3894  1.1809
    86    83   326  3.3835  1.1483
    86    82   326  3.3811  1.1471
    74    83   335  3.3636  1.1675
    78    77   335  3.3538  1.1625
    74    80   335  3.3515  1.1613
    79    77   335  3.3498  1.1604
    82    78   335  3.3389  1.1548
    79    87   335  3.3233  1.1468
    75    85   335  3.3207  1.1455
    86    83   330  3.3126  1.1255
    86    84   326  3.3058  1.1095
    76    86   335  3.3053  1.1376
    77    77   335  3.3034  1.1366
    80    87   335  3.3026  1.1362
    85    82   335  3.2990  1.1344
    86    81   326  3.2946  1.1040
    80    77   335  3.2908  1.1302
    78    87   335  3.2871  1.1283
    86    82   330  3.2860  1.1122
    86    83   328  3.2789  1.1025
    85    83   335  3.2714  1.1204
    75    78   335  3.2699  1.1196
    86    82   328  3.2676  1.0969
    86    84   330  3.2558  1.0972
    84    85   335  3.2507  1.1099
    85    81   335  3.2431  1.1061
    74    84   335  3.2397  1.1044
    74    79   335  3.2297  1.0993
    86    84   328  3.2294  1.0781
    81    87   335  3.2289  1.0989
    72    82   328  3.2287  1.0778
    83    86   335  3.2244  1.0967
    72    81   328  3.2239  1.0755
    86    82   327  3.2064  1.0639
    76    77   335  3.2035  1.0863
    86    83   327  3.1990  1.0603
    77    87   335  3.1927  1.0809
    86    81   328  3.1906  1.0592
    78    76   327  3.1856  1.0539
    72    83   328  3.1820  1.0551
    81    77   335  3.1804  1.0748
    77    76   327  3.1764  1.0494
    84    79   335  3.1753  1.0723
    86    81   330  3.1747  1.0574
    72    80   328  3.1728  1.0506
    85    84   335  3.1664  1.0679
    86    85   326  3.1598  1.0385
    79    76   327  3.1590  1.0411
    78    76   328  3.1424  1.0360
    83    78   335  3.1408  1.0553
    76    76   327  3.1396  1.0318
    73    81   335  3.1393  1.0545
    77    76   328  3.1382  1.0340
    72    81   327  3.1356  1.0299
    73    82   335  3.1353  1.0525
    86    85   328  3.1294  1.0298
    86    80   326  3.1294  1.0240
    86    81   327  3.1283  1.0264
    86    85   330  3.1273  1.0345
    79    90   328  3.1186  1.0246
    79    76   328  3.1173  1.0240
    72    80   327  3.1167  1.0209
    72    82   327  3.1164  1.0207
    86    84   327  3.1111  1.0182
    80    90   328  3.1086  1.0199
    82    87   335  3.1084  1.0394
    85    80   335  3.1075  1.0390
    76    76   328  3.1055  1.0184
    75    86   335  3.0964  1.0336
    80    76   327  3.0907  1.0086
    73    80   335  3.0858  1.0285
    72    79   328  3.0837  1.0081
    75    76   327  3.0834  1.0051
    72    84   328  3.0824  1.0074
    86    84   334  3.0750  1.0205
    74    78   335  3.0707  1.0212
    73    83   335  3.0701  1.0209
    72    79   327  3.0682  0.9980
    78    76   335  3.0659  1.0188
    78    90   328  3.0653  0.9994
    75    77   335  3.0629  1.0174
    74    85   335  3.0629  1.0174
    80    76   328  3.0615  0.9976
    86    83   334  3.0577  1.0122
    72    83   327  3.0540  0.9913
    86    80   328  3.0505  0.9924
    86    82   332  3.0493  1.0028
    86    83   332  3.0482  1.0022
    75    76   328  3.0449  0.9898
    79    76   335  3.0447  1.0087
    81    90   328  3.0429  0.9889
    76    87   335  3.0422  1.0074
    77    76   335  3.0373  1.0051
    86    85   334  3.0350  1.0013
    82    77   335  3.0252  0.9993
    79    88   335  3.0191  0.9964
    84    86   335  3.0189  0.9963
    74    76   327  3.0133  0.9724
    72    78   327  2.9999  0.9662
    85    85   335  2.9989  0.9868
    86    83   333  2.9980  0.9811
    80    88   335  2.9961  0.9855
    86    86   328  2.9922  0.9653
    79    76   332  2.9907  0.9751
    86    84   333  2.9892  0.9770
    86    80   330  2.9883  0.9687
    78    88   335  2.9876  0.9814
    78    76   332  2.9874  0.9735
    86    82   335  2.9868  0.9811
    73    79   335  2.9855  0.9804
    86    81   332  2.9827  0.9713
    81    76   327  2.9788  0.9564
    86    84   332  2.9786  0.9694
    86    82   334  2.9763  0.9735
    80    76   335  2.9741  0.9751
    81    76   328  2.9739  0.9568
    86    80   327  2.9714  0.9531
    72    78   328  2.9679  0.9540
    86    83   335  2.9659  0.9712
    76    76   335  2.9635  0.9701
    86    86   326  2.9629  0.9466
    80    76   332  2.9622  0.9618
    86    85   327  2.9592  0.9475
    77    76   332  2.9576  0.9596
    74    76   328  2.9567  0.9489
    83    87   335  2.9497  0.9636
    86    86   334  2.9494  0.9609
    86    82   333  2.9490  0.9582
    72    84   327  2.9479  0.9423
    73    84   335  2.9468  0.9622
    86    86   330  2.9464  0.9493
    77    90   328  2.9462  0.9441
    80    90   334  2.9449  0.9588
    81    90   334  2.9335  0.9535
    82    90   328  2.9329  0.9380
    86    81   335  2.9324  0.9555
    73    76   327  2.9313  0.9347
    72    85   328  2.9311  0.9372
    86    85   333  2.9263  0.9477
    81    88   335  2.9241  0.9516
    72    82   330  2.9212  0.9377
    72    77   327  2.9205  0.9298
    79    90   334  2.9128  0.9439
    84    78   335  2.9095  0.9448
    76    76   332  2.9077  0.9365
    85    79   335  2.9052  0.9429
    72    81   330  2.9020  0.9290
    86    79   326  2.8998  0.9180
    77    88   335  2.8995  0.9402
    81    76   332  2.8982  0.9322
    74    77   335  2.8931  0.9372
    82    90   334  2.8828  0.9300
    72    83   330  2.8812  0.9195
    72    82   326  2.8779  0.9081
    86    84   335  2.8757  0.9292
    72    81   326  2.8740  0.9064
    79    76   326  2.8722  0.9056
    78    76   326  2.8652  0.9025
    72    82   334  2.8643  0.9216
    72    82   329  2.8607  0.9078
    81    76   335  2.8581  0.9211
    86    79   328  2.8568  0.9036
    86    80   332  2.8567  0.9133
    72    83   334  2.8563  0.9179
    82    76   328  2.8545  0.9026
    73    78   335  2.8533  0.9189
    75    76   335  2.8522  0.9184
    80    76   326  2.8505  0.8959
    72    83   329  2.8490  0.9025
    86    85   332  2.8485  0.9095
    72    81   335  2.8475  0.9162
    74    86   335  2.8452  0.9152
    78    76   329  2.8450  0.9008
    86    81   333  2.8438  0.9098
    75    76   332  2.8432  0.9071
    73    76   328  2.8417  0.8969
    75    87   335  2.8411  0.9133
    86    83   329  2.8398  0.8984
    86    82   329  2.8389  0.8980
    72    77   328  2.8370  0.8948
    77    76   329  2.8365  0.8969
    72    76   327  2.8357  0.8918
    72    81   329  2.8354  0.8964
    77    76   326  2.8354  0.8892
    78    90   334  2.8350  0.9082
    72    83   326  2.8348  0.8890
    83    77   335  2.8339  0.9100
    72    80   330  2.8323  0.8974
    72    82   335  2.8320  0.9092
    86    87   328  2.8315  0.8923
    86    87   334  2.8312  0.9064
    86    81   334  2.8311  0.9064
    72    80   326  2.8299  0.8868
    72    82   333  2.8298  0.9035
    79    90   326  2.8293  0.8866
    79    76   329  2.8262  0.8923
    82    76   327  2.8257  0.8873
    80    90   326  2.8245  0.8844
    72    81   334  2.8238  0.9031
    86    86   333  2.8163  0.8974
    72    80   335  2.8116  0.8999
    82    88   335  2.8111  0.8997
    86    80   335  2.8061  0.8974
    72    83   333  2.8054  0.8925
    72    81   333  2.8050  0.8923
    76    76   329  2.8038  0.8824
    72    85   327  2.8021  0.8769
    83    90   334  2.7979  0.8914
    82    76   332  2.7973  0.8865
    72    84   334  2.7963  0.8907
    81    76   326  2.7952  0.8715
    86    84   329  2.7941  0.8780
    72    84   329  2.7925  0.8773
    83    90   328  2.7921  0.8748
    85    86   335  2.7894  0.8899
    76    76   326  2.7887  0.8687
    86    81   329  2.7877  0.8752
    72    80   329  2.7836  0.8734
    78    90   326  2.7809  0.8652
    72    84   330  2.7806  0.8744
    80    76   329  2.7775  0.8707
    73    85   335  2.7741  0.8830
    78    76   330  2.7696  0.8695
    81    90   326  2.7689  0.8600
    74    76   332  2.7689  0.8738
    79    76   330  2.7670  0.8684
    86    86   327  2.7670  0.8615
    76    90   328  2.7640  0.8625
    84    87   335  2.7631  0.8780
    72    83   335  2.7610  0.8771
    76    88   335  2.7566  0.8751
    72    80   332  2.7563  0.8682
    72    79   326  2.7563  0.8545
    72    79   332  2.7543  0.8673
    86    79   327  2.7525  0.8552
    75    76   329  2.7505  0.8588
    77    76   330  2.7470  0.8596
    86    79   330  2.7458  0.8590
    72    84   326  2.7439  0.8491
    72    80   334  2.7418  0.8663
    72    80   333  2.7373  0.8620
    80    76   330  2.7367  0.8550
    86    87   330  2.7356  0.8546
    72    79   335  2.7345  0.8653
    86    87   326  2.7343  0.8450
    72    86   328  2.7321  0.8485
    72    84   333  2.7305  0.8590
    86    85   335  2.7302  0.8633
    75    76   326  2.7287  0.8426
    72    79   330  2.7258  0.8503
    72    78   332  2.7216  0.8529
    72    81   332  2.7191  0.8518
    72    79   329  2.7164  0.8439
    74    76   335  2.7140  0.8561
    77    90   334  2.7115  0.8528
    86    85   329  2.7086  0.8406
    73    77   335  2.7063  0.8527
    82    76   326  2.7047  0.8322
    83    76   328  2.7046  0.8366
    82    76   335  2.7041  0.8518
    79    89   335  2.7034  0.8514
    72    76   328  2.7016  0.8353
    76    76   330  2.7015  0.8397
    81    76   329  2.6981  0.8360
    86    88   334  2.6926  0.8445
    86    80   333  2.6901  0.8412
    73    76   332  2.6876  0.8380
    72    85   329  2.6875  0.8314
    86    80   329  2.6868  0.8311
    86    79   332  2.6859  0.8373
    72    85   334  2.6846  0.8410
    84    90   334  2.6844  0.8409
    80    89   335  2.6820  0.8420
    77    90   326  2.6804  0.8218
    74    76   329  2.6800  0.8282
    81    76   330  2.6764  0.8288
    78    89   335  2.6740  0.8385
    86    82   331  2.6726  0.8293
    86    86   332  2.6724  0.8314
    80    90   333  2.6699  0.8324
    82    90   326  2.6688  0.8169
    72    77   332  2.6678  0.8294
    86    87   333  2.6674  0.8314
    83    88   335  2.6672  0.8355
    72    81   331  2.6671  0.8269
    72    78   326  2.6657  0.8156
    86    83   331  2.6638  0.8255
    72    82   331  2.6606  0.8241
    83    76   332  2.6600  0.8260
    86    88   328  2.6584  0.8167
    74    76   326  2.6568  0.8118
    85    78   335  2.6561  0.8306
    79    90   333  2.6546  0.8258
    81    90   333  2.6433  0.8209
    72    78   329  2.6432  0.8124
    72    79   333  2.6379  0.8186
    83    76   327  2.6378  0.8058
    72    82   332  2.6378  0.8164
    72    84   335  2.6371  0.8224
    75    76   330  2.6351  0.8110
    72    80   331  2.6344  0.8129
    84    90   328  2.6337  0.8062
    86    80   334  2.6305  0.8174
    72    78   335  2.6303  0.8194
    72    79   334  2.6277  0.8162
    86    78   326  2.6274  0.7993
    86    78   328  2.6246  0.8023
    72    85   330  2.6243  0.8064
    72    86   327  2.6234  0.7997
    86    79   335  2.6200  0.8149
    86    81   331  2.6169  0.8053
    81    89   335  2.6165  0.8134
    84    77   335  2.6163  0.8133
    80    90   330  2.6117  0.8010
    72    85   326  2.6099  0.7919
    72    83   331  2.6087  0.8018
    72    85   333  2.6080  0.8056
    79    90   327  2.6032  0.7912
    79    90   329  2.6021  0.7949
    72    76   332  2.6011  0.8007
    81    90   330  2.5990  0.7956
    74    87   335  2.5987  0.8058
    72    78   330  2.5985  0.7954
    73    76   329  2.5955  0.7921
    78    90   333  2.5947  0.8000
    80    90   329  2.5946  0.7917
    86    84   331  2.5943  0.7957
    80    90   327  2.5933  0.7870
    86    86   329  2.5914  0.7904
    77    89   335  2.5913  0.8026
    82    76   329  2.5890  0.7893
    79    90   330  2.5856  0.7900
    82    76   330  2.5845  0.7895
    79    76   333  2.5812  0.7942
    83    76   326  2.5804  0.7796
    82    90   333  2.5799  0.7936
    78    90   327  2.5788  0.7810
    78    76   333  2.5741  0.7912
    72    79   331  2.5733  0.7868
    73    76   326  2.5724  0.7762
    72    77   329  2.5701  0.7814
    78    90   329  2.5696  0.7812
    72    77   326  2.5693  0.7750
    78    76   334  2.5671  0.7902
    80    76   333  2.5663  0.7878
    75    88   335  2.5650  0.7913
    73    86   335  2.5635  0.7906
    85    87   335  2.5599  0.7891
    86    87   327  2.5598  0.7731
    73    76   335  2.5594  0.7889
    77    76   334  2.5531  0.7842
    81    90   327  2.5517  0.7697
    82    90   330  2.5514  0.7755
    79    76   334  2.5512  0.7834
    77    76   333  2.5503  0.7811
    74    76   330  2.5501  0.7750
    81    90   329  2.5499  0.7729
    86    86   335  2.5487  0.7843
    78    76   331  2.5480  0.7761
    85    90   334  2.5472  0.7817
    76    90   334  2.5448  0.7807
    86    89   334  2.5434  0.7801
    86    79   329  2.5416  0.7694
    77    76   331  2.5366  0.7713
    79    76   331  2.5365  0.7713
    72    86   329  2.5359  0.7671
    83    90   326  2.5333  0.7601
    76    90   326  2.5331  0.7600
    84    76   328  2.5277  0.7617
    75    90   328  2.5270  0.7614
    72    86   334  2.5249  0.7723
    81    76   333  2.5242  0.7700
    83    76   335  2.5211  0.7726
    72    78   333  2.5207  0.7686
    77    90   327  2.5188  0.7561
    78    90   330  2.5182  0.7617
    82    89   335  2.5159  0.7704
    86    88   330  2.5156  0.7606
    76    76   333  2.5145  0.7660
    72    77   335  2.5140  0.7696
    76    76   334  2.5130  0.7673
    72    83   332  2.5129  0.7633
    72    84   331  2.5105  0.7604
    76    76   331  2.5098  0.7601
    80    76   334  2.5031  0.7631
    84    88   335  2.5030  0.7649
    86    80   331  2.5010  0.7564
    86    79   333  2.5002  0.7599
    87    83   326  3.0654  0.9939
    87    82   326  3.0616  0.9922
    87    84   326  2.9954  0.9614
    87    81   326  2.9807  0.9547
    87    83   330  2.9607  0.9559
    87    83   328  2.9488  0.9453
    77    75   327  2.9438  0.9404
    76    75   327  2.9402  0.9388
    87    82   328  2.9329  0.9380
    87    82   330  2.9245  0.9392
    71    81   328  2.9230  0.9335
    87    84   330  2.9222  0.9382
    78    75   327  2.9214  0.9302
    75    75   327  2.9163  0.9280
    87    84   328  2.9117  0.9283
    71    82   328  2.9067  0.9261
    71    80   327  2.8991  0.9202
    71    81   327  2.8969  0.9192
    71    80   328  2.8962  0.9214
    71    79   327  2.8764  0.9100
    74    75   327  2.8762  0.9099
    77    75   328  2.8761  0.9123
    79    75   327  2.8672  0.9058
    76    75   328  2.8669  0.9081
    71    82   327  2.8626  0.9038
    87    85   326  2.8624  0.9012
    87    81   328  2.8599  0.9050
    78    75   328  2.8597  0.9049
    71    83   328  2.8424  0.8972
    71    78   327  2.8361  0.8920
    71    79   328  2.8345  0.8937
    75    75   328  2.8318  0.8925
    87    83   327  2.8310  0.8897
    87    85   328  2.8304  0.8918
    87    80   326  2.8280  0.8860
    87    82   327  2.8277  0.8882
    73    75   327  2.8207  0.8851
    87    85   330  2.8184  0.8912
    79    75   328  2.8180  0.8863
    87    81   330  2.8141  0.8893
    71    83   327  2.7916  0.8723
    78    75   335  2.7886  0.8895
    71    77   327  2.7840  0.8689
    77    75   335  2.7819  0.8865
    80    75   327  2.7776  0.8661
    74    75   328  2.7704  0.8653
    80    91   328  2.7680  0.8642
    87    84   327  2.7648  0.8605
    79    91   328  2.7628  0.8619
    78    75   332  2.7620  0.8708
    87    83   332  2.7561  0.8681
    77    75   332  2.7549  0.8676
    87    81   327  2.7512  0.8546
    79    75   335  2.7508  0.8725
    80    75   328  2.7507  0.8566
    72    75   327  2.7481  0.8532
    71    78   328  2.7479  0.8554
    79    75   332  2.7477  0.8644
    87    82   332  2.7440  0.8627
    76    75   335  2.7342  0.8651
    87    80   328  2.7319  0.8484
    76    75   332  2.7306  0.8568
    71    84   328  2.7290  0.8472
    71    76   327  2.7235  0.8426
    81    91   328  2.7229  0.8445
    87    86   328  2.7169  0.8419
    87    84   334  2.7143  0.8541
    80    75   332  2.7077  0.8468
    87    84   332  2.7062  0.8461
    78    91   328  2.7000  0.8346
    87    85   334  2.6977  0.8468
    75    75   332  2.6931  0.8404
    87    83   334  2.6828  0.8402
    71    84   327  2.6827  0.8250
    73    75   328  2.6826  0.8271
    87    86   326  2.6826  0.8228
    87    81   332  2.6717  0.8311
    80    75   335  2.6691  0.8364
    87    84   333  2.6684  0.8318
    87    82   335  2.6666  0.8352
    87    86   330  2.6662  0.8244
    87    83   333  2.6649  0.8303
    81    91   334  2.6613  0.8308
    80    91   334  2.6597  0.8301
    81    75   328  2.6578  0.8165
    71    75   327  2.6556  0.8134
    81    75   327  2.6529  0.8123
    87    83   335  2.6529  0.8293
    75    75   335  2.6526  0.8291
    71    77   328  2.6465  0.8117
    74    75   332  2.6454  0.8197
    87    85   327  2.6431  0.8081
    87    86   334  2.6421  0.8225
    71    82   330  2.6412  0.8136
    87    80   330  2.6403  0.8132
    81    75   332  2.6389  0.8169
    82    91   328  2.6382  0.8081
    71    81   330  2.6376  0.8121
    78    75   326  2.6320  0.8012
    77    75   329  2.6298  0.8067
    77    75   326  2.6289  0.8000
    76    75   329  2.6278  0.8058
    82    91   334  2.6276  0.8162
    71    81   326  2.6255  0.7985
    87    85   333  2.6247  0.8128
    71    82   329  2.6220  0.8033
    79    91   334  2.6185  0.8122
    87    79   326  2.6169  0.7949
    71    81   329  2.6151  0.8004
    87    81   335  2.6147  0.8127
    79    75   326  2.6146  0.7939
    87    82   333  2.6124  0.8075
    78    75   329  2.6097  0.7981
    71    80   326  2.6092  0.7917
    76    75   326  2.6091  0.7916
    87    80   327  2.6077  0.7931
    71    82   326  2.6060  0.7903
    75    75   329  2.6048  0.7960
    87    85   332  2.6000  0.8002
    87    82   334  2.5986  0.8037
    71    82   333  2.5962  0.8006
    71    83   329  2.5958  0.7922
    71    82   334  2.5934  0.8014
    71    83   330  2.5923  0.7928
    71    81   333  2.5918  0.7987
    71    80   330  2.5901  0.7918
    73    75   332  2.5894  0.7956
    71    79   332  2.5852  0.7939
    71    80   329  2.5848  0.7876
    87    87   328  2.5828  0.7847
    87    84   335  2.5794  0.7975
    71    78   332  2.5793  0.7914
    77    91   328  2.5774  0.7824
    75    75   326  2.5749  0.7773
    71    81   334  2.5740  0.7931
    80    75   326  2.5726  0.7763
    72    75   328  2.5693  0.7790
    71    83   334  2.5692  0.7911
    71    85   328  2.5683  0.7786
    79    75   329  2.5670  0.7801
    71    79   326  2.5659  0.7736
    83    91   334  2.5640  0.7889
    74    75   329  2.5627  0.7783
    71    80   332  2.5621  0.7841
    87    87   334  2.5576  0.7862
    71    81   335  2.5575  0.7881
    87    79   328  2.5574  0.7740
    71    83   333  2.5556  0.7833
    71    77   332  2.5522  0.7799
    87    80   332  2.5483  0.7782
    81    75   335  2.5483  0.7841
    71    80   333  2.5480  0.7801
    74    75   335  2.5459  0.7831
    71    83   326  2.5453  0.7650
    71    79   329  2.5411  0.7692
    71    80   335  2.5411  0.7811
    82    75   328  2.5401  0.7668
    82    75   332  2.5395  0.7745
    71    76   328  2.5393  0.7665
    87    83   329  2.5386  0.7682
    87    86   333  2.5386  0.7761
    71    85   327  2.5385  0.7642
    87    82   329  2.5358  0.7671
    78    91   334  2.5351  0.7766
    71    84   329  2.5290  0.7642
    71    82   335  2.5284  0.7757
    72    75   332  2.5265  0.7691
    74    75   326  2.5264  0.7572
    83    91   328  2.5262  0.7611
    71    80   334  2.5180  0.7694
    87    81   333  2.5133  0.7655
    71    79   330  2.5113  0.7588
    71    76   332  2.5103  0.7623
    79    91   326  2.5081  0.7497
    71    78   326  2.5053  0.7486
    73    75   329  2.5036  0.7537
    80    91   326  2.5036  0.7478
    71    81   332  2.5033  0.7593
    81    75   326  2.5030  0.7476
    87    84   329  2.5020  0.7530
    80    75   329  2.5015  0.7528
    75    74   327  2.7637  0.8601
    76    74   327  2.7610  0.8589
    74    74   327  2.7475  0.8530
    77    74   327  2.7367  0.8483
    88    83   326  2.7233  0.8402
    88    82   326  2.7174  0.8377
    73    74   327  2.7126  0.8378
    78    74   327  2.6871  0.8269
    70    79   327  2.6753  0.8218
    70    80   327  2.6743  0.8214
    88    84   326  2.6629  0.8144
    70    78   327  2.6600  0.8153
    72    74   327  2.6575  0.8142
    70    81   327  2.6519  0.8118
    76    74   328  2.6485  0.8125
    88    81   326  2.6426  0.8057
    77    74   328  2.6368  0.8075
    75    74   328  2.6360  0.8072
    70    77   327  2.6318  0.8033
    88    83   328  2.6227  0.8015
    70    81   328  2.6131  0.7975
    70    80   328  2.6093  0.7959
    79    74   327  2.6088  0.7936
    70    82   327  2.6026  0.7910
    78    74   328  2.6019  0.7928
    88    82   328  2.6009  0.7923
    88    84   328  2.5992  0.7916
    74    74   328  2.5981  0.7911
    70    76   327  2.5923  0.7867
    71    74   327  2.5800  0.7815
    70    82   328  2.5775  0.7825
    88    83   330  2.5735  0.7848
    70    79   328  2.5734  0.7807
    77    74   332  2.5616  0.7838
    76    74   332  2.5600  0.7832
    88    84   330  2.5528  0.7761
    78    74   332  2.5487  0.7784
    77    74   335  2.5478  0.7839
    75    74   332  2.5462  0.7773
    88    85   326  2.5459  0.7653
    79    74   328  2.5451  0.7689
    70    75   327  2.5417  0.7655
    88    85   328  2.5378  0.7659
    73    74   328  2.5340  0.7643
    78    74   335  2.5339  0.7780
    88    81   328  2.5306  0.7629
    88    82   330  2.5304  0.7667
    76    74   335  2.5251  0.7743
    70    83   327  2.5224  0.7575
    74    74   332  2.5216  0.7670
    79    74   332  2.5186  0.7657
    70    78   328  2.5140  0.7560
    88    80   326  2.5038  0.7479
    80    74   327  2.5005  0.7485
    74    73   327  2.6248  0.8003
    75    73   327  2.6232  0.7997
    73    73   327  2.6049  0.7919
    76    73   327  2.6002  0.7899
    72    73   327  2.5624  0.7741
    77    73   327  2.5541  0.7707
    74    72   327  2.5039  0.7499
