#   X     Y     Z      S       D
    84   338   338  4.0764  1.5836
    85   338   338  4.0605  1.5738
    83   338   338  4.0541  1.5698
    84   339   338  4.0459  1.5648
    84   337   338  4.0457  1.5646
    84   338   339  4.0433  1.5677
    85   339   338  4.0314  1.5558
    83   338   339  4.0279  1.5582
    85   337   338  4.0277  1.5536
    83   337   338  4.0254  1.5522
    83   339   338  4.0230  1.5507
    84   339   339  4.0148  1.5501
    85   338   339  4.0103  1.5474
    83   339   339  3.9952  1.5382
    84   337   339  3.9898  1.5348
    85   339   339  3.9864  1.5328
    83   337   339  3.9794  1.5285
    85   337   339  3.9518  1.5118
    86   338   338  4.0042  1.5392
    82   338   338  3.9962  1.5343
    86   339   338  3.9774  1.5229
    82   337   338  3.9694  1.5180
    86   337   338  3.9692  1.5179
    82   338   339  3.9667  1.5208
    82   339   338  3.9657  1.5158
    84   340   338  3.9622  1.5137
    84   336   338  3.9515  1.5072
    85   340   338  3.9482  1.5053
    83   340   338  3.9404  1.5006
    83   336   338  3.9346  1.4971
    85   336   338  3.9309  1.4949
    82   339   339  3.9308  1.4991
    86   338   339  3.9271  1.4969
    82   337   339  3.9234  1.4947
    84   340   339  3.9096  1.4864
    86   339   339  3.9083  1.4856
    86   340   338  3.8961  1.4741
    83   340   339  3.8874  1.4731
    82   340   338  3.8858  1.4680
    85   340   339  3.8851  1.4718
    82   336   338  3.8827  1.4662
    86   336   338  3.8707  1.4590
    86   337   339  3.8641  1.4593
    84   336   339  3.8566  1.4549
    83   336   339  3.8520  1.4522
    82   340   339  3.8217  1.4344
    85   336   339  3.8140  1.4298
    86   340   339  3.8120  1.4287
    82   336   339  3.8027  1.4233
    86   336   339  3.7230  1.3772
    87   338   338  3.9065  1.4803
    81   338   338  3.9059  1.4799
    87   339   338  3.8830  1.4664
    81   337   338  3.8803  1.4648
    81   339   338  3.8774  1.4631
    87   337   338  3.8689  1.4580
    81   338   339  3.8635  1.4590
    84   341   338  3.8366  1.4390
    81   339   339  3.8253  1.4365
    81   337   339  3.8252  1.4364
    85   341   338  3.8219  1.4304
    83   341   338  3.8173  1.4278
    87   340   338  3.8053  1.4207
    81   340   338  3.8025  1.4192
    81   336   338  3.7985  1.4168
    84   335   338  3.7981  1.4166
    87   338   339  3.7937  1.4180
    83   335   338  3.7858  1.4095
    87   339   339  3.7802  1.4102
    85   335   338  3.7750  1.4032
    86   341   338  3.7711  1.4010
    87   336   338  3.7692  1.3999
    82   341   338  3.7676  1.3989
    82   335   338  3.7404  1.3833
    84   341   339  3.7391  1.3865
    87   337   339  3.7270  1.3795
    85   341   339  3.7174  1.3741
    81   340   339  3.7168  1.3737
    83   341   339  3.7161  1.3733
    86   335   338  3.7139  1.3682
    81   336   339  3.7122  1.3711
    81   341   338  3.6917  1.3556
    87   340   339  3.6902  1.3586
    87   341   338  3.6839  1.3512
    81   335   338  3.6644  1.3402
    83   335   339  3.6563  1.3394
    84   335   339  3.6548  1.3386
    82   341   339  3.6516  1.3367
    86   341   339  3.6490  1.3353
    82   335   339  3.6152  1.3164
    87   335   338  3.6131  1.3116
    85   335   339  3.6084  1.3126
    87   336   339  3.5847  1.2995
    81   341   339  3.5504  1.2805
    81   335   339  3.5351  1.2722
    87   341   339  3.5344  1.2718
    86   335   339  3.5162  1.2619
    87   335   339  3.3802  1.1890
    80   338   338  3.7869  1.4101
    88   338   338  3.7678  1.3990
    80   339   338  3.7624  1.3959
    80   337   338  3.7618  1.3956
    88   339   338  3.7490  1.3883
    88   337   338  3.7270  1.3757
    80   338   339  3.7226  1.3770
    80   340   338  3.6951  1.3575
    80   337   339  3.6892  1.3580
    80   336   338  3.6852  1.3519
    80   339   339  3.6836  1.3548
    84   342   338  3.6811  1.3496
    88   340   338  3.6770  1.3473
    83   342   338  3.6659  1.3411
    85   342   338  3.6647  1.3404
    88   336   338  3.6264  1.3190
    82   342   338  3.6227  1.3169
    86   342   338  3.6146  1.3124
    88   338   339  3.6129  1.3151
    88   339   339  3.6049  1.3106
    84   334   338  3.5971  1.3027
    80   341   338  3.5947  1.3014
    83   334   338  3.5902  1.2989
    80   336   339  3.5850  1.2996
    80   340   339  3.5781  1.2958
    85   334   338  3.5715  1.2886
    88   341   338  3.5619  1.2833
    80   335   338  3.5609  1.2828
    81   342   338  3.5560  1.2801
    82   334   338  3.5532  1.2785
    88   337   339  3.5439  1.2770
    87   342   338  3.5308  1.2663
    88   340   339  3.5228  1.2654
    84   342   339  3.5191  1.2634
    86   334   338  3.5107  1.2554
    85   342   339  3.4990  1.2525
    83   342   339  3.4970  1.2515
    81   334   338  3.4884  1.2434
    88   335   338  3.4723  1.2347
    80   342   338  3.4713  1.2342
    82   342   339  3.4363  1.2188
    86   342   339  3.4350  1.2181
    80   335   339  3.4206  1.2104
    80   341   339  3.4187  1.2094
    88   342   338  3.4152  1.2043
    87   334   338  3.4126  1.2029
    83   334   339  3.4113  1.2055
    84   334   339  3.4038  1.2015
    88   336   339  3.4034  1.2013
    80   334   338  3.3988  1.1956
    82   334   339  3.3796  1.1887
    88   341   339  3.3767  1.1872
    85   334   339  3.3547  1.1757
    81   342   339  3.3421  1.1690
    87   342   339  3.3280  1.1617
    81   334   339  3.3123  1.1536
    88   334   338  3.2766  1.1321
    86   334   339  3.2639  1.1286
    80   342   339  3.2211  1.1068
    80   334   339  3.2141  1.1033
    88   335   339  3.2052  1.0988
    88   342   339  3.1820  1.0871
    87   334   339  3.1336  1.0629
    88   334   339  2.9695  0.9831
    79   338   338  3.6447  1.3292
    79   339   338  3.6261  1.3188
    79   337   338  3.6190  1.3149
    89   338   338  3.5900  1.2988
    89   339   338  3.5778  1.2921
    79   340   338  3.5692  1.2873
    79   338   339  3.5508  1.2807
    79   336   338  3.5476  1.2755
    89   337   338  3.5451  1.2742
    79   337   339  3.5218  1.2649
    89   340   338  3.5140  1.2572
    79   339   339  3.5125  1.2598
    84   343   338  3.5066  1.2532
    83   343   338  3.4967  1.2478
    85   343   338  3.4874  1.2428
    79   341   338  3.4822  1.2400
    82   343   338  3.4612  1.2288
    89   336   338  3.4437  1.2194
    86   343   338  3.4372  1.2160
    79   335   338  3.4345  1.2145
    79   336   339  3.4274  1.2140
    79   340   339  3.4130  1.2064
    89   341   338  3.4081  1.2005
    81   343   338  3.4051  1.1989
    89   338   339  3.3912  1.1948
    89   339   339  3.3885  1.1934
    79   342   338  3.3741  1.1826
    84   333   338  3.3654  1.1781
    83   333   338  3.3644  1.1775
    87   343   338  3.3564  1.1734
    85   333   338  3.3374  1.1635
    82   333   338  3.3371  1.1633
    80   343   338  3.3336  1.1615
    89   337   339  3.3218  1.1585
    89   340   339  3.3158  1.1554
    89   335   338  3.2925  1.1403
    79   334   338  3.2886  1.1383
    81   333   338  3.2858  1.1369
    79   335   339  3.2780  1.1359
    86   333   338  3.2778  1.1327
    89   342   338  3.2712  1.1293
    84   343   339  3.2672  1.1303
    79   341   339  3.2643  1.1289
    79   343   338  3.2522  1.1197
    83   343   339  3.2479  1.1205
    85   343   339  3.2475  1.1203
    88   343   338  3.2473  1.1172
    80   333   338  3.2132  1.0999
    82   343   339  3.1934  1.0928
    86   343   339  3.1878  1.0900
    89   336   339  3.1866  1.0894
    87   333   338  3.1841  1.0853
    89   341   339  3.1827  1.0875
    83   333   339  3.1416  1.0669
    84   333   339  3.1282  1.0603
    79   333   338  3.1230  1.0549
    82   333   339  3.1203  1.0563
    89   343   338  3.1134  1.0502
    81   343   339  3.1090  1.0508
    89   334   338  3.1036  1.0454
    79   334   339  3.0912  1.0420
    87   343   339  3.0893  1.0411
    79   342   339  3.0816  1.0373
    85   333   339  3.0778  1.0354
    81   333   339  3.0677  1.0305
    88   333   338  3.0553  1.0218
    89   342   339  3.0037  0.9995
    80   343   339  3.0018  0.9986
    89   335   339  2.9995  0.9975
    86   333   339  2.9905  0.9931
    80   333   339  2.9886  0.9922
    88   343   339  2.9564  0.9769
    89   333   338  2.8921  0.9441
    79   333   339  2.8884  0.9448
    79   343   339  2.8805  0.9411
    87   333   339  2.8691  0.9358
    89   343   339  2.7962  0.9021
    89   334   339  2.7803  0.8948
    88   333   339  2.7195  0.8673
    89   333   339  2.5500  0.7927
    79   333   337  2.5384  0.7839
    79   334   337  2.5348  0.7823
    79   335   337  2.5218  0.7768
    79   336   337  2.5012  0.7680
    78   338   338  3.4868  1.2425
    78   339   338  3.4759  1.2367
    78   337   338  3.4596  1.2279
    78   340   338  3.4316  1.2130
    78   336   338  3.3935  1.1928
    90   338   338  3.3766  1.1840
    90   339   338  3.3729  1.1820
    78   341   338  3.3606  1.1756
    78   338   339  3.3568  1.1767
    78   337   339  3.3317  1.1636
    90   337   338  3.3267  1.1579
    78   339   339  3.3213  1.1582
    84   344   338  3.3212  1.1551
    90   340   338  3.3199  1.1544
    83   344   338  3.3177  1.1533
    85   344   338  3.2982  1.1432
    78   335   338  3.2924  1.1402
    82   344   338  3.2910  1.1395
    78   342   338  3.2701  1.1288
    78   336   339  3.2480  1.1205
    86   344   338  3.2472  1.1171
    81   344   338  3.2460  1.1165
    78   340   339  3.2309  1.1118
    90   341   338  3.2264  1.1066
    90   336   338  3.2245  1.1056
    80   344   338  3.1879  1.0872
    87   344   338  3.1691  1.0778
    78   343   338  3.1660  1.0763
    78   334   338  3.1646  1.0755
    90   339   339  3.1408  1.0665
    90   338   339  3.1386  1.0654
    83   332   338  3.1278  1.0573
    84   332   338  3.1225  1.0547
    79   344   338  3.1219  1.0544
    78   335   339  3.1157  1.0541
    82   332   338  3.1111  1.0490
    90   342   338  3.1029  1.0450
    78   341   339  3.0968  1.0447
    85   332   338  3.0923  1.0398
    90   340   339  3.0791  1.0361
    90   335   338  3.0773  1.0325
    81   332   338  3.0744  1.0311
    90   337   339  3.0711  1.0322
    88   344   338  3.0663  1.0271
    78   344   338  3.0525  1.0204
    86   332   338  3.0342  1.0116
    78   333   338  3.0212  1.0053
    80   332   338  3.0203  1.0049
    84   344   339  3.0012  0.9983
    83   344   339  2.9862  0.9911
    85   344   339  2.9814  0.9887
    90   341   339  2.9618  0.9794
    90   343   338  2.9590  0.9755
    79   332   338  2.9522  0.9723
    78   334   339  2.9512  0.9744
    87   332   338  2.9457  0.9692
    90   336   339  2.9450  0.9714
    89   344   338  2.9427  0.9678
    82   344   339  2.9398  0.9689
    78   342   339  2.9332  0.9658
    86   344   339  2.9259  0.9624
    90   334   338  2.8969  0.9463
    78   332   338  2.8749  0.9361
    83   332   339  2.8728  0.9375
    81   344   339  2.8672  0.9349
    82   332   339  2.8624  0.9326
    84   332   339  2.8536  0.9285
    87   344   339  2.8367  0.9207
    81   332   339  2.8256  0.9156
    88   332   338  2.8253  0.9131
    85   332   339  2.8027  0.9051
    90   342   339  2.8025  0.9050
    90   344   338  2.8023  0.9026
    80   344   339  2.7760  0.8929
    78   333   339  2.7741  0.8920
    90   335   339  2.7739  0.8919
    80   332   339  2.7667  0.8886
    78   343   339  2.7541  0.8829
    86   332   339  2.7204  0.8677
    88   344   339  2.7183  0.8668
    90   333   338  2.6977  0.8554
    79   332   339  2.6906  0.8544
    79   344   339  2.6745  0.8472
    89   332   338  2.6736  0.8447
    90   343   339  2.6173  0.8219
    87   332   339  2.6096  0.8186
    78   332   339  2.6030  0.8157
    78   334   337  2.5868  0.8047
    78   333   337  2.5855  0.8041
    78   335   337  2.5794  0.8015
    89   344   339  2.5775  0.8046
    90   334   339  2.5760  0.8039
    78   332   337  2.5742  0.7992
    78   344   339  2.5713  0.8019
    78   336   337  2.5644  0.7950
    78   337   337  2.5423  0.7855
    79   332   337  2.5311  0.7807
    78   338   337  2.5127  0.7729
    77   338   338  3.3230  1.1560
    77   339   338  3.3208  1.1549
    77   337   338  3.2937  1.1409
    77   340   338  3.2904  1.1392
    77   341   338  3.2367  1.1118
    77   336   338  3.2331  1.1100
    77   342   338  3.1649  1.0757
    77   338   339  3.1521  1.0721
    77   335   338  3.1448  1.0657
    91   339   338  3.1389  1.0628
    83   345   338  3.1344  1.0605
    91   338   338  3.1324  1.0596
    84   345   338  3.1306  1.0587
    77   337   339  3.1302  1.0613
    77   339   339  3.1212  1.0568
    82   345   338  3.1171  1.0520
    85   345   338  3.1030  1.0451
    91   340   338  3.0993  1.0432
    81   345   338  3.0834  1.0355
    77   343   338  3.0793  1.0334
    91   337   338  3.0767  1.0322
    77   336   339  3.0577  1.0256
    86   345   338  3.0506  1.0195
    77   340   339  3.0426  1.0183
    80   345   338  3.0383  1.0135
    77   334   338  3.0360  1.0124
    91   341   338  3.0213  1.0054
    79   345   338  2.9867  0.9887
    77   344   338  2.9829  0.9869
    87   345   338  2.9746  0.9829
    91   336   338  2.9739  0.9827
    77   335   339  2.9438  0.9709
    78   345   338  2.9325  0.9630
    77   341   339  2.9265  0.9627
    77   333   338  2.9161  0.9553
    91   342   338  2.9145  0.9546
    83   331   338  2.8991  0.9473
    82   331   338  2.8929  0.9445
    84   331   338  2.8873  0.9418
    77   345   338  2.8782  0.9376
    88   345   338  2.8779  0.9375
    91   339   339  2.8745  0.9383
    81   331   338  2.8711  0.9343
    91   338   339  2.8681  0.9353
    85   331   338  2.8545  0.9266
    80   331   338  2.8357  0.9179
    91   335   338  2.8319  0.9162
    91   340   339  2.8247  0.9152
    91   337   339  2.8048  0.9060
    77   334   339  2.8034  0.9054
    86   331   338  2.7977  0.9005
    77   332   338  2.7954  0.8994
    79   331   338  2.7896  0.8968
    91   343   338  2.7881  0.8961
    77   342   339  2.7855  0.8972
    89   345   338  2.7646  0.8855
    84   345   339  2.7375  0.8754
    78   331   338  2.7370  0.8730
    83   345   339  2.7275  0.8709
    91   341   339  2.7255  0.8700
    85   345   339  2.7172  0.8663
    87   331   338  2.7140  0.8627
    91   336   339  2.6913  0.8547
    82   345   339  2.6900  0.8541
    77   331   338  2.6828  0.8488
    86   345   339  2.6663  0.8435
    91   334   338  2.6621  0.8396
    77   333   339  2.6536  0.8379
    91   344   338  2.6492  0.8339
    90   345   338  2.6385  0.8292
    77   343   339  2.6315  0.8282
    81   345   339  2.6303  0.8277
    77   334   337  2.6262  0.8218
    82   331   339  2.6261  0.8258
    83   331   339  2.6255  0.8255
    77   335   337  2.6225  0.8202
    77   333   337  2.6214  0.8197
    77   336   337  2.6111  0.8152
    77   332   337  2.6071  0.8134
    81   331   339  2.6052  0.8167
    88   331   338  2.6020  0.8132
    84   331   339  2.6004  0.8146
    77   337   337  2.5920  0.8069
    91   342   339  2.5890  0.8096
    87   345   339  2.5870  0.8087
    77   331   337  2.5826  0.8028
    80   331   339  2.5663  0.7997
    77   338   337  2.5643  0.7950
    80   345   339  2.5555  0.7951
    78   331   337  2.5521  0.7897
    85   331   339  2.5492  0.7923
    91   335   339  2.5401  0.7884
    77   339   337  2.5269  0.7789
    79   331   339  2.5135  0.7770
    79   331   337  2.5117  0.7724
    77   332   339  2.5101  0.7755
    91   345   338  2.5032  0.7707
    76   339   338  3.1705  1.0785
    76   338   338  3.1642  1.0754
    76   340   338  3.1537  1.0701
    76   337   338  3.1332  1.0600
    76   341   338  3.1168  1.0519
    76   336   338  3.0783  1.0330
    76   342   338  3.0632  1.0256
    76   335   338  3.0030  0.9965
    76   343   338  2.9953  0.9929
    83   346   338  2.9504  0.9715
    76   338   339  2.9492  0.9734
    82   346   338  2.9430  0.9680
    84   346   338  2.9388  0.9660
    76   337   339  2.9300  0.9643
    76   339   339  2.9245  0.9617
    81   346   338  2.9206  0.9574
    76   344   338  2.9154  0.9550
    76   334   338  2.9131  0.9539
    85   346   338  2.9059  0.9505
    80   346   338  2.8879  0.9421
    92   339   338  2.8815  0.9391
    76   336   339  2.8687  0.9356
    92   338   338  2.8637  0.9309
    76   340   339  2.8598  0.9314
    92   340   338  2.8575  0.9280
    86   346   338  2.8514  0.9252
    79   346   338  2.8495  0.9243
    76   345   338  2.8251  0.9131
    76   333   338  2.8164  0.9090
    78   346   338  2.8088  0.9056
    92   337   338  2.8020  0.9024
    92   341   338  2.7977  0.9005
    87   346   338  2.7772  0.8911
    76   335   339  2.7736  0.8918
    77   346   338  2.7678  0.8869
    76   341   339  2.7639  0.8874
    76   346   338  2.7272  0.8686
    76   332   338  2.7205  0.8656
    92   342   338  2.7108  0.8613
    92   336   338  2.6994  0.8562
    82   330   338  2.6960  0.8547
    83   330   338  2.6920  0.8529
    81   330   338  2.6881  0.8511
    88   346   338  2.6866  0.8505
    84   330   338  2.6737  0.8447
    80   330   338  2.6703  0.8433
    76   334   339  2.6574  0.8396
    76   334   337  2.6482  0.8314
    76   342   339  2.6473  0.8352
    76   335   337  2.6458  0.8304
    79   330   338  2.6450  0.8321
    76   333   337  2.6421  0.8287
    85   330   338  2.6379  0.8290
    76   336   337  2.6357  0.8259
    76   331   338  2.6322  0.8265
    76   332   337  2.6264  0.8218
    76   337   337  2.6176  0.8180
    78   330   338  2.6152  0.8190
    92   343   338  2.6050  0.8146
    92   339   339  2.6034  0.8159
    76   331   337  2.6003  0.8105
    92   338   339  2.5937  0.8116
    76   338   337  2.5906  0.8063
    77   330   338  2.5844  0.8056
    89   346   338  2.5835  0.8052
    86   330   338  2.5816  0.8044
    92   340   339  2.5656  0.7994
    92   335   338  2.5640  0.7968
    76   330   337  2.5638  0.7947
    76   330   338  2.5558  0.7932
    76   339   337  2.5530  0.7901
    77   330   337  2.5478  0.7879
    92   337   339  2.5365  0.7869
    76   333   339  2.5347  0.7861
    76   343   339  2.5197  0.7797
    78   330   337  2.5192  0.7757
    76   340   337  2.5032  0.7689
    87   330   338  2.5017  0.7701
    75   339   338  3.0338  1.0114
    75   340   338  3.0287  1.0089
    75   338   338  3.0205  1.0050
    75   341   338  3.0065  0.9982
    75   337   338  2.9888  0.9897
    75   342   338  2.9687  0.9802
    75   336   338  2.9399  0.9665
    75   343   338  2.9164  0.9555
    75   335   338  2.8771  0.9371
    75   344   338  2.8509  0.9249
    75   334   338  2.8051  0.9039
    75   345   338  2.7736  0.8895
    82   347   338  2.7713  0.8885
    83   347   338  2.7685  0.8872
    81   347   338  2.7602  0.8834
    75   338   339  2.7600  0.8856
    84   347   338  2.7486  0.8782
    75   337   339  2.7427  0.8778
    75   339   339  2.7421  0.8775
    80   347   338  2.7394  0.8741
    75   333   338  2.7295  0.8696
    79   347   338  2.7131  0.8623
    85   347   338  2.7100  0.8609
    75   340   339  2.6923  0.8551
    75   336   339  2.6920  0.8550
    75   346   338  2.6869  0.8506
    78   347   338  2.6843  0.8494
    75   332   338  2.6559  0.8369
    77   347   338  2.6547  0.8363
    86   347   338  2.6532  0.8357
    75   334   337  2.6497  0.8321
    75   335   337  2.6461  0.8305
    75   333   337  2.6446  0.8298
    75   336   337  2.6349  0.8256
    75   332   337  2.6295  0.8232
    76   347   338  2.6247  0.8232
    75   341   339  2.6173  0.8220
    75   337   337  2.6161  0.8174
    75   335   339  2.6148  0.8209
    93   339   338  2.6083  0.8160
    75   331   337  2.6033  0.8118
    93   340   338  2.6011  0.8128
    75   347   338  2.5943  0.8099
    75   331   338  2.5890  0.8076
    75   338   337  2.5886  0.8054
    87   347   338  2.5807  0.8040
    93   338   338  2.5786  0.8031
    75   330   337  2.5661  0.7957
    93   341   338  2.5617  0.7958
    75   339   337  2.5504  0.7890
    75   330   338  2.5317  0.7829
    81   329   338  2.5316  0.7828
    80   329   338  2.5296  0.7820
    82   329   338  2.5269  0.7808
    75   342   339  2.5254  0.7821
    79   329   338  2.5227  0.7791
    75   334   339  2.5216  0.7805
    75   329   337  2.5194  0.7757
    76   329   337  2.5182  0.7752
    83   329   338  2.5135  0.7751
    78   329   338  2.5130  0.7749
    93   337   338  2.5112  0.7741
    77   329   337  2.5038  0.7691
    77   329   338  2.5024  0.7704
    74   340   338  2.9200  0.9571
    74   339   338  2.9164  0.9554
    74   341   338  2.9091  0.9520
    74   338   338  2.8985  0.9471
    74   342   338  2.8836  0.9401
    74   337   338  2.8674  0.9326
    74   343   338  2.8438  0.9216
    74   336   338  2.8249  0.9129
    74   344   338  2.7900  0.8970
    74   335   338  2.7736  0.8895
    74   345   338  2.7236  0.8670
    74   334   338  2.7170  0.8640
    74   333   338  2.6592  0.8383
    74   346   338  2.6469  0.8329
    74   334   337  2.6301  0.8235
    74   333   337  2.6282  0.8227
    74   335   337  2.6231  0.8204
    74   332   337  2.6156  0.8172
    74   336   337  2.6089  0.8142
    81   348   338  2.6043  0.8143
    82   348   338  2.6041  0.8142
    74   332   338  2.6039  0.8141
    80   348   338  2.5952  0.8103
    74   338   339  2.5929  0.8113
    83   348   338  2.5911  0.8085
    74   331   337  2.5910  0.8065
    74   337   337  2.5878  0.8051
    74   339   339  2.5821  0.8066
    79   348   338  2.5802  0.8038
    74   337   339  2.5769  0.8043
    74   347   338  2.5633  0.7965
    84   348   338  2.5628  0.7963
    78   348   338  2.5622  0.7960
    74   338   337  2.5588  0.7926
    74   330   337  2.5544  0.7907
    74   331   338  2.5544  0.7926
    74   340   339  2.5467  0.7913
    77   348   338  2.5425  0.7875
    74   336   339  2.5356  0.7865
    76   348   338  2.5217  0.7786
    74   339   337  2.5199  0.7760
    85   348   338  2.5186  0.7773
    74   330   338  2.5125  0.7747
    74   329   337  2.5079  0.7708
    73   340   338  2.8286  0.9147
    73   341   338  2.8251  0.9131
    73   339   338  2.8198  0.9106
    73   342   338  2.8083  0.9053
    73   338   338  2.8000  0.9015
    73   343   338  2.7774  0.8913
    73   337   338  2.7709  0.8883
    73   336   338  2.7345  0.8719
    73   344   338  2.7326  0.8710
    73   335   338  2.6930  0.8533
    73   345   338  2.6750  0.8453
    73   334   338  2.6490  0.8338
    73   346   338  2.6070  0.8154
    73   333   338  2.6050  0.8146
    73   333   337  2.5947  0.8081
    73   334   337  2.5917  0.8067
    73   332   337  2.5863  0.8044
    73   335   337  2.5797  0.8016
    73   331   337  2.5648  0.7952
    73   332   338  2.5637  0.7966
    73   336   337  2.5611  0.7935
    73   337   337  2.5366  0.7831
    73   347   338  2.5320  0.7830
    73   330   337  2.5304  0.7804
    73   331   338  2.5272  0.7810
    73   338   337  2.5055  0.7698
    72   341   338  2.7529  0.8802
    72   340   338  2.7524  0.8799
    72   339   338  2.7414  0.8750
    72   342   338  2.7412  0.8749
    72   338   338  2.7218  0.8662
    72   343   338  2.7163  0.8637
    72   337   338  2.6956  0.8545
    72   344   338  2.6781  0.8467
    72   336   338  2.6649  0.8408
    72   335   338  2.6313  0.8261
    72   345   338  2.6278  0.8245
    72   334   338  2.5967  0.8110
    72   346   338  2.5677  0.7984
    72   333   338  2.5628  0.7963
    72   333   337  2.5477  0.7878
    72   332   337  2.5445  0.7864
    72   334   337  2.5389  0.7840
    72   332   338  2.5314  0.7828
    72   331   337  2.5273  0.7791
    72   335   337  2.5211  0.7765
    72   331   338  2.5041  0.7711
    72   347   338  2.5010  0.7698
    71   341   338  2.6886  0.8514
    71   340   338  2.6867  0.8505
    71   342   338  2.6796  0.8474
    71   339   338  2.6756  0.8456
    71   343   338  2.6586  0.8381
    71   338   338  2.6576  0.8376
    71   337   338  2.6347  0.8275
    71   344   338  2.6256  0.8235
    71   336   338  2.6088  0.8162
    71   345   338  2.5817  0.8044
    71   335   338  2.5814  0.8043
    71   334   338  2.5536  0.7923
    71   346   338  2.5292  0.7818
    71   333   338  2.5268  0.7808
    71   332   338  2.5023  0.7703
    70   341   338  2.6276  0.8244
    70   340   338  2.6256  0.8235
    70   342   338  2.6200  0.8211
    70   339   338  2.6156  0.8192
    70   343   338  2.6019  0.8132
    70   338   338  2.5998  0.8123
    70   337   338  2.5802  0.8038
    70   344   338  2.5735  0.8009
    70   336   338  2.5584  0.7944
    70   345   338  2.5361  0.7848
    70   335   338  2.5357  0.7846
    70   334   338  2.5131  0.7749
    69   341   338  2.5651  0.7973
    69   340   338  2.5633  0.7965
    69   342   338  2.5588  0.7945
    69   339   338  2.5547  0.7928
    69   343   338  2.5439  0.7881
    69   338   338  2.5413  0.7870
    69   337   338  2.5248  0.7799
    69   344   338  2.5207  0.7782
    69   336   338  2.5067  0.7722
