#   X     Y     Z      S       D
   251   146   251  6.5282  2.6918
   251   147   251  6.4816  2.6570
   251   145   251  6.4744  2.6516
   252   146   251  6.4602  2.6410
   250   146   251  6.4491  2.6329
   250   147   251  6.4253  2.6153
   252   145   251  6.4207  2.6120
   252   147   251  6.4012  2.5976
   250   145   251  6.3744  2.5781
   251   146   252  6.0739  2.3714
   250   146   252  6.0439  2.3509
   251   145   252  6.0349  2.3447
   251   147   252  6.0236  2.3370
   250   147   252  6.0155  2.3315
   250   145   252  5.9828  2.3094
   252   146   252  5.9679  2.2994
   252   145   252  5.9471  2.2854
   252   147   252  5.9030  2.2561
   251   148   251  6.3510  2.5611
   250   148   251  6.3163  2.5361
   251   144   251  6.3110  2.5322
   252   144   251  6.2713  2.5038
   252   148   251  6.2625  2.4976
   253   146   251  6.2561  2.4931
   251   146   253  6.2315  2.4872
   249   147   251  6.2313  2.4755
   249   146   251  6.2250  2.4710
   253   145   251  6.2227  2.4694
   251   145   253  6.2010  2.4656
   253   147   251  6.1967  2.4511
   250   144   251  6.1950  2.4499
   252   146   253  6.1723  2.4454
   251   147   253  6.1709  2.4444
   252   145   253  6.1577  2.4351
   249   148   251  6.1552  2.4221
   250   146   253  6.1457  2.4268
   249   145   251  6.1263  2.4021
   250   147   253  6.1083  2.4007
   252   147   253  6.0980  2.3936
   250   145   253  6.0931  2.3902
   253   144   251  6.0829  2.3722
   251   144   253  6.0711  2.3750
   253   148   251  6.0644  2.3594
   252   144   253  6.0430  2.3557
   251   148   253  6.0345  2.3499
   250   148   253  5.9931  2.3218
   253   146   253  5.9825  2.3146
   253   145   253  5.9754  2.3098
   252   148   253  5.9526  2.2944
   250   144   253  5.9452  2.2895
   249   144   251  5.9321  2.2703
   249   146   253  5.9136  2.2683
   250   148   252  5.9079  2.2593
   249   147   253  5.9059  2.2632
   253   147   253  5.9054  2.2629
   251   144   252  5.8997  2.2539
   251   148   252  5.8972  2.2522
   249   146   252  5.8742  2.2370
   249   147   252  5.8725  2.2359
   253   144   253  5.8708  2.2399
   249   145   253  5.8359  2.2170
   252   144   252  5.8311  2.2087
   250   144   252  5.8280  2.2067
   249   148   253  5.8219  2.2077
   249   148   252  5.7923  2.1835
   249   145   252  5.7899  2.1819
   252   148   252  5.7678  2.1676
   253   148   253  5.7639  2.1700
   253   146   252  5.7427  2.1515
   253   145   252  5.7341  2.1460
   253   147   252  5.6717  2.1063
   249   144   253  5.6703  2.1101
   253   144   252  5.6343  2.0827
   249   144   252  5.6179  2.0724
   253   148   252  5.5382  2.0229
   251   149   251  6.1564  2.4229
   250   149   251  6.1394  2.4111
   252   149   251  6.0659  2.3605
   251   143   251  6.0370  2.3408
   249   149   251  6.0102  2.3226
   252   143   251  6.0089  2.3218
   254   146   251  5.9364  2.2732
   248   147   251  5.9143  2.2585
   250   143   251  5.9121  2.2570
   254   145   251  5.9000  2.2490
   254   147   251  5.8882  2.2412
   253   149   251  5.8811  2.2365
   248   148   251  5.8784  2.2348
   248   146   251  5.8744  2.2321
   251   149   253  5.8415  2.2206
   251   143   253  5.8407  2.2201
   253   143   251  5.8322  2.2045
   252   143   253  5.8247  2.2096
   250   149   253  5.8167  2.2044
   248   149   251  5.7761  2.1682
   254   148   251  5.7753  2.1677
   254   144   251  5.7645  2.1607
   252   149   253  5.7571  2.1656
   248   145   251  5.7526  2.1530
   250   149   252  5.7355  2.1469
   251   149   252  5.7111  2.1313
   250   143   253  5.7031  2.1310
   254   146   253  5.6842  2.1189
   254   145   253  5.6758  2.1136
   249   149   253  5.6749  2.1130
   251   143   252  5.6684  2.1042
   253   143   253  5.6631  2.1055
   249   143   251  5.6455  2.0851
   249   149   252  5.6449  2.0894
   254   149   251  5.6181  2.0680
   252   143   252  5.6175  2.0721
   254   147   253  5.6152  2.0754
   248   147   252  5.6042  2.0638
   250   143   252  5.5817  2.0499
   252   149   252  5.5801  2.0488
   253   149   253  5.5795  2.0530
   248   146   252  5.5773  2.0471
   248   147   253  5.5753  2.0505
   254   144   253  5.5752  2.0504
   248   148   252  5.5569  2.0345
   248   146   253  5.5507  2.0352
   248   144   251  5.5481  2.0246
   248   148   253  5.5287  2.0216
   254   143   251  5.5243  2.0100
   254   148   253  5.4892  1.9974
   248   145   252  5.4718  1.9823
   251   147   254  5.4513  1.9787
   251   146   254  5.4509  1.9785
   248   145   253  5.4488  1.9728
   248   149   252  5.4436  1.9653
   253   143   252  5.4385  1.9622
   254   146   252  5.4222  1.9524
   248   149   253  5.4209  1.9559
   249   143   253  5.4203  1.9555
   254   145   252  5.4189  1.9504
   252   146   254  5.4012  1.9484
   252   147   254  5.3928  1.9434
   250   147   254  5.3921  1.9429
   251   148   254  5.3801  1.9357
   254   143   253  5.3754  1.9286
   250   146   254  5.3737  1.9319
   251   145   254  5.3681  1.9285
   249   143   252  5.3625  1.9167
   253   149   252  5.3602  1.9153
   254   147   252  5.3541  1.9117
   250   148   254  5.3379  1.9105
   254   144   252  5.3307  1.8978
   252   145   254  5.3290  1.9052
   254   149   253  5.3272  1.8999
   252   148   254  5.3166  1.8979
   248   144   252  5.2881  1.8728
   250   145   254  5.2744  1.8730
   248   144   253  5.2698  1.8662
   248   143   251  5.2661  1.8560
   251   149   254  5.2507  1.8592
   253   146   254  5.2355  1.8503
   254   148   252  5.2320  1.8402
   253   147   254  5.2288  1.8464
   250   149   254  5.2221  1.8425
   249   147   254  5.2145  1.8381
   251   144   254  5.1975  1.8283
   252   149   254  5.1874  1.8224
   249   148   254  5.1868  1.8221
   249   146   254  5.1716  1.8133
   252   144   254  5.1689  1.8118
   253   145   254  5.1664  1.8104
   253   148   254  5.1599  1.8066
   254   143   252  5.1509  1.7937
   249   149   254  5.0966  1.7706
   250   144   254  5.0911  1.7674
   254   149   252  5.0734  1.7499
   249   145   254  5.0528  1.7459
   253   149   254  5.0439  1.7409
   248   143   252  5.0321  1.7269
   248   143   253  5.0189  1.7232
   253   144   254  5.0132  1.7238
   254   147   254  4.9783  1.7044
   254   146   254  4.9739  1.7020
   251   143   254  4.9404  1.6836
   248   148   254  4.9360  1.6812
   248   147   254  4.9315  1.6787
   254   148   254  4.9275  1.6765
   252   143   254  4.9210  1.6730
   254   145   254  4.9009  1.6620
   248   149   254  4.8800  1.6507
   248   146   254  4.8619  1.6409
   249   144   254  4.8572  1.6384
   254   149   254  4.8349  1.6264
   250   143   254  4.8265  1.6219
   253   143   254  4.7746  1.5942
   254   144   254  4.7506  1.5815
   248   145   254  4.7243  1.5677
   249   143   254  4.5889  1.4977
   254   143   254  4.5213  1.4634
   248   144   254  4.5200  1.4628
   248   143   254  4.2542  1.3327
   251   150   251  5.9153  2.2591
   250   150   251  5.9101  2.2557
   252   150   251  5.8292  2.2026
   249   150   251  5.8086  2.1892
   253   150   251  5.6633  2.0963
   251   142   251  5.6595  2.0939
   252   142   251  5.6391  2.0811
   248   150   251  5.6155  2.0664
   251   150   253  5.6095  2.0718
   250   150   253  5.5952  2.0629
   250   142   251  5.5339  2.0159
   252   150   253  5.5296  2.0221
   255   146   251  5.5255  2.0108
   251   142   253  5.5144  2.0128
   247   148   251  5.5117  2.0023
   250   150   252  5.5113  2.0064
   252   142   253  5.5062  2.0077
   247   147   251  5.5048  1.9981
   255   147   251  5.4983  1.9941
   251   150   252  5.4797  1.9872
   249   150   253  5.4785  1.9908
   255   145   251  5.4781  1.9819
   253   142   251  5.4750  1.9800
   247   149   251  5.4581  1.9697
   249   150   252  5.4410  1.9637
   251   146   255  5.4335  1.9724
   247   146   251  5.4326  1.9544
   254   150   251  5.4304  1.9531
   255   148   251  5.4148  1.9437
   252   146   255  5.4120  1.9594
   251   147   255  5.4104  1.9584
   252   147   255  5.3784  1.9391
   250   142   253  5.3733  1.9273
   253   150   253  5.3694  1.9250
   251   145   255  5.3668  1.9321
   252   145   255  5.3566  1.9260
   252   150   252  5.3544  1.9119
   253   142   253  5.3544  1.9161
   247   150   251  5.3469  1.9033
   251   142   252  5.3466  1.9072
   255   144   251  5.3419  1.9004
   250   146   255  5.3264  1.9080
   250   147   255  5.3231  1.9060
   251   148   255  5.3129  1.9000
   252   142   252  5.3101  1.8857
   255   146   253  5.3026  1.8854
   255   149   251  5.2927  1.8715
   247   145   251  5.2923  1.8713
   255   145   253  5.2852  1.8752
   249   142   251  5.2760  1.8618
   252   148   255  5.2727  1.8762
   253   146   255  5.2722  1.8760
   248   150   252  5.2715  1.8631
   248   150   253  5.2620  1.8616
   250   142   252  5.2516  1.8515
   255   147   253  5.2508  1.8551
   250   148   255  5.2450  1.8600
   250   145   255  5.2417  1.8581
   253   147   255  5.2388  1.8563
   247   147   252  5.2362  1.8426
   247   148   252  5.2238  1.8354
   253   145   255  5.2194  1.8451
   251   144   255  5.2011  1.8344
   252   144   255  5.2010  1.8343
   255   144   253  5.1832  1.8160
   254   142   251  5.1827  1.8080
   247   146   252  5.1825  1.8117
   251   149   255  5.1589  1.8101
   253   150   252  5.1513  1.7939
   247   149   252  5.1496  1.7929
   255   148   253  5.1493  1.7966
   253   142   252  5.1488  1.7925
   247   147   253  5.1458  1.7946
   254   150   253  5.1439  1.7935
   255   150   251  5.1417  1.7847
   247   148   253  5.1382  1.7903
   253   148   255  5.1373  1.7977
   249   147   255  5.1148  1.7848
   252   149   255  5.1146  1.7847
   255   143   251  5.1106  1.7671
   250   149   255  5.1081  1.7810
   249   142   253  5.0938  1.7651
   249   146   255  5.0919  1.7718
   247   146   253  5.0906  1.7634
   247   144   251  5.0853  1.7529
   254   142   253  5.0778  1.7561
   251   150   254  5.0746  1.7582
   247   149   253  5.0745  1.7543
   253   144   255  5.0681  1.7584
   249   148   255  5.0651  1.7567
   250   144   255  5.0618  1.7548
   247   145   252  5.0608  1.7429
   250   150   254  5.0543  1.7467
   249   142   252  5.0328  1.7273
   255   146   252  5.0328  1.7273
   254   146   255  5.0320  1.7381
   255   145   252  5.0276  1.7244
   255   149   253  5.0171  1.7222
   247   150   252  5.0170  1.7185
   252   150   254  5.0170  1.7259
   254   147   255  5.0094  1.7254
   255   143   253  4.9891  1.7067
   253   149   255  4.9878  1.7134
   249   145   255  4.9856  1.7122
   255   147   252  4.9755  1.6957
   254   145   255  4.9730  1.7052
   247   145   253  4.9696  1.6960
   251   150   255  4.9638  1.7002
   247   150   253  4.9609  1.6912
   249   149   255  4.9562  1.6960
   249   150   254  4.9509  1.6893
   255   144   252  4.9457  1.6793
   252   143   255  4.9424  1.6883
   251   143   255  4.9347  1.6841
   250   150   255  4.9258  1.6793
   254   148   255  4.9236  1.6780
   252   150   255  4.9200  1.6760
   248   142   251  4.9165  1.6600
   253   150   254  4.8914  1.6569
   254   150   252  4.8894  1.6488
   254   142   252  4.8799  1.6437
   247   144   252  4.8734  1.6402
   255   148   252  4.8731  1.6400
   255   150   253  4.8657  1.6395
   254   144   255  4.8197  1.6217
   247   143   251  4.8177  1.6071
   253   143   255  4.8145  1.6190
   253   150   255  4.8060  1.6144
   249   150   255  4.7994  1.6109
   248   147   255  4.7975  1.6099
   254   149   255  4.7940  1.6080
   249   144   255  4.7907  1.6063
   250   143   255  4.7867  1.6041
   255   142   251  4.7867  1.5907
   247   144   253  4.7848  1.5963
   248   148   255  4.7816  1.6014
   255   143   252  4.7789  1.5898
   248   150   254  4.7670  1.5902
   248   146   255  4.7458  1.5824
   255   149   252  4.7407  1.5698
   248   142   252  4.7141  1.5559
   255   146   255  4.7128  1.5650
   255   147   255  4.7100  1.5636
   254   150   254  4.7091  1.5598
   248   149   255  4.7085  1.5628
   248   142   253  4.7053  1.5545
   255   142   253  4.7038  1.5538
   255   147   254  4.6637  1.5361
   255   148   255  4.6492  1.5319
   255   146   254  4.6413  1.5246
   255   145   255  4.6400  1.5271
   255   148   254  4.6379  1.5228
   254   150   255  4.6351  1.5246
   247   143   252  4.6273  1.5111
   248   145   255  4.6180  1.5158
   247   148   254  4.6076  1.5072
   251   142   254  4.6047  1.5058
   252   142   254  4.5923  1.4994
   247   149   254  4.5891  1.4978
   248   150   255  4.5867  1.4998
   255   150   252  4.5865  1.4903
   252   142   255  4.5861  1.4994
   255   149   254  4.5748  1.4905
   251   142   255  4.5738  1.4931
   247   147   254  4.5704  1.4883
   254   143   255  4.5678  1.4901
   255   145   254  4.5592  1.4826
   255   149   255  4.5480  1.4800
   247   143   253  4.5428  1.4712
   255   142   252  4.5263  1.4600
   247   150   254  4.5152  1.4604
   249   143   255  4.5091  1.4604
   247   142   251  4.4991  1.4435
   250   142   254  4.4893  1.4474
   255   150   254  4.4799  1.4427
   255   144   255  4.4794  1.4455
   247   146   254  4.4760  1.4408
   253   142   255  4.4635  1.4375
   253   142   254  4.4571  1.4314
   250   142   255  4.4237  1.4178
   255   150   255  4.4188  1.4153
   247   148   255  4.4163  1.4141
   248   144   255  4.4112  1.4116
   255   144   254  4.4092  1.4077
   247   147   255  4.3977  1.4050
   247   149   255  4.3821  1.3973
   247   142   252  4.3326  1.3648
   247   145   254  4.3242  1.3663
   247   146   255  4.3188  1.3665
   247   150   255  4.3008  1.3578
   249   142   254  4.2572  1.3341
   247   142   253  4.2532  1.3295
   255   143   255  4.2267  1.3223
   254   142   255  4.2221  1.3201
   254   142   254  4.2186  1.3158
   255   143   254  4.1894  1.3020
   247   145   255  4.1737  1.2973
   249   142   255  4.1492  1.2858
   248   143   255  4.1287  1.2762
   247   144   254  4.1174  1.2684
   247   144   255  3.9614  1.1997
   248   142   254  3.9362  1.1860
   255   142   254  3.9049  1.1721
   255   142   255  3.8869  1.1664
   247   143   254  3.8616  1.1529
   248   142   255  3.7803  1.1197
   247   143   255  3.6868  1.0795
   247   142   254  3.5655  1.0266
   247   142   255  3.3602  0.9452
   250   151   251  5.6358  2.0790
   251   151   251  5.6356  2.0789
   252   151   251  5.5594  2.0316
   249   151   251  5.5555  2.0292
   251   146   256  5.4554  1.9903
   251   147   256  5.4545  1.9898
   253   151   251  5.4157  1.9443
   250   147   256  5.4083  1.9616
   248   151   251  5.3980  1.9337
   250   146   256  5.3960  1.9542
   252   146   256  5.3953  1.9537
   252   147   256  5.3908  1.9510
   251   148   256  5.3796  1.9443
   251   145   256  5.3702  1.9386
   251   151   253  5.3485  1.9125
   250   148   256  5.3469  1.9246
   250   151   253  5.3379  1.9063
   252   145   256  5.3148  1.9055
   252   148   256  5.3147  1.9054
   250   145   256  5.2997  1.8965
   252   151   253  5.2789  1.8715
   249   147   256  5.2536  1.8692
   251   149   256  5.2447  1.8641
   250   151   252  5.2417  1.8458
   249   151   253  5.2404  1.8490
   253   147   256  5.2255  1.8528
   250   149   256  5.2242  1.8520
   253   146   256  5.2233  1.8515
   249   146   256  5.2207  1.8500
   249   148   256  5.2161  1.8473
   254   151   251  5.2136  1.8257
   251   151   252  5.2097  1.8273
   251   141   251  5.1927  1.8137
   251   144   256  5.1919  1.8332
   249   151   252  5.1855  1.8134
   252   149   256  5.1814  1.8272
   252   141   251  5.1756  1.8039
   247   151   251  5.1751  1.8037
   253   148   256  5.1602  1.8149
   252   144   256  5.1413  1.8040
   253   151   253  5.1402  1.7914
   253   145   256  5.1402  1.8034
   249   149   256  5.1182  1.7908
   250   144   256  5.1135  1.7881
   249   145   256  5.1088  1.7854
   251   141   253  5.1019  1.7697
   252   141   253  5.0964  1.7666
   252   151   252  5.0963  1.7628
   246   148   251  5.0925  1.7569
   246   149   251  5.0872  1.7540
   250   141   251  5.0750  1.7472
   251   150   256  5.0603  1.7579
   248   151   253  5.0569  1.7444
   250   150   256  5.0495  1.7518
   256   146   251  5.0485  1.7324
   256   147   251  5.0483  1.7323
   246   147   251  5.0458  1.7309
   248   151   252  5.0428  1.7328
   253   149   256  5.0417  1.7474
   246   150   251  5.0275  1.7208
   253   141   251  5.0242  1.7189
   248   147   256  5.0032  1.7258
   252   150   256  5.0017  1.7250
   256   148   251  4.9999  1.7055
   248   148   256  4.9968  1.7223
   256   145   251  4.9847  1.6971
   254   147   256  4.9730  1.7090
   253   144   256  4.9676  1.7060
   249   150   256  4.9671  1.7058
   250   141   253  4.9661  1.6941
   255   151   251  4.9602  1.6837
   254   146   256  4.9551  1.6991
   253   141   253  4.9536  1.6872
   246   146   251  4.9468  1.6764
   248   146   256  4.9452  1.6937
   251   141   252  4.9449  1.6789
   254   151   253  4.9431  1.6814
   248   149   256  4.9333  1.6871
   254   148   256  4.9289  1.6847
   251   143   256  4.9198  1.6796
   252   141   252  4.9182  1.6644
   256   149   251  4.9169  1.6602
   253   151   252  4.9146  1.6624
   249   144   256  4.9136  1.6763
   246   151   251  4.9054  1.6540
   253   150   256  4.8797  1.6577
   252   143   256  4.8736  1.6544
   256   146   253  4.8633  1.6382
   254   145   256  4.8626  1.6485
   251   151   254  4.8563  1.6379
   250   141   252  4.8493  1.6272
   256   144   251  4.8441  1.6211
   250   151   254  4.8385  1.6283
   249   141   251  4.8383  1.6181
   250   143   256  4.8376  1.6349
   254   149   256  4.8357  1.6339
   256   147   253  4.8343  1.6226
   256   145   253  4.8315  1.6211
   251   151   256  4.8294  1.6305
   246   148   252  4.8267  1.6152
   250   151   256  4.8253  1.6283
   247   151   252  4.8248  1.6142
   248   150   256  4.8170  1.6238
   248   145   256  4.8163  1.6235
   252   151   254  4.8093  1.6127
   246   147   252  4.8070  1.6047
   256   150   251  4.8051  1.6004
   247   151   253  4.7990  1.6038
   246   145   251  4.7955  1.5954
   246   149   252  4.7916  1.5966
   252   151   256  4.7781  1.6030
   253   141   252  4.7733  1.5869
   249   151   256  4.7636  1.5953
   256   148   253  4.7623  1.5844
   254   141   251  4.7520  1.5725
   249   151   254  4.7517  1.5821
   251   151   255  4.7351  1.5768
   246   146   252  4.7316  1.5650
   256   144   253  4.7246  1.5646
   247   148   256  4.7090  1.5664
   250   151   255  4.7051  1.5610
   253   151   254  4.7048  1.5575
   253   143   256  4.7040  1.5638
   249   141   253  4.7020  1.5528
   254   150   256  4.7011  1.5623
   246   150   252  4.7009  1.5490
   252   151   255  4.6964  1.5564
   255   151   253  4.6960  1.5497
   254   141   253  4.6913  1.5472
   246   148   253  4.6891  1.5461
   254   144   256  4.6872  1.5550
   247   149   256  4.6849  1.5538
   247   147   256  4.6812  1.5519
   254   151   252  4.6802  1.5383
   253   151   256  4.6754  1.5488
   246   149   253  4.6687  1.5355
   256   149   253  4.6630  1.5326
   246   147   253  4.6611  1.5316
   256   151   251  4.6600  1.5248
   255   147   256  4.6508  1.5360
   248   151   256  4.6458  1.5334
   249   141   252  4.6416  1.5184
   249   143   256  4.6363  1.5285
   255   148   256  4.6348  1.5277
   256   143   251  4.6208  1.5047
   248   144   256  4.6136  1.5168
   255   146   256  4.6110  1.5154
   247   150   256  4.6097  1.5148
   246   150   253  4.6020  1.5013
   246   145   252  4.6011  1.4977
   249   151   255  4.5997  1.5064
   253   151   255  4.5987  1.5059
   256   146   252  4.5981  1.4962
   247   146   256  4.5974  1.5084
   248   151   254  4.5968  1.5017
   246   144   251  4.5950  1.4916
   256   145   252  4.5848  1.4895
   246   146   253  4.5815  1.4908
   255   149   256  4.5734  1.4961
   251   142   256  4.5606  1.4896
   256   147   252  4.5582  1.4760
   254   151   254  4.5498  1.4778
   246   151   252  4.5496  1.4717
   256   150   253  4.5446  1.4722
   256   143   253  4.5353  1.4675
   254   141   252  4.5249  1.4593
   254   151   256  4.5244  1.4712
   252   142   256  4.5184  1.4682
   248   141   251  4.5135  1.4507
   255   145   256  4.5045  1.4612
   256   144   252  4.5042  1.4489
   246   151   253  4.4870  1.4433
   256   148   252  4.4809  1.4374
   250   142   256  4.4791  1.4484
   247   151   256  4.4779  1.4478
   255   150   256  4.4716  1.4446
   247   145   256  4.4530  1.4353
   254   151   255  4.4521  1.4319
   246   145   253  4.4496  1.4247
   254   143   256  4.4277  1.4228
   248   151   255  4.4193  1.4156
   246   144   252  4.4192  1.4069
   255   151   252  4.4081  1.4015
   256   151   253  4.4054  1.4030
   246   149   256  4.3939  1.4061
   247   151   254  4.3821  1.3944
   255   141   251  4.3820  1.3860
   246   148   256  4.3789  1.3987
   256   149   252  4.3789  1.3872
   246   150   256  4.3604  1.3896
   256   147   255  4.3596  1.3863
   253   142   256  4.3564  1.3876
   246   143   251  4.3509  1.3710
   255   151   254  4.3501  1.3788
   256   143   252  4.3473  1.3719
   248   141   252  4.3470  1.3718
   248   141   253  4.3406  1.3714
   248   143   256  4.3390  1.3791
   255   141   253  4.3368  1.3696
   256   146   255  4.3364  1.3750
   256   148   255  4.3297  1.3718
   255   151   256  4.3269  1.3733
   255   144   256  4.3242  1.3719
   246   147   256  4.3186  1.3692
   256   142   251  4.3167  1.3545
   256   148   254  4.3083  1.3586
   256   147   254  4.3066  1.3578
   256   148   256  4.2915  1.3561
   249   142   256  4.2841  1.3525
   256   147   256  4.2770  1.3491
   256   149   254  4.2760  1.3431
   246   151   256  4.2697  1.3456
   246   144   253  4.2687  1.3369
   255   151   255  4.2650  1.3406
   256   142   253  4.2646  1.3350
   256   149   256  4.2637  1.3427
   256   146   254  4.2635  1.3371
   256   149   255  4.2618  1.3390
   256   150   252  4.2568  1.3286
   246   149   254  4.2501  1.3307
   247   144   256  4.2464  1.3344
   256   145   255  4.2448  1.3309
   246   148   254  4.2332  1.3227
   246   150   254  4.2152  1.3142
   256   146   256  4.2129  1.3185
   256   150   254  4.2117  1.3125
   246   146   256  4.2117  1.3179
   251   141   254  4.2044  1.3091
   252   141   254  4.1965  1.3054
   256   150   256  4.1960  1.3105
   255   141   252  4.1945  1.2992
   246   143   252  4.1927  1.2984
   247   151   255  4.1726  1.2968
   256   145   254  4.1701  1.2930
   246   147   254  4.1676  1.2918
   256   150   255  4.1657  1.2935
   252   141   255  4.1454  1.2840
   247   141   251  4.1423  1.2725
   251   141   255  4.1319  1.2777
   251   141   256  4.1286  1.2788
   246   151   254  4.1216  1.2704
   256   142   252  4.1124  1.2611
   256   151   254  4.1102  1.2651
   256   151   252  4.1100  1.2600
   250   141   254  4.0934  1.2573
   254   142   256  4.0912  1.2614
   256   145   256  4.0909  1.2613
   252   141   256  4.0900  1.2609
   256   151   256  4.0839  1.2580
   253   141   254  4.0740  1.2484
   256   144   255  4.0736  1.2507
   246   142   251  4.0718  1.2401
   255   143   256  4.0695  1.2514
   246   145   256  4.0559  1.2451
   246   146   254  4.0546  1.2395
   250   141   256  4.0517  1.2432
   246   143   253  4.0459  1.2331
   256   151   255  4.0431  1.2367
   253   141   255  4.0283  1.2299
   256   144   254  4.0198  1.2237
   246   149   255  4.0051  1.2194
   246   148   255  4.0024  1.2182
   247   141   252  4.0017  1.2107
   248   142   256  3.9997  1.2194
   250   141   255  3.9868  1.2111
   247   143   256  3.9798  1.2104
   246   150   255  3.9637  1.2007
   246   147   255  3.9532  1.1960
   256   141   251  3.9426  1.1820
   253   141   256  3.9393  1.1922
   246   142   252  3.9311  1.1792
   247   141   253  3.9273  1.1798
   256   141   253  3.9224  1.1776
   256   144   256  3.9057  1.1771
   246   145   254  3.8956  1.1679
   246   151   255  3.8761  1.1616
   249   141   254  3.8757  1.1592
   249   141   256  3.8703  1.1614
   254   141   254  3.8549  1.1500
   246   146   255  3.8526  1.1513
   246   144   256  3.8502  1.1525
   256   143   255  3.8194  1.1367
   256   143   254  3.8110  1.1308
   256   141   252  3.8056  1.1242
   254   141   255  3.7959  1.1265
   246   142   253  3.7903  1.1197
   246   141   251  3.7681  1.1060
   255   142   256  3.7477  1.1078
   249   141   255  3.7258  1.0962
   246   145   255  3.6975  1.0841
   246   144   254  3.6938  1.0804
   254   141   256  3.6923  1.0840
   247   142   256  3.6603  1.0704
   256   143   256  3.6577  1.0693
   246   141   252  3.6449  1.0558
   248   141   256  3.6086  1.0486
   246   143   256  3.5971  1.0438
   248   141   254  3.5790  1.0322
   255   141   254  3.5666  1.0271
   256   142   254  3.5477  1.0193
   246   141   253  3.5119  1.0027
   246   144   255  3.4885  0.9969
   256   142   255  3.4877  0.9966
   255   141   255  3.4738  0.9909
   246   143   254  3.4548  0.9813
   248   141   255  3.3813  0.9536
   255   141   256  3.3729  0.9520
   256   142   256  3.3543  0.9446
   246   142   256  3.3031  0.9243
   247   141   256  3.2998  0.9230
   247   141   254  3.2408  0.8966
   256   141   254  3.2394  0.8960
   246   143   255  3.2313  0.8946
   246   142   254  3.1867  0.8758
   256   141   255  3.0924  0.8415
   256   141   256  3.0086  0.8117
   247   141   255  2.9969  0.8059
   246   141   256  2.9785  0.8006
   246   142   255  2.9365  0.7837
   246   141   254  2.8991  0.7688
   246   141   255  2.6181  0.6713
   251   152   251  5.3127  1.8832
   250   152   251  5.3122  1.8829
   252   152   251  5.2500  1.8467
   249   152   251  5.2460  1.8444
   253   152   251  5.1294  1.7777
   248   152   251  5.1166  1.7705
   251   152   253  5.0567  1.7443
   250   152   253  5.0441  1.7372
   252   152   253  5.0017  1.7137
   249   152   253  4.9593  1.6903
   254   152   251  4.9565  1.6817
   247   152   251  4.9327  1.6688
   250   152   252  4.9233  1.6671
   251   152   252  4.8966  1.6527
   253   152   253  4.8863  1.6506
   249   152   252  4.8746  1.6408
   248   152   253  4.8032  1.6060
   252   152   252  4.7995  1.6007
   248   152   252  4.7527  1.5760
   255   152   251  4.7351  1.5637
   254   152   253  4.7168  1.5605
   246   152   251  4.7076  1.5494
   245   149   251  4.6981  1.5445
   245   150   251  4.6850  1.5377
   245   148   251  4.6616  1.5256
   251   140   251  4.6577  1.5236
   253   152   252  4.6417  1.5185
   252   140   251  4.6397  1.5144
   251   140   253  4.6181  1.5095
   252   140   253  4.6107  1.5057
   245   151   251  4.6096  1.4991
   251   152   254  4.5915  1.4990
   247   152   253  4.5839  1.4921
   245   147   251  4.5828  1.4855
   250   152   254  4.5711  1.4887
   247   152   252  4.5661  1.4800
   252   152   254  4.5586  1.4823
   257   147   251  4.5570  1.4725
   250   140   251  4.5565  1.4722
   251   152   256  4.5468  1.4826
   250   152   256  4.5463  1.4823
   257   148   251  4.5446  1.4662
   257   146   251  4.5283  1.4581
   252   152   256  4.5048  1.4613
   249   152   256  4.5015  1.4596
   253   140   251  4.5011  1.4445
   257   149   251  4.5005  1.4442
   255   152   253  4.4984  1.4490
   250   140   253  4.4960  1.4478
   249   152   254  4.4951  1.4503
   251   140   252  4.4784  1.4361
   253   140   253  4.4766  1.4381
   253   152   254  4.4761  1.4408
   251   152   255  4.4716  1.4416
   256   152   251  4.4680  1.4281
   245   146   251  4.4655  1.4269
   252   140   252  4.4565  1.4252
   245   152   251  4.4556  1.4220
   257   145   251  4.4463  1.4174
   250   152   255  4.4446  1.4281
   252   152   255  4.4419  1.4268
   254   152   252  4.4357  1.4150
   257   150   251  4.4268  1.4079
   253   152   256  4.4218  1.4198
   248   152   256  4.4118  1.4149
   245   148   252  4.4039  1.3994
   245   149   252  4.4026  1.3988
   250   140   252  4.3904  1.3928
   257   146   253  4.3902  1.3956
   257   147   253  4.3860  1.3935
   248   152   254  4.3639  1.3855
   253   152   255  4.3628  1.3878
   245   147   252  4.3587  1.3775
   249   152   255  4.3555  1.3843
   249   140   251  4.3525  1.3717
   245   150   252  4.3501  1.3733
   254   152   254  4.3473  1.3774
   257   148   253  4.3442  1.3731
   257   145   253  4.3423  1.3722
   246   152   252  4.3287  1.3630
   253   140   252  4.3261  1.3617
   257   151   251  4.3172  1.3548
   246   152   253  4.3166  1.3598
   245   145   251  4.3119  1.3523
   257   144   251  4.3004  1.3468
   254   152   256  4.2975  1.3590
   247   152   256  4.2794  1.3503
   257   149   253  4.2769  1.3408
   245   146   252  4.2694  1.3346
   249   140   253  4.2590  1.3323
   254   140   251  4.2531  1.3243
   245   149   253  4.2420  1.3242
   254   152   255  4.2410  1.3291
   245   151   252  4.2382  1.3198
   256   152   253  4.2355  1.3211
   254   140   253  4.2327  1.3198
   257   144   253  4.2296  1.3184
   245   148   253  4.2259  1.3166
   245   150   253  4.2174  1.3126
   249   140   252  4.2044  1.3039
   248   152   255  4.2033  1.3112
   255   152   252  4.1937  1.2989
   257   150   253  4.1893  1.2994
   247   152   254  4.1825  1.2988
   255   152   254  4.1744  1.2950
   245   147   253  4.1704  1.2905
   257   152   251  4.1586  1.2800
   245   151   253  4.1464  1.2793
   245   145   252  4.1385  1.2732
   257   146   252  4.1376  1.2728
   255   152   256  4.1301  1.2795
   245   144   251  4.1256  1.2648
   257   147   252  4.1192  1.2643
   257   145   252  4.1118  1.2609
   246   152   256  4.1091  1.2697
   254   140   252  4.1000  1.2554
   257   143   251  4.0856  1.2464
   245   150   256  4.0853  1.2587
   255   152   255  4.0819  1.2545
   245   149   256  4.0818  1.2571
   257   151   253  4.0782  1.2479
   245   146   253  4.0754  1.2466
   248   140   251  4.0753  1.2417
   257   148   252  4.0702  1.2418
   245   152   252  4.0562  1.2354
   257   143   253  4.0461  1.2332
   245   148   256  4.0331  1.2347
   245   151   256  4.0318  1.2341
   257   144   252  4.0287  1.2229
   245   152   253  4.0199  1.2213
   257   149   252  3.9999  1.2099
   247   152   255  3.9931  1.2140
   257   148   255  3.9780  1.2071
   257   147   255  3.9747  1.2057
   245   144   252  3.9700  1.1965
   256   152   254  3.9601  1.1967
   246   152   254  3.9601  1.1967
   257   148   254  3.9528  1.1934
   257   149   254  3.9483  1.1914
   245   147   256  3.9458  1.1951
   248   140   252  3.9455  1.1856
   257   149   255  3.9447  1.1922
   245   145   253  3.9422  1.1864
   248   140   253  3.9384  1.1847
   257   152   253  3.9342  1.1828
   256   152   252  3.9262  1.1770
   257   147   254  3.9258  1.1813
   257   146   255  3.9232  1.1825
   256   152   256  3.9178  1.1825
   255   140   251  3.9164  1.1705
   257   149   256  3.9152  1.1813
   257   148   256  3.9116  1.1797
   257   150   254  3.9114  1.1749
   245   143   251  3.9112  1.1682
   257   150   252  3.9102  1.1699
   245   152   256  3.9070  1.1777
   255   140   253  3.9053  1.1700
   245   149   254  3.8914  1.1661
   245   150   254  3.8898  1.1654
   256   152   255  3.8892  1.1674
   257   150   255  3.8821  1.1643
   257   143   252  3.8794  1.1563
   257   150   256  3.8790  1.1652
   257   147   256  3.8685  1.1606
   257   146   254  3.8635  1.1538
   245   148   254  3.8464  1.1463
   257   151   254  3.8351  1.1413
   245   151   254  3.8322  1.1401
   245   146   256  3.8216  1.1399
   257   145   255  3.8108  1.1329
   257   142   251  3.8036  1.1212
   257   151   256  3.7976  1.1294
   255   140   252  3.7973  1.1206
   257   151   252  3.7947  1.1195
   257   142   253  3.7935  1.1210
   257   151   255  3.7908  1.1242
   257   146   256  3.7819  1.1226
   245   144   253  3.7746  1.1129
   245   143   252  3.7703  1.1089
   247   140   251  3.7629  1.1037
   245   147   254  3.7605  1.1090
   257   145   254  3.7602  1.1088
   251   140   254  3.7585  1.1081
   252   140   254  3.7528  1.1056
   246   152   255  3.7365  1.1008
   257   152   254  3.7086  1.0867
   245   152   254  3.7077  1.0863
   245   142   251  3.6752  1.0665
   257   152   255  3.6660  1.0707
   257   142   252  3.6618  1.0629
   257   152   256  3.6614  1.0708
   245   145   256  3.6598  1.0702
   250   140   254  3.6574  1.0650
   247   140   252  3.6477  1.0570
   257   145   256  3.6462  1.0644
   251   140   256  3.6447  1.0638
   253   140   254  3.6436  1.0592
   257   152   252  3.6416  1.0544
   252   140   255  3.6401  1.0597
   245   146   254  3.6370  1.0564
   251   140   255  3.6289  1.0550
   257   144   255  3.6286  1.0549
   257   144   254  3.6113  1.0457
   252   140   256  3.6099  1.0491
   245   149   255  3.6099  1.0471
   245   150   255  3.6026  1.0440
   245   143   253  3.5790  1.0303
   245   148   255  3.5772  1.0335
   247   140   253  3.5772  1.0295
   250   140   256  3.5758  1.0349
   245   151   255  3.5514  1.0227
   245   142   252  3.5470  1.0152
   253   140   255  3.5290  1.0135
   256   140   253  3.5262  1.0085
   256   140   251  3.5175  1.0013
   245   147   255  3.5049  1.0036
   250   149   257  3.4981  1.0047
   249   149   257  3.4979  1.0046
   250   140   255  3.4960  1.0000
   250   148   257  3.4938  1.0029
   249   148   257  3.4850  0.9993
   257   141   253  3.4815  0.9903
   245   145   254  3.4784  0.9909
   253   140   256  3.4740  0.9929
   249   150   257  3.4682  0.9925
   251   148   257  3.4672  0.9920
   248   149   257  3.4663  0.9917
   251   149   257  3.4656  0.9914
   257   141   251  3.4643  0.9798
   249   140   254  3.4619  0.9842
   245   144   256  3.4602  0.9872
   250   150   257  3.4595  0.9889
   257   144   256  3.4584  0.9865
   250   147   257  3.4557  0.9873
   246   140   251  3.4523  0.9749
   245   152   255  3.4493  0.9810
   248   150   257  3.4481  0.9842
   254   140   254  3.4475  0.9784
   248   148   257  3.4428  0.9821
   256   140   252  3.4407  0.9720
   249   147   257  3.4393  0.9807
   251   147   257  3.4341  0.9786
   245   141   251  3.4252  0.9641
   251   150   257  3.4210  0.9733
   257   143   254  3.4156  0.9655
   249   140   256  3.4144  0.9687
   247   149   257  3.4064  0.9673
   252   148   257  3.4057  0.9671
   252   149   257  3.4014  0.9653
   247   150   257  3.4012  0.9653
   245   146   255  3.3911  0.9575
   250   146   257  3.3889  0.9603
   248   147   257  3.3877  0.9598
   249   151   257  3.3852  0.9588
   257   141   252  3.3819  0.9486
   248   151   257  3.3767  0.9554
   252   147   257  3.3747  0.9546
   257   143   255  3.3745  0.9509
   247   148   257  3.3710  0.9531
   251   146   257  3.3709  0.9531
   250   151   257  3.3677  0.9518
   249   146   257  3.3666  0.9513
   245   142   253  3.3633  0.9429
   252   150   257  3.3540  0.9463
   246   140   252  3.3449  0.9339
   247   151   257  3.3438  0.9423
   246   150   257  3.3297  0.9366
   251   151   257  3.3239  0.9344
   246   149   257  3.3212  0.9333
   253   148   257  3.3123  0.9298
   252   146   257  3.3120  0.9296
   254   140   255  3.3100  0.9253
   245   141   252  3.3083  0.9196
   253   149   257  3.3082  0.9281
   248   146   257  3.3077  0.9279
   247   147   257  3.3059  0.9272
   250   145   257  3.2945  0.9227
   245   144   254  3.2878  0.9149
   246   151   257  3.2875  0.9199
   253   147   257  3.2801  0.9170
   251   145   257  3.2780  0.9162
   246   148   257  3.2740  0.9146
   249   145   257  3.2688  0.9126
   253   150   257  3.2611  0.9096
   249   140   255  3.2592  0.9054
   252   151   257  3.2550  0.9072
   254   140   256  3.2514  0.9041
   248   152   257  3.2440  0.9029
   249   152   257  3.2411  0.9018
   245   145   255  3.2346  0.8958
   245   150   257  3.2342  0.8991
   247   152   257  3.2255  0.8957
   245   143   256  3.2249  0.8938
   246   140   253  3.2205  0.8871
   257   143   256  3.2201  0.8919
   247   146   257  3.2182  0.8928
   252   145   257  3.2179  0.8927
   250   152   257  3.2158  0.8919
   253   146   257  3.2149  0.8916
   245   149   257  3.2126  0.8907
   245   151   257  3.2071  0.8885
   248   145   257  3.2054  0.8879
   246   147   257  3.1991  0.8855
   248   140   254  3.1983  0.8802
   254   148   257  3.1908  0.8823
   255   140   254  3.1898  0.8769
   254   149   257  3.1897  0.8818
   246   152   257  3.1855  0.8802
   248   140   256  3.1837  0.8778
   257   142   254  3.1765  0.8719
   250   144   257  3.1710  0.8746
   245   140   251  3.1704  0.8649
   251   152   257  3.1681  0.8735
   253   151   257  3.1633  0.8716
   254   147   257  3.1547  0.8684
   245   148   257  3.1546  0.8683
   251   144   257  3.1532  0.8678
   254   150   257  3.1455  0.8649
   249   144   257  3.1450  0.8646
   245   141   253  3.1354  0.8547
   257   140   253  3.1275  0.8517
   245   152   257  3.1222  0.8559
   253   145   257  3.1167  0.8539
   247   145   257  3.1112  0.8517
   246   146   257  3.1042  0.8491
   252   152   257  3.0989  0.8471
   252   144   257  3.0898  0.8436
   257   140   251  3.0854  0.8330
   254   146   257  3.0843  0.8416
   248   144   257  3.0805  0.8402
   245   147   257  3.0712  0.8366
   245   143   254  3.0703  0.8317
   245   140   252  3.0621  0.8257
   257   142   255  3.0546  0.8273
   257   140   252  3.0532  0.8224
   254   151   257  3.0519  0.8294
   255   149   257  3.0493  0.8284
   255   148   257  3.0452  0.8269
   245   144   255  3.0376  0.8210
   250   143   257  3.0156  0.8158
   255   150   257  3.0106  0.8139
   253   152   257  3.0105  0.8139
   255   140   255  3.0082  0.8101
   255   147   257  3.0031  0.8112
   251   143   257  2.9936  0.8076
   246   145   257  2.9930  0.8074
   249   143   257  2.9930  0.8074
   247   144   257  2.9852  0.8045
   253   144   257  2.9832  0.8038
   254   145   257  2.9797  0.8025
   245   146   257  2.9705  0.7991
   255   140   256  2.9644  0.7954
   245   142   256  2.9595  0.7936
   248   140   255  2.9514  0.7892
   257   142   256  2.9384  0.7858
   248   143   257  2.9316  0.7848
   255   146   257  2.9258  0.7827
   252   143   257  2.9249  0.7824
   255   151   257  2.9240  0.7820
   247   140   256  2.9144  0.7771
   254   152   257  2.9058  0.7754
   245   140   253  2.9026  0.7687
   257   141   254  2.9010  0.7694
   247   140   254  2.9009  0.7694
   256   140   254  2.8984  0.7685
   256   149   257  2.8905  0.7698
   256   148   257  2.8795  0.7658
   246   144   257  2.8667  0.7612
   256   150   257  2.8594  0.7586
   245   145   257  2.8567  0.7576
   247   143   257  2.8394  0.7513
   254   144   257  2.8393  0.7513
   245   142   254  2.8325  0.7449
   256   147   257  2.8301  0.7480
   250   142   257  2.8270  0.7469
   255   145   257  2.8135  0.7421
   253   143   257  2.8121  0.7416
   249   142   257  2.8115  0.7414
   245   143   255  2.8061  0.7368
   251   142   257  2.7979  0.7365
   255   152   257  2.7880  0.7330
   256   151   257  2.7828  0.7311
   248   142   257  2.7574  0.7221
   256   146   257  2.7450  0.7178
   245   144   257  2.7312  0.7129
   246   143   257  2.7245  0.7106
   252   142   257  2.7223  0.7098
   257   149   257  2.7172  0.7080
   257   148   257  2.6979  0.7012
   257   150   257  2.6959  0.7005
   257   141   255  2.6826  0.6935
   245   141   256  2.6729  0.6913
   247   142   257  2.6727  0.6925
   255   144   257  2.6657  0.6900
   254   143   257  2.6615  0.6886
   256   152   257  2.6603  0.6882
   256   140   255  2.6541  0.6836
   257   147   257  2.6408  0.6814
   256   140   256  2.6379  0.6792
   246   140   256  2.6374  0.6791
   257   151   257  2.6320  0.6784
   257   141   256  2.6253  0.6749
   256   145   257  2.6251  0.6760
   247   140   255  2.6152  0.6703
   250   141   257  2.6057  0.6694
   246   140   254  2.6030  0.6650
   253   142   257  2.6030  0.6685
   249   141   257  2.6009  0.6677
   257   140   254  2.5984  0.6634
   245   143   257  2.5938  0.6653
   245   141   254  2.5822  0.6579
   251   141   257  2.5671  0.6562
   246   142   257  2.5659  0.6558
   248   141   257  2.5583  0.6532
   245   142   255  2.5499  0.6481
   257   146   257  2.5482  0.6498
   257   152   257  2.5267  0.6426
   251   153   251  4.9318  1.6683
   250   153   251  4.9264  1.6653
   252   153   251  4.8846  1.6428
   249   153   251  4.8678  1.6338
   253   153   251  4.7867  1.5907
   248   153   251  4.7592  1.5762
   251   153   253  4.7243  1.5644
   250   153   253  4.7055  1.5546
   252   153   253  4.6863  1.5446
   254   153   251  4.6407  1.5149
   249   153   253  4.6281  1.5146
   247   153   251  4.6070  1.4977
   253   153   253  4.5942  1.4973
   250   153   252  4.5460  1.4699
   251   153   252  4.5289  1.4613
   249   153   252  4.4997  1.4467
   248   153   253  4.4938  1.4467
   254   153   253  4.4510  1.4254
   252   153   252  4.4505  1.4223
   255   153   251  4.4487  1.4186
   246   153   251  4.4204  1.4047
   248   153   252  4.3927  1.3940
   244   150   251  4.3418  1.3666
   244   149   251  4.3188  1.3556
   253   153   252  4.3177  1.3577
   247   153   253  4.3085  1.3559
   244   151   251  4.3044  1.3487
   251   153   254  4.2703  1.3404
   255   153   253  4.2591  1.3323
   252   153   254  4.2530  1.3321
   244   148   251  4.2517  1.3236
   250   153   254  4.2440  1.3278
   247   153   252  4.2325  1.3171
   256   153   251  4.2127  1.3053
   245   153   251  4.2087  1.3034
   250   153   256  4.2040  1.3143
   251   153   256  4.2036  1.3141
   253   153   254  4.1921  1.3033
   244   152   251  4.1884  1.2939
   249   153   254  4.1741  1.2948
   252   153   256  4.1720  1.2991
   249   153   256  4.1719  1.2991
   251   153   255  4.1671  1.2942
   244   147   251  4.1518  1.2769
   252   153   255  4.1493  1.2858
   254   153   252  4.1399  1.2738
   250   153   255  4.1393  1.2811
   253   153   256  4.1082  1.2693
   248   153   256  4.1056  1.2681
   253   153   255  4.0899  1.2582
   254   153   254  4.0874  1.2546
   251   139   253  4.0836  1.2503
   251   139   251  4.0831  1.2453
   246   153   253  4.0825  1.2498
   252   139   253  4.0711  1.2446
   249   153   255  4.0620  1.2454
   258   148   251  4.0617  1.2355
   248   153   254  4.0616  1.2427
   252   139   251  4.0607  1.2351
   258   149   251  4.0527  1.2314
   258   147   251  4.0414  1.2263
   246   153   252  4.0295  1.2233
   244   146   251  4.0257  1.2192
   256   153   253  4.0222  1.2223
   258   150   251  4.0138  1.2139
   244   149   252  4.0108  1.2148
   254   153   256  4.0091  1.2237
   250   139   251  4.0053  1.2100
   247   153   256  4.0039  1.2213
   254   153   255  3.9928  1.2138
   244   150   252  3.9882  1.2047
   244   148   252  3.9879  1.2045
   258   146   251  3.9863  1.2015
   250   139   253  3.9827  1.2045
   244   153   251  3.9791  1.1983
   251   139   252  3.9672  1.1953
   253   139   253  3.9468  1.1884
   252   139   252  3.9453  1.1855
   255   153   254  3.9390  1.1872
   258   151   251  3.9379  1.1800
   257   153   251  3.9366  1.1794
   253   139   251  3.9350  1.1787
   248   153   255  3.9338  1.1873
   255   153   252  3.9278  1.1777
   244   147   252  3.9267  1.1772
   258   147   253  3.9248  1.1786
   258   148   253  3.9102  1.1722
   244   151   252  3.9095  1.1696
   247   153   254  3.9094  1.1741
   258   146   253  3.9064  1.1704
   250   139   252  3.8944  1.1629
   258   145   251  3.8880  1.1580
   244   145   251  3.8774  1.1533
   258   149   253  3.8711  1.1549
   255   153   256  3.8701  1.1613
   246   153   256  3.8678  1.1603
   255   153   255  3.8606  1.1548
   258   145   253  3.8437  1.1429
   249   139   251  3.8432  1.1384
   244   150   253  3.8357  1.1394
   244   146   252  3.8322  1.1357
   245   153   253  3.8291  1.1365
   244   149   253  3.8284  1.1362
   253   139   252  3.8282  1.1340
   258   152   251  3.8130  1.1253
   258   150   253  3.8104  1.1284
   244   151   253  3.8004  1.1240
   244   150   256  3.7965  1.1290
   245   153   252  3.7950  1.1196
   244   148   253  3.7864  1.1180
   249   139   253  3.7830  1.1165
   244   151   256  3.7730  1.1187
   244   149   256  3.7647  1.1151
   244   152   252  3.7628  1.1057
   247   153   255  3.7572  1.1097
   256   153   254  3.7485  1.1038
   257   153   253  3.7466  1.1009
   249   139   252  3.7394  1.0957
   258   144   251  3.7388  1.0935
   258   144   253  3.7272  1.0926
   254   139   253  3.7262  1.0921
   258   151   253  3.7242  1.0913
   246   153   254  3.7227  1.0927
   254   139   251  3.7150  1.0833
   244   147   253  3.7142  1.0870
   244   152   253  3.7118  1.0860
   244   144   251  3.7101  1.0813
   244   145   252  3.7081  1.0824
   245   153   256  3.6998  1.0872
   256   153   255  3.6960  1.0834
   244   148   256  3.6913  1.0836
   256   153   252  3.6912  1.0752
   256   153   256  3.6876  1.0820
   244   152   256  3.6790  1.0783
   258   147   252  3.6720  1.0672
   258   146   252  3.6674  1.0652
   258   148   252  3.6517  1.0586
   258   153   251  3.6276  1.0466
   258   145   252  3.6269  1.0483
   254   139   252  3.6262  1.0480
   248   139   251  3.6237  1.0450
   244   146   253  3.6140  1.0448
   258   149   252  3.6126  1.0423
   258   148   255  3.6049  1.0450
   258   149   255  3.6046  1.0449
   258   152   253  3.6045  1.0409
   258   149   254  3.6011  1.0414
   258   150   254  3.5864  1.0353
   244   147   256  3.5854  1.0389
   258   148   254  3.5834  1.0340
   258   150   255  3.5738  1.0320
   258   147   255  3.5700  1.0304
   244   153   253  3.5609  1.0228
   244   144   252  3.5583  1.0198
   244   150   254  3.5577  1.0234
   258   150   252  3.5542  1.0181
   258   143   253  3.5525  1.0193
   258   144   252  3.5395  1.0121
   244   153   252  3.5394  1.0121
   246   153   255  3.5392  1.0177
   258   149   256  3.5372  1.0188
   258   147   254  3.5366  1.0147
   244   149   254  3.5355  1.0143
   258   143   251  3.5349  1.0084
   258   151   254  3.5317  1.0127
   244   151   254  3.5283  1.0113
   258   150   256  3.5281  1.0151
   244   143   251  3.5269  1.0051
   248   139   252  3.5260  1.0066
   257   153   254  3.5205  1.0081
   248   139   253  3.5143  1.0036
   258   151   255  3.5125  1.0067
   245   153   254  3.5076  1.0028
   258   148   256  3.5074  1.0066
   244   153   256  3.5035  1.0049
   257   153   255  3.5016  1.0022
   258   146   255  3.4913  0.9980
   244   145   253  3.4880  0.9930
   258   151   256  3.4740  0.9929
   244   148   254  3.4726  0.9885
   258   151   252  3.4692  0.9835
   257   153   256  3.4614  0.9878
   258   146   254  3.4600  0.9834
   244   146   256  3.4512  0.9836
   258   153   253  3.4432  0.9748
   258   147   256  3.4410  0.9795
   257   153   252  3.4385  0.9712
   244   152   254  3.4353  0.9734
   255   139   253  3.4342  0.9712
   258   152   254  3.4270  0.9701
   255   139   251  3.4183  0.9614
   258   152   255  3.4167  0.9678
   258   143   252  3.3969  0.9546
   244   143   252  3.3880  0.9510
   247   139   251  3.3788  0.9457
   244   147   254  3.3761  0.9497
   258   152   256  3.3661  0.9493
   258   145   255  3.3597  0.9450
   255   139   252  3.3563  0.9384
   258   145   254  3.3509  0.9397
   258   152   252  3.3469  0.9347
   244   144   253  3.3402  0.9338
   258   146   256  3.3367  0.9376
   244   142   251  3.3320  0.9272
   258   142   253  3.3219  0.9266
   250   149   258  3.3101  0.9307
   249   149   258  3.2971  0.9255
   249   150   258  3.2918  0.9234
   245   153   255  3.2911  0.9179
   244   145   256  3.2893  0.9189
   250   150   258  3.2893  0.9224
   251   139   254  3.2889  0.9153
   251   149   258  3.2871  0.9216
   247   139   252  3.2841  0.9101
   250   148   258  3.2836  0.9202
   252   139   254  3.2830  0.9130
   258   153   255  3.2820  0.9143
   258   142   251  3.2783  0.9063
   251   148   258  3.2709  0.9152
   244   153   254  3.2702  0.9080
   248   150   258  3.2648  0.9128
   258   153   254  3.2633  0.9053
   249   148   258  3.2563  0.9095
   251   150   258  3.2552  0.9090
   248   149   258  3.2518  0.9077
   244   146   254  3.2504  0.9003
   244   150   255  3.2425  0.8989
   249   151   258  3.2265  0.8978
   252   149   258  3.2262  0.8977
   244   149   255  3.2251  0.8922
   250   147   258  3.2218  0.8960
   244   151   255  3.2195  0.8900
   248   151   258  3.2184  0.8947
   251   147   258  3.2175  0.8943
   247   139   253  3.2158  0.8853
   252   148   258  3.2153  0.8934
   247   150   258  3.2108  0.8917
   250   151   258  3.2084  0.8908
   258   144   254  3.2069  0.8835
   244   142   252  3.2027  0.8787
   250   139   254  3.2024  0.8818
   258   142   252  3.1975  0.8767
   258   153   256  3.1971  0.8830
   248   148   258  3.1946  0.8854
   258   145   256  3.1918  0.8810
   252   150   258  3.1886  0.8831
   253   139   254  3.1871  0.8759
   247   151   258  3.1849  0.8817
   249   147   258  3.1827  0.8808
   247   149   258  3.1790  0.8794
   258   153   252  3.1773  0.8691
   244   143   253  3.1756  0.8699
   244   148   255  3.1725  0.8719
   258   144   255  3.1688  0.8705
   252   147   258  3.1657  0.8742
   251   151   258  3.1636  0.8735
   244   152   255  3.1489  0.8629
   246   139   251  3.1380  0.8527
   251   139   256  3.1349  0.8592
   251   146   258  3.1338  0.8620
   250   146   258  3.1328  0.8616
   246   150   258  3.1327  0.8616
   244   141   251  3.1307  0.8499
   253   149   258  3.1275  0.8596
   246   151   258  3.1266  0.8592
   253   148   258  3.1167  0.8555
   244   150   257  3.1133  0.8526
   248   147   258  3.1076  0.8520
   247   148   258  3.1056  0.8512
   252   139   256  3.1040  0.8475
   248   152   258  3.1019  0.8498
   256   139   253  3.1004  0.8415
   244   151   257  3.1002  0.8476
   244   144   256  3.1001  0.8460
   244   145   254  3.0983  0.8422
   252   139   255  3.0958  0.8428
   252   151   258  3.0921  0.8461
   249   152   258  3.0915  0.8459
   251   139   255  3.0900  0.8406
   253   150   258  3.0897  0.8452
   247   152   258  3.0893  0.8451
   244   147   255  3.0869  0.8394
   249   146   258  3.0855  0.8436
   246   149   258  3.0838  0.8430
   252   146   258  3.0837  0.8430
   244   149   257  3.0806  0.8402
   250   139   256  3.0767  0.8372
   256   139   251  3.0685  0.8267
   253   147   258  3.0663  0.8364
   250   152   258  3.0591  0.8337
   246   152   258  3.0527  0.8312
   248   153   257  3.0501  0.8287
   247   153   257  3.0456  0.8270
   258   141   253  3.0452  0.8209
   245   151   258  3.0434  0.8278
   246   139   252  3.0411  0.8179
   256   139   252  3.0392  0.8172
   249   153   257  3.0367  0.8237
   249   139   254  3.0353  0.8186
   245   150   258  3.0322  0.8236
   244   152   257  3.0319  0.8219
   258   143   254  3.0272  0.8156
   244   153   255  3.0260  0.8166
   251   145   258  3.0229  0.8201
   246   153   257  3.0223  0.8183
   250   145   258  3.0200  0.8190
   254   139   254  3.0157  0.8114
   244   148   257  3.0139  0.8152
   244   141   252  3.0083  0.8058
   247   147   258  3.0059  0.8137
   258   144   256  3.0055  0.8105
   251   152   258  3.0053  0.8135
   250   153   257  3.0052  0.8119
   248   146   258  3.0011  0.8119
   244   142   253  3.0001  0.8042
   246   148   258  2.9967  0.8103
   253   151   258  2.9941  0.8093
   254   149   258  2.9925  0.8087
   253   139   255  2.9915  0.8039
   245   152   258  2.9904  0.8080
   253   139   256  2.9856  0.8032
   253   146   258  2.9823  0.8049
   258   141   251  2.9777  0.7932
   254   148   258  2.9773  0.8031
   245   153   257  2.9772  0.8016
   250   139   255  2.9762  0.7983
   252   145   258  2.9720  0.8011
   245   149   258  2.9699  0.8004
   249   145   258  2.9689  0.8000
   244   146   255  2.9688  0.7955
   254   150   258  2.9597  0.7966
   251   153   257  2.9555  0.7936
   258   141   252  2.9466  0.7833
   249   139   256  2.9401  0.7865
   244   151   258  2.9351  0.7875
   252   152   258  2.9307  0.7859
   244   140   251  2.9295  0.7757
   246   139   253  2.9260  0.7771
   244   147   257  2.9244  0.7821
   244   144   254  2.9227  0.7773
   254   147   258  2.9224  0.7829
   247   153   258  2.9216  0.7826
   245   139   251  2.9211  0.7727
   258   143   255  2.9184  0.7771
   248   153   258  2.9139  0.7798
   244   150   258  2.9102  0.7784
   246   153   258  2.9074  0.7774
   244   153   257  2.9057  0.7753
   244   152   258  2.9008  0.7750
   247   146   258  2.8912  0.7715
   252   153   257  2.8886  0.7691
   246   147   258  2.8872  0.7700
   249   153   258  2.8867  0.7699
   244   143   256  2.8853  0.7665
   251   144   258  2.8849  0.7692
   250   144   258  2.8838  0.7688
   248   145   258  2.8802  0.7675
   245   148   258  2.8734  0.7650
   254   151   258  2.8706  0.7640
   245   153   258  2.8685  0.7632
   253   145   258  2.8671  0.7628
   250   153   258  2.8424  0.7538
   244   149   258  2.8393  0.7527
   253   152   258  2.8358  0.7514
   249   144   258  2.8338  0.7507
   254   146   258  2.8336  0.7506
   252   144   258  2.8308  0.7496
   255   149   258  2.8249  0.7475
   244   146   257  2.8201  0.7445
   244   141   253  2.8195  0.7389
   244   145   255  2.8190  0.7414
   245   139   252  2.8155  0.7363
   258   142   254  2.8142  0.7384
   248   139   254  2.8112  0.7373
   244   140   252  2.8101  0.7344
   253   153   257  2.8064  0.7395
   244   153   258  2.8020  0.7393
   255   148   258  2.8020  0.7393
   255   150   258  2.8011  0.7390
   254   139   256  2.7921  0.7331
   255   139   254  2.7912  0.7302
   254   139   255  2.7901  0.7311
   251   153   258  2.7822  0.7323
   258   143   256  2.7804  0.7290
   249   139   255  2.7729  0.7250
   247   145   258  2.7672  0.7269
   246   146   258  2.7670  0.7269
   245   147   258  2.7585  0.7239
   257   139   253  2.7543  0.7160
   248   139   256  2.7464  0.7170
   248   144   258  2.7463  0.7196
   255   147   258  2.7402  0.7174
   244   148   258  2.7387  0.7169
   258   140   253  2.7383  0.7104
   244   139   251  2.7356  0.7071
   244   143   254  2.7278  0.7080
   250   143   258  2.7242  0.7118
   255   151   258  2.7233  0.7114
   253   144   258  2.7216  0.7108
   254   152   258  2.7211  0.7107
   251   143   258  2.7198  0.7102
   254   145   258  2.7135  0.7080
   254   153   257  2.7117  0.7061
   252   153   258  2.7074  0.7059
   244   145   257  2.7059  0.7040
   257   139   252  2.6966  0.6947
   257   139   251  2.6918  0.6919
   249   143   258  2.6802  0.6963
   245   139   253  2.6716  0.6873
   252   143   258  2.6605  0.6895
   258   140   252  2.6576  0.6813
   244   142   256  2.6493  0.6832
   258   140   251  2.6490  0.6773
   255   146   258  2.6452  0.6842
   246   145   258  2.6422  0.6832
   244   144   255  2.6408  0.6790
   244   140   253  2.6386  0.6760
   245   146   258  2.6368  0.6813
   247   144   258  2.6357  0.6809
   256   149   258  2.6302  0.6790
   244   147   258  2.6235  0.6767
   253   153   258  2.6185  0.6750
   256   150   258  2.6185  0.6750
   258   142   255  2.6152  0.6703
   244   139   252  2.6125  0.6660
   255   153   257  2.6077  0.6701
   248   143   258  2.5995  0.6685
   256   148   258  2.5976  0.6678
   255   152   258  2.5880  0.6645
   244   144   257  2.5832  0.6617
   258   141   254  2.5726  0.6547
   254   144   258  2.5635  0.6562
   247   139   254  2.5601  0.6504
   256   151   258  2.5556  0.6535
   253   143   258  2.5467  0.6505
   255   139   256  2.5430  0.6469
   250   142   258  2.5429  0.6492
   256   139   254  2.5383  0.6431
   258   149   257  2.5346  0.6452
   251   142   258  2.5298  0.6448
   256   147   258  2.5280  0.6441
   258   150   257  2.5250  0.6420
   258   142   256  2.5233  0.6403
   247   139   256  2.5227  0.6401
   255   145   258  2.5200  0.6414
   244   142   254  2.5189  0.6366
   254   153   258  2.5158  0.6400
   255   139   255  2.5155  0.6366
   246   144   258  2.5149  0.6397
   245   145   258  2.5143  0.6395
   248   139   255  2.5125  0.6356
   249   142   258  2.5093  0.6378
   258   148   257  2.5061  0.6356
   244   146   258  2.5044  0.6362
   251   154   251  4.4785  1.4333
   250   154   251  4.4656  1.4269
   252   154   251  4.4472  1.4178
   249   154   251  4.4103  1.3998
   253   154   251  4.3710  1.3807
   251   154   253  4.3420  1.3721
   252   154   253  4.3214  1.3621
   248   154   251  4.3168  1.3546
   250   154   253  4.3149  1.3590
   253   154   253  4.2521  1.3290
   254   154   251  4.2506  1.3231
   249   154   253  4.2416  1.3240
   247   154   251  4.1906  1.2949
   254   154   253  4.1339  1.2735
   248   154   253  4.1249  1.2694
   250   154   252  4.1017  1.2562
   251   154   252  4.0961  1.2536
   255   154   251  4.0871  1.2471
   249   154   252  4.0546  1.2347
   246   154   251  4.0377  1.2246
   252   154   252  4.0374  1.2269
   243   150   251  4.0096  1.2120
   243   151   251  3.9989  1.2072
   247   154   253  3.9698  1.1987
   255   154   253  3.9679  1.1979
   243   149   251  3.9635  1.1914
   248   154   252  3.9589  1.1916
   253   154   252  3.9298  1.1786
   243   152   251  3.9124  1.1687
   251   154   254  3.8851  1.1633
   256   154   251  3.8831  1.1558
   252   154   254  3.8829  1.1623
   243   148   251  3.8789  1.1540
   245   154   251  3.8636  1.1473
   250   154   254  3.8516  1.1485
   253   154   254  3.8420  1.1443
   247   154   252  3.8216  1.1311
   251   154   255  3.8185  1.1363
   252   154   255  3.8136  1.1342
   251   154   256  3.7953  1.1284
   250   154   256  3.7947  1.1282
   250   154   255  3.7875  1.1228
   249   154   254  3.7852  1.1196
   246   154   253  3.7828  1.1164
   254   154   252  3.7808  1.1135
   253   154   255  3.7742  1.1171
   252   154   256  3.7742  1.1193
   249   154   256  3.7720  1.1183
   243   147   251  3.7693  1.1065
   254   154   254  3.7593  1.1084
   256   154   253  3.7575  1.1056
   243   153   251  3.7356  1.0921
   253   154   256  3.7287  1.0996
   248   154   256  3.7246  1.0978
   249   154   255  3.7189  1.0932
   254   154   255  3.7012  1.0857
   248   154   254  3.6882  1.0780
   244   154   251  3.6721  1.0653
   254   154   256  3.6533  1.0674
   246   154   252  3.6508  1.0583
   247   154   256  3.6493  1.0657
   257   154   251  3.6436  1.0533
   243   146   251  3.6433  1.0532
   243   149   252  3.6342  1.0513
   255   154   254  3.6338  1.0551
   243   150   252  3.6310  1.0500
   248   154   255  3.6116  1.0478
   255   154   252  3.5997  1.0370
   243   148   252  3.5978  1.0361
   255   154   255  3.5956  1.0411
   259   149   251  3.5857  1.0293
   259   150   251  3.5772  1.0258
   243   151   252  3.5768  1.0275
   245   154   253  3.5720  1.0274
   259   148   251  3.5655  1.0210
   247   154   254  3.5622  1.0252
   246   154   256  3.5441  1.0217
   255   154   256  3.5414  1.0206
   259   151   251  3.5328  1.0076
   243   147   252  3.5306  1.0085
   251   138   253  3.5271  1.0089
   259   147   251  3.5189  1.0019
   257   154   253  3.5101  1.0019
   252   138   253  3.5079  1.0011
   243   145   251  3.5056  0.9965
   251   138   251  3.5041  0.9959
   243   150   256  3.5011  1.0040
   243   151   256  3.4992  1.0032
   259   148   253  3.4771  0.9885
   243   150   253  3.4753  0.9878
   252   138   251  3.4751  0.9841
   259   147   253  3.4698  0.9856
   256   154   254  3.4673  0.9864
   247   154   255  3.4661  0.9878
   243   154   251  3.4651  0.9801
   243   151   253  3.4648  0.9835
   259   149   253  3.4608  0.9819
   243   152   252  3.4597  0.9797
   256   154   255  3.4591  0.9849
   245   154   252  3.4546  0.9776
   250   138   251  3.4542  0.9757
   250   138   253  3.4520  0.9784
   243   149   256  3.4508  0.9834
   243   149   253  3.4480  0.9768
   259   146   251  3.4435  0.9714
   259   152   251  3.4423  0.9710
   243   146   252  3.4388  0.9713
   251   138   252  3.4376  0.9708
   259   146   253  3.4334  0.9709
   243   152   256  3.4301  0.9750
   259   150   253  3.4221  0.9664
   252   138   252  3.4123  0.9607
   246   154   254  3.4093  0.9630
   245   154   256  3.4089  0.9665
   243   152   253  3.4054  0.9596
   256   154   252  3.3964  0.9543
   253   138   253  3.3956  0.9558
   243   148   253  3.3923  0.9544
   256   154   256  3.3887  0.9583
   250   138   252  3.3855  0.9500
   258   154   251  3.3767  0.9448
   253   138   251  3.3631  0.9395
   243   148   256  3.3630  0.9481
   259   145   253  3.3601  0.9416
   243   144   251  3.3587  0.9377
   259   151   253  3.3576  0.9407
   244   154   253  3.3458  0.9360
   249   138   251  3.3397  0.9303
   259   145   251  3.3343  0.9281
   243   145   252  3.3264  0.9267
   243   147   253  3.3142  0.9235
   253   138   252  3.3080  0.9195
   259   153   251  3.2970  0.9135
   249   138   253  3.2965  0.9166
   257   154   255  3.2947  0.9193
   243   153   253  3.2881  0.9133
   246   154   255  3.2860  0.9159
   243   153   256  3.2835  0.9166
   243   153   252  3.2717  0.9053
   249   138   252  3.2682  0.9040
   257   154   254  3.2652  0.9061
   259   152   253  3.2611  0.9028
   259   149   255  3.2507  0.9021
   259   150   255  3.2486  0.9013
   243   147   256  3.2480  0.9027
   259   150   254  3.2468  0.8989
   244   154   256  3.2461  0.9020
   259   149   254  3.2446  0.8981
   259   144   253  3.2437  0.8961
   244   154   252  3.2401  0.8931
   258   154   253  3.2371  0.8935
   259   148   252  3.2358  0.8915
   245   154   254  3.2321  0.8932
   259   147   252  3.2292  0.8889
   243   150   254  3.2290  0.8920
   259   149   252  3.2257  0.8875
   259   148   255  3.2220  0.8910
   243   151   254  3.2184  0.8879
   243   146   253  3.2174  0.8859
   259   151   255  3.2154  0.8884
   259   148   254  3.2114  0.8853
   259   151   254  3.2105  0.8849
   243   143   251  3.2046  0.8779
   254   138   253  3.2039  0.8808
   259   146   252  3.2025  0.8787
   243   144   252  3.1972  0.8766
   259   150   252  3.1965  0.8764
   257   154   256  3.1947  0.8821
   243   149   254  3.1936  0.8784
   259   144   251  3.1864  0.8710
   248   138   251  3.1830  0.8697
   257   154   252  3.1795  0.8699
   254   138   251  3.1743  0.8664
   259   147   255  3.1597  0.8670
   259   150   256  3.1547  0.8667
   259   147   254  3.1519  0.8625
   243   152   254  3.1499  0.8617
   259   152   255  3.1482  0.8626
   259   145   252  3.1478  0.8579
   259   149   256  3.1419  0.8618
   259   151   252  3.1410  0.8553
   254   138   252  3.1324  0.8520
   259   152   254  3.1270  0.8530
   259   153   253  3.1268  0.8514
   259   151   256  3.1244  0.8552
   243   148   254  3.1230  0.8515
   243   146   256  3.1115  0.8503
   243   154   253  3.1115  0.8456
   258   154   255  3.1074  0.8472
   248   138   252  3.1065  0.8423
   243   145   253  3.1047  0.8431
   259   154   251  3.0943  0.8363
   259   148   256  3.0924  0.8431
   248   138   253  3.0873  0.8366
   259   143   253  3.0817  0.8345
   245   154   255  3.0783  0.8362
   259   146   254  3.0677  0.8307
   243   154   256  3.0598  0.8308
   259   146   255  3.0582  0.8287
   259   144   252  3.0563  0.8236
   243   143   252  3.0547  0.8230
   259   152   252  3.0499  0.8212
   243   142   251  3.0455  0.8181
   259   153   255  3.0443  0.8235
   259   152   256  3.0436  0.8247
   258   154   254  3.0372  0.8193
   244   154   254  3.0333  0.8179
   243   147   254  3.0248  0.8147
   243   153   254  3.0156  0.8113
   243   154   252  3.0139  0.8079
   259   147   256  3.0095  0.8120
   247   138   251  3.0090  0.8047
   259   143   251  2.9976  0.8005
   259   153   254  2.9894  0.8017
   243   144   253  2.9793  0.7966
   243   150   257  2.9656  0.7973
   258   154   256  2.9655  0.7958
   243   151   257  2.9643  0.7968
   259   145   254  2.9586  0.7904
   258   154   252  2.9569  0.7870
   243   145   256  2.9553  0.7920
   255   138   253  2.9549  0.7877
   259   154   253  2.9538  0.7872
   247   138   252  2.9247  0.7753
   243   149   257  2.9244  0.7822
   255   138   251  2.9229  0.7734
   259   143   252  2.9214  0.7741
   259   153   252  2.9154  0.7720
   259   145   255  2.9116  0.7747
   243   152   257  2.9113  0.7774
   259   153   256  2.9064  0.7742
   259   154   255  2.9043  0.7720
   243   146   254  2.9034  0.7703
   243   142   252  2.9029  0.7675
   243   150   255  2.9015  0.7710
   255   138   252  2.9001  0.7665
   243   151   255  2.8973  0.7695
   259   146   256  2.8939  0.7696
   243   141   251  2.8849  0.7597
   259   142   253  2.8772  0.7595
   243   149   255  2.8697  0.7595
   247   138   253  2.8577  0.7526
   244   154   255  2.8524  0.7533
   243   148   257  2.8521  0.7559
   243   152   255  2.8506  0.7527
   243   143   253  2.8448  0.7480
   246   138   251  2.8393  0.7435
   259   144   254  2.8236  0.7417
   251   138   254  2.8181  0.7397
   243   154   254  2.8158  0.7389
   247   154   257  2.8144  0.7424
   252   138   254  2.8096  0.7367
   243   148   255  2.8073  0.7372
   246   154   257  2.8070  0.7398
   248   154   257  2.8062  0.7395
   243   153   257  2.8036  0.7386
   243   151   258  2.8018  0.7392
   259   154   254  2.7964  0.7320
   249   154   257  2.7841  0.7316
   243   152   258  2.7834  0.7327
   245   154   257  2.7801  0.7302
   243   144   256  2.7799  0.7288
   259   142   251  2.7700  0.7191
   243   150   258  2.7675  0.7270
   245   147   259  2.7642  0.7272
   243   145   254  2.7617  0.7198
   243   147   257  2.7596  0.7229
   243   153   255  2.7574  0.7196
   246   147   259  2.7504  0.7223
   250   138   254  2.7497  0.7156
   245   146   259  2.7489  0.7218
   250   154   257  2.7486  0.7190
   246   146   259  2.7476  0.7213
   259   145   256  2.7457  0.7167
   243   141   252  2.7455  0.7117
   246   138   252  2.7435  0.7110
   245   148   259  2.7431  0.7197
   259   142   252  2.7418  0.7104
   259   154   252  2.7361  0.7084
   244   154   257  2.7283  0.7119
   243   140   251  2.7275  0.7043
   244   147   259  2.7263  0.7138
   253   138   254  2.7258  0.7072
   244   148   259  2.7181  0.7109
   243   147   255  2.7179  0.7057
   259   144   255  2.7167  0.7053
   246   148   259  2.7165  0.7104
   259   154   256  2.7129  0.7052
   246   145   259  2.7108  0.7083
   243   153   258  2.7067  0.7056
   243   142   253  2.7052  0.6989
   245   145   259  2.7010  0.7049
   251   154   257  2.6995  0.7018
   244   146   259  2.6995  0.7044
   246   154   258  2.6992  0.7030
   247   146   259  2.6974  0.7037
   243   149   258  2.6930  0.7008
   247   154   258  2.6917  0.7003
   247   147   259  2.6893  0.7008
   245   138   251  2.6871  0.6903
   245   154   258  2.6845  0.6978
   245   149   259  2.6829  0.6986
   256   138   253  2.6748  0.6884
   247   145   259  2.6710  0.6944
   244   149   259  2.6710  0.6944
   248   154   258  2.6657  0.6913
   259   143   254  2.6624  0.6853
   243   146   257  2.6551  0.6864
   243   154   257  2.6469  0.6835
   247   148   259  2.6452  0.6854
   246   149   259  2.6442  0.6851
   244   154   258  2.6439  0.6838
   246   144   259  2.6430  0.6847
   244   145   259  2.6424  0.6845
   243   148   259  2.6411  0.6840
   259   141   253  2.6392  0.6762
   246   138   253  2.6386  0.6760
   243   147   259  2.6386  0.6832
   252   154   257  2.6376  0.6803
   256   138   252  2.6289  0.6715
   256   138   251  2.6285  0.6703
   251   138   256  2.6269  0.6754
   249   154   258  2.6247  0.6771
   245   144   259  2.6247  0.6783
   243   154   255  2.6196  0.6718
   249   138   254  2.6150  0.6691
   247   144   259  2.6123  0.6741
   248   146   259  2.6062  0.6720
   243   149   259  2.6060  0.6719
   243   146   255  2.6035  0.6663
   243   146   259  2.6034  0.6710
   243   144   254  2.6023  0.6647
   252   138   256  2.5995  0.6661
   243   148   258  2.5935  0.6664
   248   147   259  2.5910  0.6668
   248   145   259  2.5874  0.6655
   243   143   256  2.5868  0.6617
   243   140   252  2.5861  0.6570
   244   150   259  2.5825  0.6638
   245   150   259  2.5821  0.6637
   250   138   256  2.5811  0.6598
   254   138   254  2.5786  0.6567
   243   139   251  2.5784  0.6534
   243   154   258  2.5753  0.6602
   245   138   252  2.5748  0.6532
   250   154   258  2.5717  0.6590
   259   144   256  2.5657  0.6546
   253   154   257  2.5647  0.6554
   243   141   253  2.5641  0.6507
   247   149   259  2.5639  0.6575
   244   144   259  2.5602  0.6563
   244   138   251  2.5560  0.6459
   246   143   259  2.5481  0.6521
   251   138   255  2.5439  0.6461
   243   145   257  2.5432  0.6481
   252   138   255  2.5418  0.6454
   243   145   259  2.5411  0.6497
   248   148   259  2.5409  0.6497
   248   144   259  2.5358  0.6480
   246   150   259  2.5329  0.6470
   243   150   259  2.5297  0.6459
   245   143   259  2.5247  0.6442
   247   143   259  2.5240  0.6439
   259   141   252  2.5226  0.6358
   259   141   251  2.5114  0.6310
   251   154   258  2.5087  0.6376
   251   155   251  3.9496  1.1851
   252   155   251  3.9337  1.1781
   250   155   251  3.9287  1.1759
   251   155   253  3.9107  1.1724
   252   155   253  3.9064  1.1705
   253   155   251  3.8787  1.1539
   250   155   253  3.8754  1.1568
   249   155   251  3.8751  1.1523
   253   155   253  3.8587  1.1494
   249   155   253  3.8052  1.1261
   248   155   251  3.7940  1.1171
   254   155   251  3.7839  1.1127
   254   155   253  3.7650  1.1087
   248   155   253  3.7045  1.0829
   242   151   251  3.6941  1.0745
   247   155   251  3.6905  1.0730
   242   150   251  3.6890  1.0724
   255   155   251  3.6504  1.0562
   242   149   251  3.6323  1.0486
   242   152   251  3.6287  1.0471
   255   155   253  3.6254  1.0496
   251   155   252  3.5999  1.0370
   250   155   252  3.5944  1.0347
   247   155   253  3.5773  1.0296
   246   155   251  3.5687  1.0223
   252   155   252  3.5606  1.0208
   249   155   252  3.5462  1.0149
   242   148   251  3.5422  1.0114
   256   155   251  3.4820  0.9869
   242   153   251  3.4793  0.9858
   253   155   252  3.4782  0.9872
   248   155   252  3.4609  0.9802
   252   155   254  3.4497  0.9793
   256   155   253  3.4440  0.9752
   252   155   255  3.4403  0.9773
   251   155   254  3.4390  0.9750
   242   147   251  3.4330  0.9672
   251   155   255  3.4328  0.9743
   245   155   251  3.4313  0.9665
   246   155   253  3.4276  0.9685
   253   155   254  3.4261  0.9697
   253   155   255  3.4197  0.9690
   250   155   254  3.3998  0.9592
   250   155   255  3.3984  0.9604
   254   155   255  3.3698  0.9490
   254   155   254  3.3637  0.9448
   254   155   252  3.3590  0.9395
   247   155   252  3.3454  0.9341
   249   155   255  3.3373  0.9361
   249   155   254  3.3371  0.9342
   251   155   256  3.3300  0.9350
   250   155   256  3.3276  0.9340
   252   155   256  3.3188  0.9305
   242   146   251  3.3141  0.9202
   249   155   256  3.3120  0.9279
   255   155   255  3.2904  0.9176
   253   155   256  3.2899  0.9191
   242   150   252  3.2857  0.9108
   257   155   251  3.2847  0.9088
   248   155   256  3.2802  0.9153
   244   155   251  3.2794  0.9067
   242   149   252  3.2788  0.9081
   255   155   254  3.2609  0.9044
   245   155   253  3.2594  0.9022
   248   155   254  3.2543  0.9018
   248   155   255  3.2489  0.9014
   242   151   252  3.2481  0.8962
   242   154   251  3.2429  0.8926
   242   148   252  3.2385  0.8925
   254   155   256  3.2363  0.8982
   257   155   253  3.2288  0.8903
   247   155   256  3.2278  0.8949
   242   151   256  3.2146  0.8897
   255   155   252  3.2116  0.8821
   246   155   252  3.2065  0.8802
   242   150   256  3.2022  0.8850
   242   145   251  3.1901  0.8724
   256   155   255  3.1828  0.8759
   242   147   252  3.1735  0.8676
   242   152   256  3.1654  0.8708
   242   152   252  3.1549  0.8605
   247   155   254  3.1531  0.8629
   246   155   256  3.1510  0.8653
   255   155   256  3.1507  0.8652
   242   151   253  3.1465  0.8589
   242   149   256  3.1424  0.8620
   242   150   253  3.1423  0.8573
   260   150   251  3.1335  0.8510
   247   155   255  3.1329  0.8568
   256   155   254  3.1201  0.8504
   260   151   251  3.1182  0.8452
   260   149   251  3.1167  0.8447
   243   155   251  3.1128  0.8432
   242   152   253  3.1077  0.8442
   242   149   253  3.1058  0.8435
   242   146   252  3.0899  0.8361
   244   155   253  3.0770  0.8327
   260   148   251  3.0744  0.8288
   258   155   251  3.0677  0.8264
   260   149   253  3.0633  0.8276
   242   144   251  3.0632  0.8247
   260   152   251  3.0627  0.8245
   260   148   253  3.0627  0.8274
   257   155   255  3.0505  0.8258
   245   155   252  3.0497  0.8211
   242   148   256  3.0496  0.8270
   245   155   256  3.0485  0.8265
   242   148   253  3.0465  0.8214
   242   153   256  3.0457  0.8255
   256   155   252  3.0456  0.8196
   260   150   253  3.0420  0.8197
   260   147   253  3.0397  0.8188
   246   155   254  3.0334  0.8179
   256   155   256  3.0283  0.8190
   242   153   253  3.0177  0.8107
   260   147   251  3.0096  0.8049
   242   153   252  2.9991  0.8024
   260   151   253  2.9962  0.8028
   258   155   253  2.9919  0.8012
   242   145   252  2.9919  0.7998
   260   146   253  2.9913  0.8010
   246   155   255  2.9900  0.8034
   251   137   253  2.9838  0.7982
   242   147   253  2.9713  0.7936
   260   153   251  2.9604  0.7870
   251   137   251  2.9601  0.7868
   252   137   253  2.9588  0.7891
   257   155   254  2.9480  0.7865
   250   137   251  2.9389  0.7791
   250   137   253  2.9359  0.7807
   242   143   251  2.9344  0.7775
   242   147   256  2.9344  0.7844
   242   155   251  2.9314  0.7764
   252   137   251  2.9242  0.7738
   260   146   251  2.9219  0.7730
   260   152   253  2.9216  0.7756
   251   137   252  2.9216  0.7742
   244   155   256  2.9213  0.7796
   260   150   255  2.9179  0.7769
   260   145   253  2.9129  0.7724
   260   151   255  2.9103  0.7742
   260   150   254  2.9062  0.7713
   242   151   254  2.9059  0.7712
   242   150   254  2.9058  0.7712
   258   155   255  2.8987  0.7700
   260   149   255  2.8953  0.7688
   245   155   254  2.8950  0.7673
   250   137   252  2.8926  0.7638
   252   137   252  2.8916  0.7634
   260   149   254  2.8916  0.7660
   260   151   254  2.8860  0.7640
   243   155   253  2.8848  0.7623
   242   146   253  2.8841  0.7620
   242   144   252  2.8824  0.7601
   244   155   252  2.8796  0.7591
   242   154   253  2.8749  0.7587
   249   137   251  2.8724  0.7552
   260   152   255  2.8709  0.7600
   257   155   252  2.8700  0.7557
   257   155   256  2.8693  0.7607
   242   149   254  2.8657  0.7567
   253   137   253  2.8615  0.7539
   242   154   256  2.8562  0.7560
   242   152   254  2.8556  0.7531
   260   149   252  2.8497  0.7484
   260   148   254  2.8490  0.7508
   260   150   252  2.8471  0.7475
   260   148   255  2.8430  0.7499
   259   155   251  2.8424  0.7446
   260   148   252  2.8345  0.7430
   249   137   253  2.8271  0.7416
   253   137   251  2.8268  0.7390
   260   152   254  2.8238  0.7418
   245   155   255  2.8238  0.7431
   260   151   252  2.8196  0.7377
   249   137   252  2.8153  0.7362
   260   153   253  2.8150  0.7374
   260   154   251  2.8106  0.7333
   260   145   251  2.8091  0.7328
   242   142   251  2.8050  0.7313
   260   147   252  2.8046  0.7324
   242   146   256  2.8029  0.7370
   260   144   253  2.8011  0.7324
   253   137   252  2.8003  0.7309
   242   151   257  2.7990  0.7369
   260   153   255  2.7986  0.7341
   242   148   254  2.7955  0.7317
   242   150   257  2.7912  0.7341
   242   145   253  2.7876  0.7277
   260   147   254  2.7838  0.7276
   242   154   252  2.7821  0.7245
   248   137   251  2.7775  0.7217
   260   150   256  2.7748  0.7270
   243   155   256  2.7733  0.7265
   260   151   256  2.7654  0.7237
   242   143   252  2.7639  0.7181
   260   152   252  2.7596  0.7166
   242   152   257  2.7596  0.7229
   260   147   255  2.7594  0.7203
   260   146   252  2.7589  0.7164
   258   155   254  2.7553  0.7176
   259   155   253  2.7483  0.7139
   242   153   254  2.7478  0.7149
   260   149   256  2.7451  0.7165
   242   149   257  2.7447  0.7177
   244   155   254  2.7379  0.7115
   259   155   255  2.7343  0.7115
   260   153   254  2.7146  0.7033
   260   152   256  2.7106  0.7044
   248   137   252  2.7064  0.6981
   254   137   253  2.7032  0.6982
   242   147   254  2.7020  0.6990
   243   155   252  2.7004  0.6961
   260   146   254  2.6988  0.6978
   260   154   255  2.6949  0.6977
   260   145   252  2.6927  0.6934
   258   155   252  2.6924  0.6933
   242   155   253  2.6876  0.6928
   242   144   253  2.6841  0.6916
   260   148   256  2.6820  0.6945
   258   155   256  2.6798  0.6937
   248   137   253  2.6793  0.6900
   242   141   251  2.6772  0.6869
   260   154   253  2.6768  0.6891
   247   137   251  2.6718  0.6851
   254   137   251  2.6714  0.6849
   242   148   257  2.6705  0.6917
   242   153   257  2.6698  0.6915
   260   144   251  2.6688  0.6840
   260   153   252  2.6615  0.6827
   242   145   256  2.6574  0.6860
   260   143   253  2.6555  0.6817
   254   137   252  2.6532  0.6798
   242   151   258  2.6457  0.6844
   260   146   255  2.6414  0.6793
   242   152   258  2.6404  0.6825
   244   155   255  2.6403  0.6789
   242   142   252  2.6390  0.6750
   260   155   251  2.6213  0.6679
   242   155   256  2.6104  0.6698
   260   153   256  2.6064  0.6684
   242   150   258  2.6060  0.6707
   260   144   252  2.5994  0.6615
   242   151   255  2.5957  0.6636
   260   145   254  2.5951  0.6623
   242   146   254  2.5895  0.6604
   260   147   256  2.5893  0.6626
   242   150   255  2.5888  0.6613
   242   153   258  2.5840  0.6632
   247   137   252  2.5840  0.6563
   242   154   254  2.5832  0.6583
   242   147   257  2.5787  0.6602
   242   143   253  2.5759  0.6547
   246   137   251  2.5692  0.6503
   242   152   255  2.5662  0.6536
   260   155   255  2.5660  0.6535
   243   155   254  2.5630  0.6514
   246   155   257  2.5594  0.6536
   260   154   254  2.5583  0.6499
   259   155   254  2.5553  0.6488
   242   140   251  2.5544  0.6453
   247   155   257  2.5532  0.6515
   242   149   255  2.5508  0.6484
   245   155   257  2.5489  0.6501
   248   155   257  2.5348  0.6453
   242   154   257  2.5344  0.6451
   242   149   258  2.5324  0.6456
   260   154   252  2.5253  0.6366
   259   155   252  2.5197  0.6348
   247   137   253  2.5192  0.6357
   242   148   259  2.5175  0.6418
   242   155   252  2.5165  0.6337
   244   155   257  2.5159  0.6389
   260   155   253  2.5131  0.6336
   242   141   252  2.5103  0.6316
   242   147   259  2.5082  0.6386
   249   155   257  2.5067  0.6358
   255   137   253  2.5024  0.6301
   252   156   253  3.4572  0.9805
   251   156   253  3.4477  0.9766
   253   156   253  3.4289  0.9691
   250   156   253  3.4067  0.9602
   241   151   251  3.3870  0.9489
   241   150   251  3.3748  0.9441
   251   156   251  3.3623  0.9391
   252   156   251  3.3607  0.9385
   254   156   253  3.3590  0.9412
   249   156   253  3.3410  0.9341
   241   152   251  3.3362  0.9289
   250   156   251  3.3348  0.9283
   253   156   251  3.3265  0.9251
   241   149   251  3.3169  0.9213
   249   156   251  3.2837  0.9084
   254   156   251  3.2584  0.8986
   248   156   253  3.2563  0.9010
   255   156   253  3.2470  0.8974
   241   148   251  3.2306  0.8879
   248   156   251  3.2148  0.8818
   241   153   251  3.2100  0.8800
   255   156   251  3.1581  0.8602
   247   156   253  3.1561  0.8625
   247   156   251  3.1334  0.8509
   241   147   251  3.1295  0.8495
   256   156   253  3.0973  0.8403
   251   156   252  3.0621  0.8257
   252   156   255  3.0478  0.8248
   250   156   252  3.0477  0.8204
   253   156   255  3.0432  0.8231
   246   156   253  3.0423  0.8198
   246   156   251  3.0420  0.8169
   252   156   252  3.0400  0.8175
   251   156   255  3.0306  0.8184
   256   156   251  3.0301  0.8124
   241   146   251  3.0226  0.8097
   254   156   255  3.0142  0.8123
   241   154   251  3.0061  0.8036
   249   156   252  3.0006  0.8030
   250   156   255  2.9944  0.8050
   253   156   252  2.9822  0.7962
   252   156   254  2.9722  0.7954
   253   156   254  2.9625  0.7918
   255   156   255  2.9599  0.7923
   241   150   252  2.9545  0.7861
   251   156   254  2.9527  0.7882
   241   149   252  2.9440  0.7823
   245   156   251  2.9414  0.7801
   249   156   255  2.9413  0.7855
   241   151   252  2.9278  0.7765
   248   156   252  2.9272  0.7762
   241   151   256  2.9242  0.7806
   257   156   253  2.9185  0.7744
   254   156   254  2.9184  0.7757
   245   156   253  2.9157  0.7734
   241   145   251  2.9143  0.7703
   250   156   254  2.9112  0.7731
   241   148   252  2.9059  0.7685
   241   150   256  2.9028  0.7728
   254   156   252  2.8937  0.7642
   241   152   256  2.8918  0.7689
   256   156   255  2.8817  0.7638
   257   156   251  2.8815  0.7585
   248   156   255  2.8712  0.7601
   249   156   254  2.8545  0.7527
   241   152   252  2.8544  0.7501
   241   147   252  2.8481  0.7478
   241   151   253  2.8463  0.7485
   241   149   256  2.8404  0.7503
   255   156   254  2.8383  0.7469
   241   150   253  2.8346  0.7443
   247   156   252  2.8344  0.7430
   251   156   256  2.8334  0.7478
   244   156   251  2.8305  0.7403
   252   156   256  2.8301  0.7467
   250   156   256  2.8298  0.7466
   241   152   253  2.8219  0.7398
   249   156   256  2.8201  0.7431
   253   156   256  2.8151  0.7413
   241   144   251  2.8064  0.7318
   248   156   256  2.8016  0.7365
   241   153   256  2.7977  0.7351
   241   149   253  2.7964  0.7308
   248   156   254  2.7870  0.7287
   247   156   255  2.7832  0.7286
   257   156   255  2.7829  0.7286
   255   156   252  2.7828  0.7247
   254   156   256  2.7808  0.7291
   244   156   253  2.7772  0.7240
   241   146   252  2.7758  0.7223
   247   156   256  2.7693  0.7250
   241   153   253  2.7540  0.7159
   241   148   256  2.7500  0.7182
   241   148   253  2.7407  0.7112
   241   155   251  2.7354  0.7070
   241   153   252  2.7283  0.7057
   246   156   252  2.7280  0.7056
   256   156   254  2.7256  0.7072
   258   156   253  2.7228  0.7050
   258   156   251  2.7218  0.7023
   255   156   256  2.7199  0.7077
   246   156   256  2.7190  0.7074
   261   151   251  2.7152  0.7000
   247   156   254  2.7102  0.7018
   243   156   251  2.7075  0.6973
   261   150   251  2.7041  0.6962
   241   143   251  2.6994  0.6946
   261   149   253  2.6957  0.6956
   261   152   251  2.6941  0.6927
   241   145   252  2.6926  0.6934
   261   150   253  2.6876  0.6928
   261   148   253  2.6835  0.6914
   246   156   255  2.6762  0.6912
   241   147   253  2.6737  0.6880
   258   156   255  2.6689  0.6887
   261   149   251  2.6673  0.6835
   256   156   252  2.6585  0.6816
   261   151   253  2.6578  0.6825
   261   147   253  2.6509  0.6802
   245   156   256  2.6485  0.6829
   241   154   256  2.6429  0.6810
   241   147   256  2.6416  0.6805
   241   154   253  2.6410  0.6768
   261   153   251  2.6361  0.6729
   243   156   253  2.6289  0.6727
   256   156   256  2.6281  0.6759
   246   156   254  2.6232  0.6719
   245   156   252  2.6116  0.6657
   261   151   255  2.6116  0.6691
   261   148   251  2.6101  0.6641
   241   151   257  2.6083  0.6703
   261   152   253  2.6039  0.6641
   241   144   252  2.6006  0.6619
   241   146   253  2.5993  0.6626
   261   152   255  2.5985  0.6646
   261   150   255  2.5965  0.6639
   261   146   253  2.5964  0.6616
   241   142   251  2.5943  0.6587
   241   150   257  2.5940  0.6654
   241   151   254  2.5924  0.6614
   257   156   254  2.5879  0.6599
   241   150   254  2.5865  0.6594
   241   152   257  2.5806  0.6608
   261   150   254  2.5803  0.6573
   261   151   254  2.5750  0.6555
   242   156   251  2.5712  0.6509
   259   156   251  2.5614  0.6477
   244   156   256  2.5583  0.6521
   261   153   255  2.5574  0.6506
   261   149   254  2.5563  0.6492
   241   152   254  2.5562  0.6491
   261   149   255  2.5540  0.6495
   245   156   255  2.5510  0.6485
   241   154   252  2.5508  0.6452
   241   149   254  2.5470  0.6460
   259   156   255  2.5461  0.6469
   241   149   257  2.5454  0.6489
   261   154   251  2.5412  0.6409
   261   147   251  2.5354  0.6390
   261   152   254  2.5346  0.6419
   257   156   252  2.5294  0.6380
   261   153   253  2.5245  0.6374
   259   156   253  2.5241  0.6373
   245   156   254  2.5238  0.6383
   241   146   256  2.5211  0.6395
   241   145   253  2.5196  0.6358
   261   150   252  2.5182  0.6343
   261   145   253  2.5180  0.6353
   261   151   252  2.5167  0.6338
   261   148   254  2.5091  0.6334
   241   153   257  2.5079  0.6362
   257   156   256  2.5062  0.6345
   241   143   252  2.5015  0.6287
   240   151   251  3.0753  0.8292
   240   150   251  3.0616  0.8241
   240   152   251  3.0349  0.8142
   240   149   251  3.0089  0.8047
   252   157   253  3.0046  0.8059
   253   157   253  2.9925  0.8014
   251   157   253  2.9856  0.7989
   254   157   253  2.9446  0.7839
   250   157   253  2.9430  0.7833
   240   148   251  2.9326  0.7769
   240   153   251  2.9295  0.7757
   249   157   253  2.8847  0.7622
   255   157   253  2.8601  0.7534
   240   147   251  2.8447  0.7454
   248   157   253  2.8169  0.7380
   252   157   251  2.7669  0.7180
   240   154   251  2.7570  0.7145
   251   157   251  2.7562  0.7142
   240   146   251  2.7530  0.7131
   253   157   251  2.7528  0.7131
   256   157   253  2.7435  0.7122
   247   157   253  2.7428  0.7120
   250   157   251  2.7246  0.7033
   254   157   251  2.7126  0.6991
   249   157   251  2.6783  0.6873
   253   157   255  2.6713  0.6895
   252   157   255  2.6641  0.6871
   246   157   253  2.6625  0.6842
   240   145   251  2.6614  0.6815
   254   157   255  2.6597  0.6855
   255   157   251  2.6482  0.6770
   251   157   255  2.6412  0.6792
   240   150   252  2.6388  0.6749
   240   151   256  2.6362  0.6787
   255   157   255  2.6280  0.6747
   240   149   252  2.6275  0.6711
   248   157   251  2.6233  0.6685
   240   151   252  2.6203  0.6686
   240   152   256  2.6186  0.6726
   240   150   256  2.6090  0.6693
   250   157   255  2.6066  0.6673
   257   157   253  2.6032  0.6639
   240   148   252  2.5944  0.6598
   256   157   255  2.5776  0.6575
   245   157   253  2.5744  0.6542
   240   144   251  2.5715  0.6511
   256   157   251  2.5648  0.6488
   240   152   252  2.5644  0.6497
   247   157   251  2.5643  0.6486
   240   151   253  2.5637  0.6506
   249   157   255  2.5628  0.6525
   240   152   253  2.5500  0.6460
   240   153   256  2.5493  0.6490
   240   150   253  2.5484  0.6454
   240   149   256  2.5482  0.6487
   240   147   252  2.5456  0.6434
   240   155   251  2.5270  0.6362
   251   157   252  2.5235  0.6360
   252   157   252  2.5153  0.6333
   240   149   253  2.5126  0.6335
   257   157   255  2.5119  0.6354
   248   157   255  2.5107  0.6349
   250   157   252  2.5044  0.6297
   246   157   251  2.5030  0.6282
   240   153   253  2.5008  0.6295
   239   151   251  2.7616  0.7161
   239   150   251  2.7493  0.7119
   239   152   251  2.7291  0.7048
   239   149   251  2.7053  0.6966
   239   153   251  2.6429  0.6752
   239   148   251  2.6422  0.6750
   252   158   253  2.5860  0.6581
   253   158   253  2.5854  0.6579
   239   147   251  2.5701  0.6506
   251   158   253  2.5627  0.6502
   254   158   253  2.5559  0.6479
   250   158   253  2.5231  0.6369
   239   154   251  2.5010  0.6276
