#   X     Y     Z      S       D
   337   181   119  7.0021  3.1181
   337   180   119  6.9965  3.1134
   336   181   119  6.9720  3.0927
   338   180   119  6.9614  3.0839
   338   181   119  6.9578  3.0809
   336   180   119  6.9578  3.0808
   337   182   119  6.9005  3.0331
   336   182   119  6.8743  3.0115
   338   182   119  6.8549  2.9956
   337   181   118  6.6342  2.8234
   337   180   118  6.6287  2.8191
   336   181   118  6.6096  2.8041
   338   180   118  6.5995  2.7963
   338   181   118  6.5972  2.7944
   336   180   118  6.5958  2.7934
   337   182   118  6.5505  2.7582
   337   181   120  6.5423  2.7426
   336   182   118  6.5297  2.7422
   337   180   120  6.5247  2.7291
   338   181   120  6.5167  2.7230
   338   180   120  6.5164  2.7227
   336   181   120  6.5150  2.7217
   338   182   118  6.5129  2.7293
   337   182   120  6.4885  2.7015
   336   180   120  6.4824  2.6968
   336   182   120  6.4695  2.6871
   338   182   120  6.4549  2.6761
   338   180   117  6.9501  3.0853
   337   180   117  6.9454  3.0813
   337   181   117  6.9141  3.0551
   338   181   117  6.9050  3.0476
   339   180   117  6.8982  3.0419
   338   179   117  6.8961  3.0401
   337   179   119  6.8865  3.0215
   336   180   117  6.8747  3.0224
   337   179   117  6.8730  3.0210
   339   180   119  6.8681  3.0064
   338   179   119  6.8663  3.0049
   339   179   117  6.8618  3.0117
   336   181   117  6.8586  3.0091
   335   181   119  6.8586  2.9986
   339   181   119  6.8558  2.9963
   339   181   117  6.8416  2.9951
   335   180   119  6.8377  2.9815
   336   179   119  6.8368  2.9808
   339   179   119  6.7890  2.9419
   337   182   117  6.7859  2.9496
   336   179   117  6.7851  2.9489
   338   182   117  6.7699  2.9366
   335   182   119  6.7673  2.9244
   339   182   119  6.7541  2.9137
   336   182   117  6.7412  2.9135
   335   180   117  6.7341  2.9077
   335   181   117  6.7338  2.9075
   335   179   119  6.7117  2.8798
   339   182   117  6.7027  2.8826
   337   183   119  6.6985  2.8693
   338   180   121  6.6946  2.8564
   337   180   121  6.6938  2.8557
   337   181   121  6.6903  2.8529
   338   181   121  6.6743  2.8403
   336   183   119  6.6711  2.8476
   338   183   119  6.6597  2.8386
   338   179   121  6.6553  2.8255
   339   180   121  6.6523  2.8231
   336   181   121  6.6520  2.8228
   336   180   121  6.6405  2.8139
   339   179   121  6.6388  2.8125
   335   182   117  6.6308  2.8256
   335   179   117  6.6305  2.8254
   337   179   121  6.6301  2.8057
   339   181   121  6.6149  2.7939
   337   182   121  6.6140  2.7932
   338   182   121  6.5894  2.7742
   336   182   121  6.5848  2.7706
   337   183   117  6.5747  2.7817
   339   183   119  6.5700  2.7686
   335   183   119  6.5691  2.7679
   338   183   117  6.5588  2.7694
   336   179   121  6.5568  2.7490
   335   181   121  6.5524  2.7457
   336   183   117  6.5351  2.7511
   337   179   118  6.5339  2.7454
   335   180   121  6.5293  2.7279
   339   182   121  6.5225  2.7228
   339   180   118  6.5207  2.7353
   335   181   118  6.5181  2.7333
   338   179   118  6.5179  2.7332
   339   181   118  6.5119  2.7285
   335   180   118  6.4969  2.7170
   339   183   117  6.4954  2.7206
   335   182   121  6.4943  2.7013
   336   179   118  6.4903  2.7120
   339   180   120  6.4686  2.6864
   337   183   121  6.4668  2.6805
   338   179   120  6.4604  2.6802
   339   179   118  6.4526  2.6834
   339   181   120  6.4515  2.6735
   335   182   118  6.4445  2.6772
   337   179   120  6.4434  2.6674
   338   183   121  6.4415  2.6615
   336   183   121  6.4409  2.6610
   339   179   120  6.4395  2.6645
   335   183   117  6.4358  2.6752
   335   179   121  6.4321  2.6544
   339   182   118  6.4302  2.6665
   335   181   120  6.4265  2.6547
   335   182   120  6.3884  2.6263
   335   179   118  6.3848  2.6324
   337   183   118  6.3845  2.6322
   339   182   120  6.3830  2.6223
   335   180   120  6.3829  2.6222
   336   179   120  6.3806  2.6205
   339   183   121  6.3760  2.6127
   337   183   120  6.3626  2.6072
   336   183   118  6.3624  2.6158
   335   183   121  6.3565  2.5983
   338   183   118  6.3539  2.6094
   336   183   120  6.3446  2.5938
   338   183   120  6.3306  2.5835
   339   183   118  6.2827  2.5570
   335   183   118  6.2815  2.5561
   335   179   120  6.2683  2.5381
   335   183   120  6.2664  2.5367
   339   183   120  6.2627  2.5340
   340   180   117  6.8014  2.9622
   340   179   117  6.7800  2.9448
   337   181   116  6.7733  2.9445
   337   181   122  6.7596  2.9031
   337   180   116  6.7588  2.9327
   337   180   122  6.7457  2.8920
   338   178   117  6.7405  2.9129
   338   180   116  6.7375  2.9155
   336   181   116  6.7369  2.9150
   340   181   117  6.7358  2.9091
   340   180   119  6.7358  2.8990
   338   181   116  6.7340  2.9127
   336   181   122  6.7320  2.8811
   338   180   122  6.7286  2.8784
   338   181   122  6.7261  2.8764
   339   178   117  6.7261  2.9013
   340   181   119  6.7165  2.8837
   336   180   116  6.7055  2.8898
   336   180   122  6.7033  2.8583
   337   178   117  6.6984  2.8792
   337   182   122  6.6884  2.8466
   337   178   119  6.6837  2.8575
   337   182   116  6.6813  2.8705
   338   178   119  6.6794  2.8541
   340   179   119  6.6711  2.8476
   336   182   122  6.6697  2.8319
   334   181   119  6.6633  2.8415
   339   180   122  6.6624  2.8262
   340   178   117  6.6618  2.8501
   338   179   122  6.6611  2.8251
   336   182   116  6.6578  2.8518
   337   179   122  6.6537  2.8193
   339   180   116  6.6525  2.8476
   338   182   122  6.6474  2.8144
   339   181   122  6.6436  2.8115
   338   179   116  6.6396  2.8374
   334   180   119  6.6386  2.8220
   337   179   116  6.6382  2.8363
   335   181   122  6.6380  2.8071
   339   181   116  6.6313  2.8309
   338   182   116  6.6312  2.8308
   336   178   119  6.6245  2.8109
   339   179   122  6.6212  2.7941
   339   178   119  6.6207  2.8080
   335   181   116  6.6197  2.8217
   340   182   119  6.6181  2.8060
   335   180   122  6.5974  2.7756
   336   178   117  6.5954  2.7979
   340   182   117  6.5954  2.7978
   336   179   122  6.5914  2.7710
   340   179   121  6.5875  2.7727
   335   182   122  6.5854  2.7664
   339   178   121  6.5829  2.7691
   334   182   119  6.5802  2.7765
   339   179   116  6.5790  2.7898
   340   180   121  6.5773  2.7648
   335   180   116  6.5739  2.7858
   338   178   121  6.5674  2.7572
   336   179   116  6.5664  2.7800
   340   178   121  6.5616  2.7527
   340   180   122  6.5616  2.7480
   339   182   122  6.5592  2.7462
   335   182   116  6.5550  2.7712
   340   179   122  6.5453  2.7356
   334   181   117  6.5416  2.7561
   338   178   122  6.5374  2.7295
   337   183   122  6.5338  2.7268
   339   178   122  6.5314  2.7250
   340   181   122  6.5282  2.7225
   334   180   117  6.5274  2.7451
   340   181   121  6.5246  2.7244
   340   178   119  6.5199  2.7300
   339   182   116  6.5196  2.7438
   340   180   116  6.5187  2.7431
   336   183   122  6.5182  2.7149
   334   179   119  6.5148  2.7261
   337   178   121  6.5124  2.7150
   337   178   122  6.4994  2.7006
   335   178   119  6.4990  2.7141
   338   183   122  6.4936  2.6963
   337   183   116  6.4921  2.7227
   340   178   122  6.4883  2.6922
   340   181   116  6.4809  2.7140
   334   181   122  6.4800  2.6859
   336   183   116  6.4767  2.7109
   335   179   122  6.4726  2.6804
   340   179   116  6.4685  2.7046
   334   182   117  6.4555  2.6901
   340   183   119  6.4479  2.6753
   338   178   116  6.4456  2.6871
   335   183   122  6.4410  2.6567
   340   182   122  6.4407  2.6564
   338   183   116  6.4385  2.6818
   334   182   122  6.4372  2.6538
   335   178   117  6.4324  2.6726
   334   180   122  6.4316  2.6496
   340   182   121  6.4264  2.6502
   334   181   116  6.4254  2.6718
   335   179   116  6.4226  2.6698
   337   178   116  6.4211  2.6686
   336   178   121  6.4156  2.6421
   334   179   117  6.4149  2.6595
   336   178   122  6.4140  2.6365
   337   184   119  6.4116  2.6480
   339   178   116  6.4113  2.6612
   339   183   122  6.4101  2.6336
   340   180   118  6.4090  2.6505
   340   181   118  6.3960  2.6408
   340   180   120  6.3947  2.6310
   340   183   117  6.3938  2.6436
   334   183   119  6.3929  2.6341
   340   179   120  6.3908  2.6281
   334   181   121  6.3901  2.6232
   335   183   116  6.3869  2.6429
   338   184   119  6.3863  2.6291
   336   184   119  6.3788  2.6235
   334   182   116  6.3755  2.6344
   339   178   120  6.3738  2.6155
   334   180   116  6.3689  2.6294
   334   181   118  6.3629  2.6161
   340   181   120  6.3621  2.6068
   340   182   116  6.3614  2.6238
   338   178   120  6.3608  2.6059
   334   180   121  6.3595  2.6005
   340   178   120  6.3572  2.6032
   337   178   118  6.3564  2.6113
   338   178   118  6.3552  2.6104
   340   179   118  6.3525  2.6084
   334   182   121  6.3405  2.5865
   334   180   118  6.3365  2.5965
   336   178   116  6.3331  2.6028
   339   183   116  6.3266  2.5979
   340   178   116  6.3266  2.5979
   340   182   118  6.3196  2.5841
   339   184   119  6.3161  2.5772
   337   178   120  6.3130  2.5706
   334   178   119  6.3122  2.5743
   339   178   118  6.3064  2.5744
   337   184   122  6.3042  2.5557
   334   183   122  6.3033  2.5550
   336   178   118  6.3029  2.5718
   334   179   122  6.3017  2.5539
   340   183   122  6.2993  2.5522
   337   184   117  6.2983  2.5727
   334   182   118  6.2970  2.5675
   340   182   120  6.2891  2.5532
   338   184   117  6.2883  2.5654
   336   184   122  6.2866  2.5429
   340   183   121  6.2832  2.5446
   335   178   122  6.2822  2.5398
   335   184   119  6.2806  2.5512
   334   183   117  6.2770  2.5571
   335   178   121  6.2768  2.5400
   334   181   120  6.2747  2.5427
   338   184   122  6.2722  2.5325
   336   184   117  6.2588  2.5438
   334   179   121  6.2566  2.5254
   337   184   121  6.2565  2.5253
   334   182   120  6.2420  2.5190
   338   184   121  6.2367  2.5110
   339   184   117  6.2347  2.5263
   336   184   121  6.2292  2.5057
   336   178   120  6.2266  2.5079
   334   180   120  6.2259  2.5074
   334   183   116  6.2245  2.5231
   334   179   118  6.2235  2.5140
   337   184   116  6.2225  2.5217
   340   178   118  6.2214  2.5125
   340   184   119  6.2170  2.5052
   334   178   117  6.2168  2.5134
   335   184   122  6.2139  2.4906
   334   179   116  6.2137  2.5153
   334   183   121  6.2114  2.4929
   336   184   116  6.2110  2.5134
   339   184   122  6.2020  2.4821
   335   178   118  6.1945  2.4932
   340   183   118  6.1868  2.4876
   335   178   116  6.1830  2.4932
   339   184   121  6.1798  2.4703
   340   183   120  6.1752  2.4711
   338   184   116  6.1712  2.4846
   337   184   120  6.1704  2.4677
   340   183   116  6.1696  2.4835
   335   184   117  6.1667  2.4773
   337   184   118  6.1490  2.4606
   335   184   121  6.1484  2.4481
   338   184   120  6.1484  2.4521
   336   184   120  6.1463  2.4507
   340   184   117  6.1444  2.4615
   334   183   118  6.1429  2.4563
   335   184   116  6.1324  2.4569
   338   184   118  6.1312  2.4480
   334   183   120  6.1241  2.4350
   336   184   118  6.1213  2.4410
   334   184   119  6.1171  2.4340
   334   178   122  6.1098  2.4170
   340   184   122  6.1083  2.4160
   334   179   120  6.1075  2.4233
   335   178   120  6.1010  2.4188
   334   178   121  6.0981  2.4127
   340   184   121  6.0978  2.4125
   339   184   120  6.0939  2.4138
   334   184   122  6.0868  2.4010
   339   184   118  6.0786  2.4110
   335   184   120  6.0663  2.3945
   339   184   116  6.0659  2.4099
   335   184   118  6.0425  2.3858
   334   178   118  6.0383  2.3828
   340   184   120  6.0222  2.3639
   334   184   117  6.0220  2.3754
   334   184   121  6.0117  2.3529
   340   184   118  6.0047  2.3596
   334   184   116  5.9879  2.3556
   334   178   116  5.9788  2.3493
   334   178   120  5.9389  2.3070
   334   184   120  5.9259  2.2982
   340   184   116  5.9173  2.3072
   334   184   118  5.9133  2.2970
   341   180   117  6.6697  2.8563
   341   179   117  6.6591  2.8479
   341   181   117  6.5979  2.7998
   341   180   119  6.5823  2.7781
   341   181   119  6.5590  2.7601
   341   178   117  6.5537  2.7654
   341   179   119  6.5280  2.7362
   340   177   121  6.5081  2.7118
   341   179   121  6.5075  2.7114
   341   178   121  6.5057  2.7100
   339   177   121  6.4966  2.7030
   339   177   117  6.4897  2.7162
   338   177   117  6.4874  2.7144
   341   177   121  6.4786  2.6894
   341   180   121  6.4785  2.6894
   341   182   119  6.4658  2.6888
   341   182   117  6.4576  2.6917
   338   177   121  6.4461  2.6649
   341   179   122  6.4446  2.6593
   340   177   117  6.4408  2.6790
   341   180   122  6.4404  2.6562
   337   177   117  6.4311  2.6716
   341   178   122  6.4150  2.6373
   341   181   121  6.4145  2.6413
   338   177   119  6.4113  2.6478
   339   177   122  6.4089  2.6327
   337   177   119  6.4047  2.6428
   340   177   122  6.4023  2.6279
   333   181   119  6.3977  2.6376
   341   181   122  6.3960  2.6232
   341   178   119  6.3890  2.6312
   338   177   122  6.3771  2.6092
   333   180   119  6.3727  2.6190
   339   177   119  6.3671  2.6149
   341   177   122  6.3598  2.5964
   337   177   121  6.3588  2.6000
   341   180   116  6.3499  2.6152
   341   177   117  6.3437  2.6062
   336   177   119  6.3425  2.5967
   333   182   119  6.3233  2.5825
   341   179   120  6.3232  2.5781
   341   179   116  6.3201  2.5931
   336   177   117  6.3200  2.5887
   341   178   120  6.3161  2.5729
   341   182   121  6.3133  2.5666
   341   183   119  6.3108  2.5733
   341   182   122  6.3083  2.5587
   341   180   120  6.3069  2.5662
   337   177   122  6.3058  2.5569
   340   177   120  6.3029  2.5632
   341   181   116  6.2971  2.5761
   333   181   117  6.2911  2.5675
   341   177   120  6.2907  2.5544
   339   177   120  6.2843  2.5497
   341   180   118  6.2814  2.5561
   340   177   119  6.2800  2.5508
   341   181   118  6.2672  2.5457
   333   181   122  6.2669  2.5287
   333   180   117  6.2655  2.5488
   341   181   120  6.2628  2.5341
   341   183   117  6.2622  2.5463
   333   179   119  6.2587  2.5353
   336   177   121  6.2375  2.5116
   338   177   120  6.2343  2.5135
   333   182   122  6.2329  2.5042
   341   179   118  6.2327  2.5206
   335   177   119  6.2249  2.5109
   333   182   117  6.2223  2.5173
   333   180   122  6.2153  2.4916
   336   181   115  6.2080  2.5153
   341   178   116  6.1999  2.5053
   341   182   118  6.1983  2.4959
   336   177   122  6.1962  2.4780
   336   182   115  6.1896  2.5020
   341   182   120  6.1883  2.4805
   335   181   115  6.1863  2.4996
   341   183   122  6.1773  2.4645
   341   183   121  6.1753  2.4672
   335   182   115  6.1732  2.4902
   341   182   116  6.1703  2.4840
   333   181   121  6.1693  2.4629
   333   181   116  6.1656  2.4807
   338   177   116  6.1656  2.4806
   341   177   119  6.1581  2.4631
   335   177   117  6.1580  2.4711
   333   181   118  6.1549  2.4648
   339   177   116  6.1534  2.4719
   337   177   120  6.1532  2.4556
   333   183   119  6.1516  2.4585
   333   179   117  6.1508  2.4660
   333   180   121  6.1360  2.4394
   333   182   116  6.1296  2.4549
   333   182   121  6.1268  2.4329
   333   180   118  6.1267  2.4448
   337   177   116  6.1237  2.4507
   337   181   115  6.1226  2.4540
   338   177   118  6.1177  2.4385
   336   180   115  6.1166  2.4497
   341   178   118  6.1122  2.4346
   333   183   122  6.1120  2.4186
   337   177   118  6.1077  2.4314
   341   184   119  6.1040  2.4248
   333   180   116  6.1037  2.4366
   337   182   115  6.1024  2.4396
   333   182   118  6.0966  2.4236
   340   177   116  6.0909  2.4275
   333   179   122  6.0887  2.4022
   335   180   115  6.0879  2.4294
   335   177   121  6.0851  2.4037
   339   177   118  6.0831  2.4141
   341   183   120  6.0828  2.4060
   341   183   118  6.0815  2.4130
   333   178   119  6.0760  2.4052
   336   183   115  6.0662  2.4141
   333   181   120  6.0641  2.3930
   333   183   117  6.0636  2.4044
   337   185   119  6.0619  2.3954
   334   181   115  6.0612  2.4105
   334   177   119  6.0574  2.3922
   334   182   115  6.0561  2.4070
   338   185   119  6.0540  2.3899
   335   177   122  6.0527  2.3773
   335   183   115  6.0523  2.4043
   336   177   118  6.0492  2.3904
   336   177   120  6.0422  2.3778
   337   180   115  6.0390  2.3950
   333   179   121  6.0356  2.3693
   333   182   120  6.0335  2.3717
   336   177   116  6.0272  2.3829
   341   184   117  6.0245  2.3771
   336   185   119  6.0213  2.3672
   333   179   118  6.0190  2.3694
   333   180   120  6.0167  2.3602
   337   185   122  6.0124  2.3496
   340   177   118  6.0114  2.3641
   339   185   119  6.0085  2.3583
   333   183   121  6.0082  2.3505
   341   184   122  6.0059  2.3451
   341   184   121  6.0025  2.3466
   333   183   116  5.9983  2.3628
   337   185   121  5.9942  2.3409
   338   185   122  5.9939  2.3369
   336   185   122  5.9890  2.3336
   338   185   121  5.9839  2.3338
   337   183   115  5.9836  2.3565
   341   177   116  5.9828  2.3521
   341   183   116  5.9793  2.3497
   337   185   117  5.9754  2.3432
   338   185   117  5.9748  2.3428
   336   185   121  5.9627  2.3194
   333   178   117  5.9615  2.3337
   334   180   115  5.9577  2.3386
   333   183   118  5.9543  2.3249
   334   177   117  5.9535  2.3281
   333   179   116  5.9529  2.3316
   341   184   120  5.9472  2.3126
   335   177   118  5.9442  2.3180
   334   183   115  5.9441  2.3293
   339   185   122  5.9435  2.3027
   339   185   121  5.9406  2.3044
   338   181   115  5.9389  2.3257
   340   185   119  5.9385  2.3104
   339   185   117  5.9345  2.3152
   336   185   117  5.9325  2.3138
   335   185   119  5.9261  2.3020
   341   184   118  5.9226  2.3033
   336   179   115  5.9223  2.3143
   337   185   120  5.9218  2.2954
   338   182   115  5.9205  2.3131
   333   183   120  5.9197  2.2940
   335   185   122  5.9187  2.2859
   338   185   120  5.9165  2.2918
   341   177   118  5.9113  2.2957
   333   184   122  5.9112  2.2809
   333   178   122  5.9059  2.2774
   334   177   121  5.9050  2.2804
   333   179   120  5.9043  2.2836
   335   177   120  5.9041  2.2834
   333   184   119  5.8959  2.2816
   337   185   116  5.8928  2.2905
   335   179   115  5.8870  2.2903
   336   185   120  5.8860  2.2713
   333   178   121  5.8841  2.2664
   335   185   121  5.8837  2.2661
   339   185   120  5.8827  2.2691
   336   185   116  5.8826  2.2836
   334   177   122  5.8818  2.2612
   335   177   116  5.8801  2.2820
   340   185   121  5.8750  2.2603
   340   185   122  5.8742  2.2561
   338   180   115  5.8635  2.2745
   337   185   118  5.8596  2.2608
   340   185   117  5.8594  2.2644
   338   185   118  5.8581  2.2598
   337   179   115  5.8573  2.2702
   341   185   119  5.8563  2.2550
   336   184   115  5.8514  2.2663
   333   182   115  5.8512  2.2662
   333   177   119  5.8505  2.2511
   338   185   116  5.8473  2.2599
   333   181   115  5.8473  2.2635
   333   178   118  5.8465  2.2521
   335   185   117  5.8444  2.2543
   335   184   115  5.8371  2.2567
   340   185   120  5.8340  2.2366
   333   184   117  5.8284  2.2437
   339   185   118  5.8281  2.2398
   336   185   118  5.8238  2.2370
   333   184   121  5.8211  2.2245
   335   185   116  5.8135  2.2373
   338   183   115  5.8129  2.2404
   334   185   122  5.8018  2.2082
   334   177   118  5.8002  2.2213
   335   185   120  5.8001  2.2141
   341   185   122  5.7987  2.2062
   341   185   121  5.7979  2.2092
   333   184   116  5.7849  2.2182
   341   185   120  5.7831  2.2030
   340   185   118  5.7806  2.2084
   337   184   115  5.7788  2.2178
   334   185   119  5.7762  2.2020
   334   179   115  5.7569  2.2033
   341   185   117  5.7551  2.1951
   334   185   121  5.7551  2.1812
   339   185   116  5.7530  2.1972
   333   183   115  5.7528  2.2006
   335   185   118  5.7461  2.1857
   333   178   120  5.7459  2.1786
   334   177   120  5.7425  2.1765
   333   180   115  5.7418  2.1933
   333   184   118  5.7394  2.1813
   334   184   115  5.7374  2.1905
   341   184   116  5.7351  2.1855
   333   178   116  5.7332  2.1842
   333   184   120  5.7265  2.1660
   341   185   118  5.7261  2.1726
   333   177   117  5.7185  2.1711
   334   185   117  5.7113  2.1665
   333   177   121  5.7009  2.1461
   338   179   115  5.6991  2.1654
   333   177   122  5.6913  2.1365
   334   177   116  5.6908  2.1565
   334   185   116  5.6868  2.1540
   339   181   115  5.6782  2.1517
   339   182   115  5.6644  2.1428
   334   185   120  5.6595  2.1228
   336   178   115  5.6451  2.1304
   333   185   122  5.6432  2.1058
   333   177   118  5.6282  2.1095
   338   184   115  5.6265  2.1184
   334   185   118  5.6263  2.1082
   340   185   116  5.6178  2.1094
   339   180   115  5.6111  2.1085
   335   178   115  5.6055  2.1049
   337   178   115  5.5951  2.0983
   333   185   121  5.5785  2.0681
   333   185   119  5.5778  2.0742
   339   183   115  5.5730  2.0842
   336   185   115  5.5638  2.0783
   333   184   115  5.5621  2.0772
   333   177   120  5.5618  2.0609
   333   179   115  5.5479  2.0682
   335   185   115  5.5469  2.0676
   333   185   117  5.5359  2.0543
   333   185   116  5.5085  2.0403
   337   185   115  5.5043  2.0408
   334   178   115  5.4819  2.0268
   333   177   116  5.4701  2.0164
   333   185   118  5.4688  2.0093
   339   179   115  5.4673  2.0177
   333   185   120  5.4655  2.0010
   338   178   115  5.4611  2.0139
   334   185   115  5.4552  2.0102
   341   185   116  5.4491  2.0033
   339   184   115  5.4113  1.9831
   338   185   115  5.3747  1.9607
   340   181   115  5.3709  1.9584
   340   182   115  5.3636  1.9539
   336   177   115  5.3159  1.9250
   340   180   115  5.3116  1.9224
   333   185   115  5.2967  1.9135
   340   183   115  5.2906  1.9098
   333   178   115  5.2892  1.9090
   337   177   115  5.2807  1.9039
   335   177   115  5.2753  1.9006
   339   178   115  5.2597  1.8913
   340   179   115  5.1894  1.8497
   339   185   115  5.1891  1.8496
   338   177   115  5.1739  1.8407
   334   177   115  5.1641  1.8350
   340   184   115  5.1565  1.8305
   341   181   115  5.0497  1.7689
   341   182   115  5.0491  1.7686
   340   178   115  5.0145  1.7489
   339   177   115  5.0083  1.7454
   336   180   114  6.9550  3.1058
   335   180   114  6.9406  3.0936
   336   181   114  6.9257  3.0810
   335   181   114  6.9064  3.0648
   336   179   114  6.8721  3.0362
   335   179   114  6.8640  3.0294
   337   180   114  6.8469  3.0153
   337   181   114  6.8244  2.9967
   334   180   114  6.8114  2.9860
   336   182   114  6.7849  2.9642
   334   181   114  6.7740  2.9553
   335   182   114  6.7619  2.9455
   337   179   114  6.7610  2.9447
   334   179   114  6.7445  2.9314
   337   182   114  6.6945  2.8910
   336   178   114  6.6891  2.8867
   335   178   114  6.6885  2.8862
   334   182   114  6.6323  2.8414
   338   180   114  6.6249  2.8355
   338   181   114  6.6111  2.8247
   333   180   114  6.5883  2.8067
   334   178   114  6.5841  2.8034
   337   178   114  6.5785  2.7990
   333   181   114  6.5485  2.7756
   336   183   114  6.5467  2.7742
   338   179   114  6.5389  2.7681
   333   179   114  6.5341  2.7644
   335   183   114  6.5206  2.7539
   342   180   117  6.5083  2.7304
   342   179   117  6.5035  2.7267
   338   182   114  6.4987  2.7370
   337   183   114  6.4709  2.7157
   340   176   121  6.4350  2.6566
   335   177   114  6.4340  2.6874
   342   181   117  6.4338  2.6737
   341   176   121  6.4309  2.6536
   336   177   114  6.4273  2.6824
   342   180   119  6.4198  2.6542
   342   178   121  6.4166  2.6429
   333   182   114  6.4145  2.6727
   342   177   121  6.4069  2.6356
   342   178   117  6.4048  2.6519
   342   179   121  6.4028  2.6326
   334   183   114  6.3986  2.6606
   342   181   119  6.3965  2.6368
   333   178   114  6.3946  2.6576
   339   176   121  6.3919  2.6245
   342   176   121  6.3759  2.6126
   342   179   119  6.3702  2.6171
   338   178   114  6.3644  2.6349
   342   180   121  6.3623  2.6026
   334   177   114  6.3471  2.6219
   342   179   122  6.3274  2.5726
   337   177   114  6.3208  2.6024
   342   178   122  6.3173  2.5653
   339   180   114  6.3145  2.5977
   339   181   114  6.3110  2.5951
   342   182   119  6.3104  2.5730
   342   180   122  6.3094  2.5595
   338   176   121  6.3076  2.5624
   338   183   114  6.3003  2.5871
   340   176   122  6.2995  2.5523
   332   180   114  6.2990  2.5862
   342   182   117  6.2950  2.5703
   342   181   121  6.2926  2.5515
   341   176   122  6.2866  2.5429
   342   177   122  6.2839  2.5409
   339   176   122  6.2705  2.5312
   332   179   114  6.2594  2.5570
   342   181   122  6.2592  2.5231
   332   181   114  6.2569  2.5552
   342   178   120  6.2542  2.5279
   341   176   120  6.2515  2.5259
   342   177   120  6.2485  2.5237
   342   179   120  6.2434  2.5200
   342   178   119  6.2365  2.5193
   340   176   120  6.2364  2.5150
   336   184   114  6.2354  2.5395
   342   176   122  6.2311  2.5029
   339   179   114  6.2308  2.5361
   342   176   120  6.2270  2.5082
   339   182   114  6.2210  2.5290
   342   180   120  6.2139  2.4988
   335   184   114  6.2063  2.5183
   338   176   122  6.2018  2.4820
   342   177   117  6.1998  2.5011
   333   183   114  6.1965  2.5111
   342   182   121  6.1924  2.4793
   337   176   121  6.1894  2.4772
   339   176   120  6.1840  2.4774
   333   177   114  6.1827  2.5012
   337   184   114  6.1769  2.4970
   342   182   122  6.1748  2.4627
   342   183   119  6.1711  2.4723
   342   181   120  6.1637  2.4630
   339   176   117  6.1564  2.4700
   342   180   116  6.1550  2.4731
   342   180   118  6.1502  2.4615
   338   176   117  6.1464  2.4629
   332   178   114  6.1442  2.4735
   342   179   116  6.1414  2.4634
   342   181   118  6.1385  2.4532
   332   182   114  6.1332  2.4656
   338   177   114  6.1214  2.4572
   335   176   114  6.1211  2.4570
   340   176   117  6.1155  2.4409
   336   176   114  6.1098  2.4490
   342   183   117  6.1063  2.4344
   342   179   118  6.1040  2.4288
   338   176   120  6.0983  2.4168
   337   176   122  6.0982  2.4089
   334   184   114  6.0946  2.4381
   342   182   120  6.0916  2.4122
   342   181   116  6.0892  2.4264
   337   176   117  6.0864  2.4204
   332   181   119  6.0814  2.4090
   342   182   118  6.0788  2.4111
   338   176   119  6.0731  2.4032
   339   178   114  6.0699  2.4207
   337   176   119  6.0671  2.3990
   342   183   121  6.0622  2.3878
   332   180   119  6.0603  2.3943
   342   183   122  6.0564  2.3799
   339   183   114  6.0551  2.4102
   334   176   114  6.0502  2.4068
   336   176   121  6.0445  2.3755
   342   178   116  6.0375  2.3901
   338   184   114  6.0363  2.3971
   339   176   119  6.0329  2.3752
   341   176   117  6.0237  2.3766
   332   182   119  6.0152  2.3629
   336   176   119  6.0138  2.3620
   332   181   122  6.0120  2.3493
   337   176   114  6.0116  2.3798
   342   177   119  6.0080  2.3580
   342   183   120  5.9969  2.3465
   332   181   117  5.9966  2.3578
   342   184   119  5.9882  2.3443
   342   178   118  5.9880  2.3480
   337   176   120  5.9850  2.3384
   332   182   122  5.9849  2.3308
   336   176   117  5.9792  2.3458
   342   183   118  5.9784  2.3414
   336   176   122  5.9660  2.3179
   332   180   117  5.9646  2.3358
   332   179   119  5.9626  2.3268
   332   180   122  5.9620  2.3152
   340   181   114  5.9614  2.3450
   332   177   114  5.9611  2.3447
   342   182   116  5.9552  2.3331
   340   180   114  5.9541  2.3400
   340   176   119  5.9501  2.3183
   332   182   117  5.9428  2.3209
   332   183   114  5.9356  2.3272
   335   176   119  5.9153  2.2947
   333   184   114  5.9133  2.3120
   333   176   114  5.9098  2.3096
   332   181   118  5.9098  2.2947
   342   184   122  5.9060  2.2774
   342   184   121  5.9036  2.2795
   332   181   121  5.8991  2.2764
   340   182   114  5.8959  2.3001
   332   180   118  5.8839  2.2772
   342   176   117  5.8813  2.2791
   342   184   117  5.8802  2.2783
   342   184   120  5.8796  2.2670
   336   185   114  5.8795  2.2890
   335   176   121  5.8795  2.2633
   332   183   122  5.8781  2.2587
   340   179   114  5.8739  2.2851
   332   180   121  5.8680  2.2556
   332   182   121  5.8616  2.2513
   332   183   119  5.8616  2.2586
   332   181   116  5.8583  2.2673
   332   182   118  5.8574  2.2594
   332   179   117  5.8548  2.2613
   336   176   120  5.8505  2.2476
   339   177   114  5.8494  2.2686
   335   185   114  5.8476  2.2673
   332   179   122  5.8458  2.2373
   342   184   118  5.8420  2.2491
   337   185   114  5.8392  2.2617
   332   182   116  5.8334  2.2506
   342   177   116  5.8333  2.2505
   338   176   114  5.8322  2.2570
   335   176   117  5.8305  2.2451
   339   184   114  5.8302  2.2557
   341   176   119  5.8296  2.2372
   338   176   118  5.8140  2.2305
   335   176   122  5.8125  2.2153
   338   176   116  5.8117  2.2361
   339   176   116  5.8109  2.2356
   332   178   119  5.8073  2.2225
   332   181   120  5.8049  2.2174
   332   183   117  5.8048  2.2279
   337   176   118  5.8012  2.2220
   332   180   116  5.7965  2.2260
   342   177   118  5.7899  2.2145
   332   179   118  5.7872  2.2127
   339   176   118  5.7857  2.2117
   332   179   121  5.7772  2.1956
   334   176   119  5.7768  2.2024
   332   182   120  5.7723  2.1959
   342   185   119  5.7709  2.1984
   332   180   120  5.7657  2.1916
   340   183   114  5.7655  2.2125
   337   176   116  5.7645  2.2048
   342   183   116  5.7638  2.2043
   340   176   116  5.7615  2.2028
   332   183   121  5.7541  2.1805
   334   185   114  5.7474  2.2005
   336   176   118  5.7466  2.1860
   342   185   120  5.7396  2.1745
   338   185   114  5.7304  2.1893
   340   178   114  5.7291  2.1885
   332   183   118  5.7279  2.1738
   342   185   122  5.7267  2.1593
   332   183   116  5.7223  2.1771
   340   176   118  5.7202  2.1688
   342   185   121  5.7185  2.1574
   335   176   120  5.7006  2.1493
   334   176   121  5.6988  2.1447
   332   184   122  5.6963  2.1397
   338   186   121  5.6933  2.1412
   337   186   121  5.6922  2.1405
   338   186   119  5.6844  2.1422
   332   178   117  5.6822  2.1476
   332   178   122  5.6808  2.1298
   332   184   114  5.6795  2.1560
   342   176   119  5.6762  2.1369
   337   186   119  5.6740  2.1355
   337   186   122  5.6730  2.1248
   342   185   118  5.6724  2.1378
   336   176   116  5.6722  2.1445
   338   186   122  5.6712  2.1236
   332   179   120  5.6680  2.1283
   339   186   121  5.6661  2.1237
   339   186   119  5.6653  2.1299
   341   176   116  5.6647  2.1396
   332   183   120  5.6618  2.1243
   332   179   116  5.6580  2.1353
   336   186   121  5.6552  2.1167
   335   176   118  5.6536  2.1258
   334   176   117  5.6489  2.1261
   338   186   120  5.6452  2.1136
   334   176   122  5.6450  2.1069
   339   186   122  5.6447  2.1068
   336   186   122  5.6416  2.1047
   332   178   121  5.6412  2.1078
   339   186   120  5.6366  2.1082
   332   178   118  5.6335  2.1129
   338   186   117  5.6329  2.1158
   332   184   119  5.6311  2.1080
   337   186   120  5.6293  2.1036
   340   186   119  5.6269  2.1053
   342   185   117  5.6267  2.1118
   336   186   119  5.6253  2.1043
   341   176   118  5.6234  2.1064
   337   186   117  5.6231  2.1095
   340   186   121  5.6202  2.0945
   332   177   119  5.6169  2.0989
   340   186   120  5.6155  2.0948
   339   186   117  5.6071  2.0993
   333   176   119  5.6059  2.0919
   340   186   122  5.6045  2.0813
   341   181   114  5.6029  2.1065
   341   186   120  5.5929  2.0805
   332   184   117  5.5925  2.0900
   333   185   114  5.5887  2.0975
   339   176   114  5.5885  2.0974
   341   180   114  5.5851  2.0952
   340   184   114  5.5829  2.0938
   332   184   121  5.5825  2.0707
   332   182   115  5.5791  2.0880
   341   186   119  5.5789  2.0748
   336   186   120  5.5782  2.0712
   335   186   121  5.5775  2.0675
   342   186   120  5.5772  2.0705
   336   186   117  5.5756  2.0793
   335   186   122  5.5723  2.0610
   332   181   115  5.5668  2.0803
   339   185   114  5.5654  2.0826
   341   186   121  5.5651  2.0598
   341   186   122  5.5609  2.0539
   341   182   114  5.5607  2.0796
   340   186   117  5.5490  2.0625
   338   186   118  5.5473  2.0582
   339   186   118  5.5407  2.0541
   335   176   116  5.5404  2.0603
   334   176   120  5.5398  2.0471
   332   184   116  5.5352  2.0570
   340   177   114  5.5341  2.0628
   335   186   119  5.5331  2.0461
   337   186   118  5.5321  2.0487
   332   184   118  5.5308  2.0479
   334   176   118  5.5295  2.0470
   332   178   120  5.5290  2.0404
   342   186   119  5.5279  2.0428
   342   184   116  5.5259  2.0512
   337   186   116  5.5230  2.0494
   342   176   116  5.5228  2.0492
   342   186   122  5.5214  2.0293
   340   186   118  5.5209  2.0417
   336   186   116  5.5130  2.0431
   342   186   121  5.5093  2.0250
   341   179   114  5.5079  2.0462
   336   186   114  5.5058  2.0450
   333   176   121  5.5044  2.0219
   342   176   118  5.5006  2.0290
   332   183   115  5.4965  2.0360
   341   186   118  5.4959  2.0261
   335   186   117  5.4898  2.0254
   336   186   118  5.4881  2.0213
   332   177   122  5.4879  2.0086
   338   186   116  5.4849  2.0256
   335   186   120  5.4836  2.0122
   337   186   114  5.4824  2.0303
   332   177   121  5.4762  2.0045
   332   184   120  5.4758  2.0074
   342   186   118  5.4716  2.0110
   335   186   114  5.4715  2.0235
   333   176   122  5.4687  1.9968
   332   177   117  5.4661  2.0107
   334   186   122  5.4653  1.9947
   341   183   114  5.4637  2.0186
   332   180   115  5.4632  2.0152
   341   186   117  5.4630  2.0088
   332   178   116  5.4615  2.0110
   334   186   121  5.4571  1.9928
   335   186   116  5.4526  2.0055
   332   185   122  5.4505  1.9857
   333   176   117  5.4441  1.9971
   332   177   118  5.4398  1.9914
   335   186   118  5.4114  1.9740
   332   176   119  5.4106  1.9704
   338   186   114  5.4035  1.9814
   339   186   116  5.4035  1.9752
   334   186   119  5.3972  1.9623
   332   185   114  5.3843  1.9696
   333   176   118  5.3828  1.9566
   334   186   114  5.3825  1.9685
   341   178   114  5.3778  1.9656
   334   176   116  5.3765  1.9588
   333   176   120  5.3701  1.9429
   334   186   117  5.3662  1.9495
   332   177   120  5.3657  1.9402
   340   185   114  5.3626  1.9563
   332   185   121  5.3582  1.9328
   342   186   117  5.3537  1.9419
   334   186   116  5.3432  1.9386
   332   185   119  5.3419  1.9289
   334   186   120  5.3416  1.9257
   332   184   115  5.3265  1.9314
   333   186   122  5.3243  1.9096
   332   185   117  5.3228  1.9233
   341   184   114  5.3208  1.9310
   340   176   114  5.3043  1.9210
   334   186   118  5.3014  1.9075
   332   176   121  5.2963  1.8958
   333   186   121  5.2950  1.8950
   332   185   116  5.2882  1.9055
   332   176   122  5.2863  1.8870
   340   186   116  5.2843  1.9032
   332   179   115  5.2826  1.9050
   332   185   118  5.2812  1.8955
   339   186   114  5.2775  1.9049
   342   181   114  5.2671  1.8987
   342   185   116  5.2524  1.8841
   333   186   114  5.2455  1.8858
   342   182   114  5.2447  1.8853
   342   180   114  5.2396  1.8823
   332   177   116  5.2290  1.8703
   332   176   117  5.2251  1.8651
   332   185   120  5.2249  1.8565
   336   186   115  5.2231  1.8696
   333   186   119  5.2219  1.8576
   332   176   118  5.2217  1.8603
   333   186   117  5.2068  1.8544
   341   177   114  5.2060  1.8624
   335   186   115  5.2033  1.8580
   332   176   120  5.1912  1.8369
   333   186   116  5.1896  1.8471
   333   176   116  5.1878  1.8460
   337   186   115  5.1775  1.8428
   342   183   114  5.1754  1.8444
   333   186   118  5.1610  1.8249
   332   186   122  5.1554  1.8107
   333   186   120  5.1534  1.8150
   341   185   114  5.1420  1.8248
   341   186   116  5.1330  1.8141
   334   186   115  5.1194  1.8090
   340   186   114  5.1170  1.8103
   332   186   121  5.0946  1.7786
   332   185   115  5.0845  1.7888
   338   186   115  5.0717  1.7815
   332   186   114  5.0692  1.7827
   332   178   115  5.0475  1.7676
   332   186   119  5.0156  1.7391
   332   186   117  5.0150  1.7440
   341   175   121  6.3652  2.6047
   340   175   121  6.3482  2.5922
   342   175   121  6.3236  2.5741
   343   180   117  6.3175  2.5869
   343   179   117  6.3132  2.5837
   343   178   121  6.2952  2.5534
   343   177   121  6.2929  2.5517
   336   181   113  6.2844  2.5797
   336   180   113  6.2823  2.5782
   339   175   121  6.2786  2.5413
   343   179   121  6.2754  2.5390
   335   180   113  6.2722  2.5707
   343   176   121  6.2691  2.5344
   335   181   113  6.2676  2.5673
   343   180   119  6.2534  2.5315
   343   181   117  6.2442  2.5332
   343   181   119  6.2346  2.5179
   343   180   121  6.2319  2.5076
   343   175   121  6.2217  2.5003
   336   182   113  6.2174  2.5305
   343   178   117  6.2151  2.5121
   337   181   113  6.2140  2.5280
   336   179   113  6.2106  2.5256
   335   179   113  6.2056  2.5220
   337   180   113  6.2049  2.5214
   343   179   119  6.2020  2.4944
   341   175   120  6.2001  2.4889
   341   175   122  6.2000  2.4807
   343   178   122  6.1980  2.4792
   343   179   122  6.1980  2.4792
   335   182   113  6.1923  2.5123
   340   175   122  6.1888  2.4727
   342   175   120  6.1877  2.4800
   343   177   120  6.1769  2.4723
   343   177   122  6.1762  2.4637
   334   180   113  6.1759  2.5004
   343   180   122  6.1739  2.4621
   343   178   120  6.1734  2.4699
   338   175   121  6.1655  2.4602
   334   181   113  6.1643  2.4921
   340   175   120  6.1636  2.4629
   343   181   121  6.1632  2.4586
   343   176   120  6.1624  2.4620
   342   175   122  6.1600  2.4523
   337   182   113  6.1586  2.4880
   343   182   119  6.1581  2.4631
   343   179   120  6.1543  2.4563
   343   176   122  6.1336  2.4337
   337   179   113  6.1307  2.4679
   339   175   122  6.1298  2.4310
   343   175   120  6.1250  2.4356
   343   181   122  6.1238  2.4268
   343   180   120  6.1199  2.4320
   334   179   113  6.1180  2.4588
   343   182   117  6.1097  2.4368
   336   183   113  6.0872  2.4369
   334   182   113  6.0835  2.4343
   339   175   120  6.0832  2.4063
   336   178   113  6.0737  2.4273
   335   178   113  6.0724  2.4264
   343   181   120  6.0702  2.3972
   343   182   121  6.0690  2.3925
   343   175   122  6.0685  2.3882
   343   178   119  6.0664  2.3985
   338   181   113  6.0654  2.4214
   335   183   113  6.0520  2.4120
   338   180   113  6.0484  2.4094
   343   182   122  6.0468  2.3733
   337   183   113  6.0441  2.4065
   343   183   119  6.0351  2.3767
   338   175   122  6.0299  2.3616
   338   182   113  6.0250  2.3930
   343   180   118  6.0209  2.3707
   337   175   121  6.0205  2.3590
   343   181   118  6.0157  2.3672
   343   177   117  6.0097  2.3668
   343   182   120  6.0049  2.3521
   333   180   113  6.0032  2.3778
   337   178   113  5.9957  2.3726
   334   178   113  5.9944  2.3717
   333   181   113  5.9837  2.3642
   338   179   113  5.9735  2.3572
   331   180   114  5.9719  2.3522
   343   179   118  5.9713  2.3366
   343   182   118  5.9673  2.3338
   338   175   120  5.9672  2.3262
   333   179   113  5.9575  2.3461
   343   183   121  5.9501  2.3108
   331   179   114  5.9475  2.3354
   343   183   122  5.9435  2.3026
   334   183   113  5.9383  2.3329
   343   180   116  5.9368  2.3205
   343   179   116  5.9352  2.3194
   338   183   113  5.9312  2.3280
   343   183   117  5.9291  2.3115
   331   181   114  5.9273  2.3215
   343   183   120  5.9237  2.2966
   336   184   113  5.9024  2.3083
   333   182   113  5.8988  2.3058
   337   175   122  5.8987  2.2725
   343   183   118  5.8833  2.2768
   335   177   113  5.8794  2.2926
   336   177   113  5.8794  2.2926
   337   184   113  5.8779  2.2915
   343   184   119  5.8753  2.2678
   343   181   116  5.8603  2.2686
   339   181   113  5.8571  2.2774
   331   178   114  5.8565  2.2733
   335   184   113  5.8559  2.2766
   336   175   121  5.8552  2.2471
   343   178   118  5.8529  2.2564
   333   178   113  5.8488  2.2718
   338   178   113  5.8446  2.2690
   343   178   116  5.8419  2.2563
   339   182   113  5.8340  2.2618
   343   177   119  5.8337  2.2400
   339   180   113  5.8311  2.2599
   337   175   120  5.8260  2.2313
   343   184   120  5.8256  2.2310
   343   184   122  5.8151  2.2170
   331   182   114  5.8141  2.2449
   334   177   113  5.8101  2.2458
   343   184   121  5.8078  2.2157
   337   177   113  5.8074  2.2440
   338   184   113  5.7894  2.2320
   332   180   113  5.7691  2.2184
   343   184   118  5.7682  2.2002
   335   175   114  5.7648  2.2120
   339   183   113  5.7641  2.2151
   339   179   113  5.7561  2.2098
   336   175   114  5.7538  2.2048
   333   183   113  5.7528  2.2076
   336   175   122  5.7473  2.1727
   332   181   113  5.7401  2.1992
   331   181   119  5.7394  2.1779
   332   179   113  5.7384  2.1981
   334   184   113  5.7376  2.1975
   339   175   117  5.7354  2.1822
   338   175   117  5.7315  2.1796
   331   181   122  5.7300  2.1614
   331   180   119  5.7258  2.1690
   343   182   116  5.7192  2.1751
   332   176   114  5.7159  2.1798
   343   184   117  5.7154  2.1691
   343   185   120  5.7094  2.1549
   331   182   122  5.7072  2.1467
   334   175   114  5.7047  2.1725
   331   177   114  5.7015  2.1704
   340   175   117  5.6911  2.1533
   343   176   117  5.6893  2.1521
   343   185   119  5.6873  2.1440
   331   180   122  5.6860  2.1331
   337   175   119  5.6852  2.1427
   337   175   117  5.6830  2.1480
   333   177   113  5.6796  2.1595
   331   182   119  5.6793  2.1389
   335   175   121  5.6785  2.1317
   331   181   117  5.6748  2.1427
   338   175   119  5.6746  2.1359
   336   185   113  5.6724  2.1548
   336   175   120  5.6705  2.1299
   337   175   114  5.6684  2.1488
   338   177   113  5.6681  2.1520
   337   185   113  5.6672  2.1514
   343   185   122  5.6634  2.1187
   336   175   119  5.6560  2.1239
   332   182   113  5.6520  2.1416
   343   177   118  5.6511  2.1241
   339   184   113  5.6503  2.1404
   331   179   119  5.6486  2.1192
   332   178   113  5.6486  2.1393
   343   177   116  5.6453  2.1271
   331   181   118  5.6449  2.1201
   343   185   121  5.6435  2.1092
   331   180   117  5.6425  2.1219
   331   183   114  5.6382  2.1292
   339   178   113  5.6353  2.1307
   336   176   113  5.6345  2.1303
   335   176   113  5.6321  2.1287
   331   182   117  5.6319  2.1152
   331   180   118  5.6252  2.1075
   343   185   118  5.6238  2.1067
   339   175   119  5.6232  2.1029
   335   185   113  5.6140  2.1170
   331   183   122  5.6139  2.0872
   340   181   113  5.6134  2.1166
   340   182   113  5.6082  2.1133
   338   185   113  5.6045  2.1109
   341   175   117  5.5965  2.0926
   331   182   118  5.5957  2.0888
   336   175   117  5.5948  2.0915
   331   181   121  5.5915  2.0763
   335   175   119  5.5894  2.0815
   335   175   122  5.5858  2.0695
   331   179   122  5.5855  2.0693
   333   175   114  5.5829  2.0937
   340   180   113  5.5777  2.0938
   343   186   120  5.5733  2.0681
   337   176   113  5.5729  2.0907
   334   176   113  5.5682  2.0877
   331   180   121  5.5670  2.0609
   340   183   113  5.5626  2.0841
   331   182   121  5.5565  2.0543
   333   184   113  5.5531  2.0781
   331   179   117  5.5440  2.0594
   331   183   119  5.5438  2.0528
   331   179   118  5.5436  2.0559
   340   175   119  5.5317  2.0452
   343   183   116  5.5263  2.0514
   331   178   119  5.5241  2.0405
   331   181   116  5.5241  2.0501
   338   175   114  5.5132  2.0496
   331   183   117  5.5126  2.0396
   331   181   120  5.5116  2.0295
   335   175   120  5.5092  2.0280
   332   183   113  5.5077  2.0494
   331   182   116  5.5066  2.0391
   340   179   113  5.5020  2.0457
   332   177   113  5.4984  2.0435
   334   175   121  5.4958  2.0166
   339   185   113  5.4949  2.0413
   343   176   119  5.4946  2.0221
   334   185   113  5.4914  2.0391
   331   179   121  5.4911  2.0137
   331   180   113  5.4906  2.0386
   343   186   122  5.4898  2.0098
   334   175   119  5.4886  2.0184
   331   180   120  5.4864  2.0139
   331   176   114  5.4830  2.0307
   343   185   117  5.4787  2.0185
   331   183   118  5.4781  2.0150
   343   186   119  5.4777  2.0117
   340   184   113  5.4771  2.0301
   331   179   113  5.4766  2.0298
   339   177   113  5.4737  2.0280
   335   175   117  5.4733  2.0152
   331   182   120  5.4731  2.0057
   331   180   116  5.4677  2.0148
   331   183   121  5.4595  1.9943
   343   186   121  5.4585  1.9936
   338   175   118  5.4535  1.9998
   331   184   122  5.4527  1.9870
   331   181   113  5.4513  2.0140
   342   175   117  5.4511  2.0014
   343   186   118  5.4509  1.9982
   337   175   118  5.4503  1.9979
   338   176   113  5.4503  2.0134
   333   176   113  5.4494  2.0129
   331   178   122  5.4434  1.9813
   334   175   122  5.4213  1.9679
   339   175   118  5.4196  1.9790
   337   186   113  5.4179  1.9933
   343   187   120  5.4157  1.9705
   331   183   116  5.4141  1.9817
   331   178   118  5.4121  1.9744
   336   175   118  5.4113  1.9739
   332   175   114  5.4109  1.9859
   331   184   114  5.4109  1.9859
   331   179   120  5.4097  1.9669
   331   178   113  5.4072  1.9867
   336   186   113  5.4047  1.9852
   341   175   119  5.4027  1.9657
   338   175   116  5.3963  1.9709
   331   178   117  5.3937  1.9662
   342   187   120  5.3926  1.9565
   339   175   116  5.3916  1.9680
   340   178   113  5.3887  1.9753
   338   186   113  5.3800  1.9700
   341   187   120  5.3795  1.9486
   331   178   121  5.3757  1.9433
   338   187   121  5.3748  1.9428
   340   187   120  5.3722  1.9441
   341   182   113  5.3701  1.9639
   331   177   119  5.3695  1.9455
   339   187   121  5.3646  1.9366
   331   183   120  5.3644  1.9394
   339   187   120  5.3637  1.9390
   337   187   121  5.3622  1.9352
   337   175   116  5.3602  1.9489
   331   182   113  5.3599  1.9577
   341   181   113  5.3587  1.9570
   333   175   119  5.3575  1.9382
   343   176   118  5.3558  1.9402
   340   185   113  5.3519  1.9528
   340   175   118  5.3499  1.9367
   331   179   116  5.3469  1.9408
   334   175   120  5.3465  1.9287
   341   183   113  5.3462  1.9494
   338   187   120  5.3451  1.9278
   340   175   116  5.3425  1.9381
   336   175   113  5.3420  1.9468
   331   184   119  5.3403  1.9279
   335   175   118  5.3402  1.9308
   340   187   121  5.3397  1.9216
   343   176   116  5.3389  1.9359
   335   186   113  5.3353  1.9427
   335   175   113  5.3321  1.9408
   334   175   117  5.3252  1.9247
   331   184   117  5.3236  1.9238
   336   187   121  5.3199  1.9098
   338   187   122  5.3171  1.9053
   339   187   122  5.3162  1.9048
   332   184   113  5.3132  1.9293
   341   180   113  5.3131  1.9293
   333   185   113  5.3091  1.9268
   341   187   121  5.3088  1.9032
   333   175   121  5.3075  1.9024
   340   187   122  5.3072  1.8994
   337   187   120  5.3064  1.9047
   331   184   121  5.3049  1.9009
   339   187   119  5.3033  1.9057
   337   187   122  5.3011  1.8958
   339   175   114  5.3010  1.9190
   331   184   118  5.2996  1.9064
   339   186   113  5.2995  1.9210
   341   187   122  5.2977  1.8938
   338   187   119  5.2975  1.9023
   331   178   120  5.2958  1.8984
   340   187   119  5.2958  1.9013
   337   175   113  5.2952  1.9185
   343   187   122  5.2951  1.8922
   343   184   116  5.2934  1.9086
   342   187   122  5.2931  1.8910
   336   175   116  5.2881  1.9054
   341   184   113  5.2861  1.9130
   332   176   113  5.2840  1.9117
   341   187   119  5.2821  1.8931
   342   187   121  5.2788  1.8854
   331   177   113  5.2776  1.9078
   331   177   122  5.2759  1.8809
   339   176   113  5.2757  1.9067
   338   187   117  5.2752  1.8948
   337   187   119  5.2705  1.8863
   334   175   113  5.2681  1.9022
   342   187   119  5.2667  1.8840
   331   182   115  5.2643  1.8941
   339   187   117  5.2632  1.8877
   336   187   122  5.2609  1.8720
   343   175   117  5.2568  1.8839
   333   175   122  5.2565  1.8694
   337   187   117  5.2560  1.8834
   343   187   121  5.2546  1.8712
   331   184   116  5.2536  1.8848
   343   187   119  5.2516  1.8751
   343   187   118  5.2497  1.8768
   341   175   118  5.2481  1.8759
   341   175   116  5.2475  1.8812
   331   181   115  5.2462  1.8833
   331   177   118  5.2441  1.8735
   335   187   121  5.2437  1.8648
   334   175   118  5.2428  1.8727
   340   177   113  5.2413  1.8862
   342   187   118  5.2413  1.8719
   342   175   119  5.2402  1.8684
   336   187   120  5.2383  1.8644
   341   187   118  5.2358  1.8686
   341   179   113  5.2349  1.8823
   331   177   121  5.2331  1.8585
   331   185   122  5.2323  1.8553
   340   187   118  5.2317  1.8662
   343   186   117  5.2260  1.8657
   339   187   118  5.2252  1.8624
   340   187   117  5.2221  1.8634
   331   183   113  5.2188  1.8728
   336   187   119  5.2151  1.8536
   338   187   118  5.2103  1.8536
   334   186   113  5.2090  1.8670
   331   177   117  5.2071  1.8546
   336   187   117  5.2045  1.8530
   332   175   119  5.1993  1.8444
   331   176   119  5.1984  1.8439
   331   183   115  5.1975  1.8545
   338   175   113  5.1933  1.8577
   335   187   122  5.1924  1.8320
   341   185   113  5.1885  1.8548
   340   186   113  5.1869  1.8539
   331   184   120  5.1869  1.8344
   335   175   116  5.1851  1.8445
   333   175   120  5.1824  1.8318
   337   187   118  5.1803  1.8361
   331   178   116  5.1773  1.8399
   342   179   114  5.1633  1.8372
   331   177   120  5.1571  1.8171
   333   175   117  5.1569  1.8252
   341   187   117  5.1554  1.8243
   333   175   113  5.1551  1.8353
   331   180   115  5.1484  1.8258
   331   185   114  5.1472  1.8279
   342   182   113  5.1355  1.8238
   337   187   113  5.1343  1.8231
   335   187   120  5.1341  1.8038
   336   187   114  5.1338  1.8200
   334   187   121  5.1317  1.7998
   337   187   116  5.1306  1.8127
   336   187   118  5.1297  1.8068
   342   183   113  5.1289  1.8200
   335   187   119  5.1268  1.8024
   341   178   113  5.1262  1.8184
   333   175   118  5.1249  1.8040
   337   187   114  5.1244  1.8146
   335   187   117  5.1207  1.8043
   336   187   116  5.1204  1.8068
   338   187   113  5.1190  1.8142
   342   175   118  5.1187  1.8004
   342   181   113  5.1105  1.8092
   332   175   121  5.1104  1.7876
   342   175   116  5.1075  1.7994
   336   187   113  5.1048  1.8059
   331   185   121  5.1017  1.7826
   338   187   116  5.0999  1.7950
   335   187   114  5.0980  1.7993
   331   176   122  5.0971  1.7773
   334   187   122  5.0951  1.7762
   332   175   122  5.0897  1.7731
   342   184   113  5.0890  1.7968
   331   185   119  5.0829  1.7772
   331   176   113  5.0803  1.7918
   331   185   117  5.0789  1.7803
   332   185   113  5.0765  1.7896
   331   185   118  5.0728  1.7741
   331   176   121  5.0726  1.7661
   338   187   114  5.0712  1.7839
   335   187   116  5.0683  1.7769
   342   187   117  5.0670  1.7735
   339   187   113  5.0659  1.7835
   342   184   114  5.0649  1.7802
   340   176   113  5.0623  1.7815
   342   180   113  5.0556  1.7776
   334   175   116  5.0556  1.7696
   335   187   118  5.0550  1.7640
   341   186   113  5.0526  1.7759
   331   176   118  5.0515  1.7620
   331   184   115  5.0502  1.7692
   340   175   114  5.0498  1.7716
   343   175   119  5.0492  1.7581
   342   178   114  5.0434  1.7679
   339   175   113  5.0421  1.7698
   331   185   116  5.0381  1.7597
   331   184   113  5.0324  1.7643
   339   187   116  5.0318  1.7561
   343   185   116  5.0314  1.7559
   333   186   113  5.0298  1.7628
   335   187   113  5.0261  1.7607
   334   187   114  5.0191  1.7541
   331   175   119  5.0174  1.7401
   342   185   113  5.0142  1.7540
   332   175   120  5.0128  1.7350
   334   187   117  5.0055  1.7386
   334   187   119  5.0045  1.7329
   341   176   114  5.0037  1.7454
   331   176   120  5.0016  1.7287
   341   174   121  6.2801  2.5424
   340   174   121  6.2494  2.5202
   342   174   121  6.2461  2.5178
   339   174   121  6.1613  2.4572
   343   174   121  6.1450  2.4457
   344   178   121  6.1427  2.4441
   344   177   121  6.1382  2.4409
   341   174   120  6.1335  2.4416
   344   179   121  6.1264  2.4326
   342   174   120  6.1246  2.4353
   344   176   121  6.1123  2.4227
   341   174   122  6.0995  2.4098
   344   180   117  6.0948  2.4263
   344   180   121  6.0885  2.4060
   344   179   117  6.0858  2.4200
   340   174   120  6.0851  2.4076
   344   180   119  6.0819  2.4093
   344   177   120  6.0766  2.4017
   344   178   120  6.0742  2.4000
   340   174   122  6.0731  2.3914
   344   181   119  6.0725  2.4027
   342   174   122  6.0671  2.3873
   344   175   121  6.0616  2.3873
   344   176   120  6.0589  2.3894
   344   178   122  6.0575  2.3806
   343   174   120  6.0564  2.3876
   344   179   122  6.0563  2.3798
   344   179   120  6.0562  2.3875
   344   177   122  6.0378  2.3670
   344   180   122  6.0341  2.3645
   344   181   121  6.0282  2.3642
   338   174   121  6.0275  2.3637
   344   181   117  6.0273  2.3790
   344   180   120  6.0254  2.3662
   344   179   119  6.0225  2.3680
   344   175   120  6.0138  2.3581
   344   182   119  6.0089  2.3586
   344   176   122  5.9959  2.3383
   339   174   122  5.9937  2.3368
   344   181   122  5.9905  2.3346
   339   174   120  5.9864  2.3393
   344   178   117  5.9833  2.3486
   344   181   120  5.9831  2.3370
   344   174   121  5.9789  2.3304
   343   174   122  5.9751  2.3241
   344   182   121  5.9457  2.3079
   344   174   120  5.9312  2.3018
   344   182   120  5.9297  2.3007
   344   175   122  5.9279  2.2921
   344   182   122  5.9257  2.2906
   344   183   119  5.9036  2.2868
   344   182   117  5.9007  2.2922
   344   181   118  5.8985  2.2870
   344   180   118  5.8928  2.2832
   344   178   119  5.8789  2.2702
   338   174   122  5.8716  2.2544
   344   183   120  5.8648  2.2571
   344   182   118  5.8636  2.2636
   337   174   121  5.8623  2.2518
   338   174   120  5.8489  2.2465
   344   183   121  5.8420  2.2383
   344   183   122  5.8401  2.2335
   344   179   118  5.8341  2.2438
   344   174   122  5.8265  2.2245
   344   183   118  5.7966  2.2189
   344   184   120  5.7872  2.2057
   344   177   117  5.7737  2.2073
   344   184   119  5.7671  2.1960
   344   184   122  5.7348  2.1646
   344   183   117  5.7313  2.1795
   337   174   122  5.7204  2.1552
   344   184   121  5.7185  2.1574
   344   178   118  5.7068  2.1601
   344   184   118  5.7018  2.1568
   344   179   116  5.6998  2.1624
   344   185   120  5.6944  2.1452
   344   180   116  5.6933  2.1581
   337   174   120  5.6867  2.1403
   336   174   121  5.6803  2.1328
   344   177   119  5.6370  2.1118
   330   180   114  5.6307  2.1244
   330   179   114  5.6198  2.1174
   344   178   116  5.6130  2.1064
   344   185   122  5.6104  2.0850
   344   181   116  5.6086  2.1036
   344   185   119  5.6072  2.0928
   330   181   114  5.5834  2.0941
   344   186   120  5.5831  2.0743
   344   185   118  5.5808  2.0793
   344   185   121  5.5762  2.0667
   336   174   122  5.5546  2.0500
   330   178   114  5.5499  2.0727
   344   184   117  5.5328  2.0523
   336   174   120  5.5137  2.0308
   344   177   118  5.4959  2.0261
   335   174   121  5.4925  2.0146
   330   182   114  5.4795  2.0285
   344   186   122  5.4668  1.9957
   344   182   116  5.4617  2.0111
   344   176   117  5.4504  2.0010
   344   187   120  5.4497  1.9913
   330   181   122  5.4345  1.9759
   344   186   118  5.4336  1.9876
   344   186   119  5.4294  1.9820
   344   177   116  5.4205  1.9857
   330   177   114  5.4187  1.9907
   344   186   121  5.4158  1.9676
   330   182   122  5.4133  1.9630
   330   180   122  5.3997  1.9548
   330   181   119  5.3965  1.9619
   330   180   119  5.3929  1.9597
   335   174   122  5.3862  1.9467
   330   181   118  5.3759  1.9524
   335   174   114  5.3711  1.9615
   336   174   114  5.3663  1.9586
   330   180   118  5.3652  1.9459
   330   181   117  5.3426  1.9352
   335   174   120  5.3403  1.9250
   330   182   119  5.3399  1.9277
   330   179   119  5.3375  1.9262
   330   183   122  5.3318  1.9140
   330   182   118  5.3272  1.9230
   330   183   114  5.3233  1.9325
   330   179   122  5.3177  1.9056
   330   180   117  5.3157  1.9190
   344   185   117  5.3151  1.9186
   334   174   114  5.3149  1.9274
   330   182   117  5.3053  1.9128
   334   174   121  5.3047  1.9008
   344   187   122  5.3035  1.8972
   330   179   118  5.3008  1.9072
   337   174   114  5.2982  1.9173
   344   188   120  5.2905  1.8953
   344   176   119  5.2884  1.8969
   336   174   119  5.2788  1.8912
   337   174   119  5.2685  1.8851
   344   183   116  5.2676  1.8932
   338   174   117  5.2607  1.8862
   330   181   121  5.2599  1.8743
   344   187   118  5.2598  1.8828
   335   174   119  5.2557  1.8775
   330   180   121  5.2447  1.8653
   339   174   117  5.2429  1.8756
   330   178   119  5.2424  1.8696
   337   174   117  5.2403  1.8741
   344   187   121  5.2380  1.8614
   344   187   119  5.2366  1.8662
   343   188   120  5.2347  1.8623
   330   179   117  5.2333  1.8700
   330   182   121  5.2250  1.8538
   338   174   119  5.2244  1.8591
   330   176   114  5.2227  1.8723
   334   174   122  5.2221  1.8493
   330   183   119  5.2203  1.8567
   330   183   118  5.2193  1.8589
   333   174   114  5.2041  1.8612
   330   181   120  5.2012  1.8427
   330   183   117  5.2007  1.8508
   331   175   114  5.1998  1.8587
   330   178   122  5.1996  1.8362
   334   174   119  5.1992  1.8443
   330   180   120  5.1936  1.8383
   330   178   118  5.1914  1.8425
   344   176   118  5.1912  1.8424
   330   184   122  5.1910  1.8312
   336   174   117  5.1867  1.8426
   330   179   113  5.1867  1.8538
   342   188   120  5.1865  1.8342
   330   179   121  5.1861  1.8311
   330   180   113  5.1843  1.8524
   330   181   116  5.1826  1.8430
   340   174   117  5.1825  1.8401
   334   174   120  5.1710  1.8251
   338   174   114  5.1699  1.8411
   330   182   116  5.1686  1.8348
   330   182   120  5.1538  1.8152
   339   174   119  5.1459  1.8134
   341   188   120  5.1458  1.8106
   330   179   120  5.1408  1.8077
   330   183   121  5.1372  1.8029
   330   178   113  5.1369  1.8246
   330   180   116  5.1353  1.8155
   330   181   113  5.1348  1.8234
   330   184   114  5.1229  1.8137
   344   188   122  5.1193  1.7900
   330   177   119  5.1192  1.7980
   344   176   116  5.1169  1.8048
   333   174   121  5.1161  1.7908
   340   188   120  5.1093  1.7897
   333   174   119  5.1087  1.7920
   330   178   117  5.1071  1.7964
   335   174   117  5.1045  1.7949
   330   178   121  5.0928  1.7775
   330   183   116  5.0914  1.7901
   344   186   117  5.0843  1.7834
   343   188   122  5.0803  1.7678
   341   174   117  5.0767  1.7790
   339   188   120  5.0719  1.7683
   337   174   118  5.0674  1.7711
   333   174   122  5.0626  1.7578
   344   188   118  5.0596  1.7666
   330   184   118  5.0580  1.7657
   330   177   122  5.0568  1.7545
   336   174   118  5.0559  1.7645
   330   178   120  5.0532  1.7577
   338   174   118  5.0475  1.7598
   332   174   114  5.0470  1.7700
   330   177   118  5.0466  1.7592
   330   183   120  5.0456  1.7534
   342   188   122  5.0448  1.7478
   339   188   121  5.0445  1.7502
   344   188   121  5.0439  1.7498
   330   184   119  5.0423  1.7542
   340   188   121  5.0408  1.7481
   330   182   113  5.0406  1.7690
   344   184   116  5.0398  1.7606
   338   188   121  5.0384  1.7467
   341   188   121  5.0344  1.7445
   330   179   116  5.0344  1.7576
   343   188   121  5.0342  1.7444
   330   184   117  5.0331  1.7542
   340   174   119  5.0328  1.7488
   342   188   121  5.0312  1.7427
   344   188   119  5.0294  1.7469
   330   177   113  5.0268  1.7611
   338   188   120  5.0265  1.7427
   343   188   118  5.0218  1.7452
   344   175   117  5.0186  1.7460
   335   174   118  5.0159  1.7419
   337   188   121  5.0149  1.7336
   341   188   122  5.0149  1.7310
   343   188   119  5.0119  1.7370
   333   174   120  5.0038  1.7299
   341   173   121  6.1699  2.4634
   342   173   121  6.1358  2.4392
   340   173   121  6.1348  2.4385
   341   173   120  6.0437  2.3788
   339   173   121  6.0384  2.3713
   343   173   121  6.0297  2.3653
   342   173   120  6.0279  2.3679
   340   173   120  5.9952  2.3454
   341   173   122  5.9779  2.3260
   345   178   121  5.9614  2.3185
   345   179   121  5.9570  2.3155
   345   178   120  5.9561  2.3186
   345   177   120  5.9486  2.3136
   345   179   120  5.9479  2.3131
   340   173   122  5.9474  2.3053
   345   177   121  5.9462  2.3082
   343   173   120  5.9455  2.3115
   342   173   122  5.9437  2.3028
   345   180   121  5.9326  2.2990
   345   180   120  5.9285  2.2999
   345   176   120  5.9190  2.2935
   345   176   121  5.9100  2.2837
   345   181   119  5.9064  2.2887
   345   180   119  5.9013  2.2852
   345   179   122  5.9002  2.2735
   345   181   120  5.9001  2.2808
   345   178   122  5.8947  2.2699
   338   173   121  5.8935  2.2727
   339   173   120  5.8905  2.2743
   345   181   121  5.8878  2.2688
   345   180   122  5.8872  2.2649
   345   177   122  5.8692  2.2528
   345   182   120  5.8637  2.2564
   345   182   119  5.8597  2.2573
   339   173   122  5.8594  2.2463
   345   175   120  5.8579  2.2525
   345   181   122  5.8566  2.2444
   344   173   121  5.8542  2.2464
   345   175   121  5.8486  2.2427
   343   173   122  5.8437  2.2359
   345   180   117  5.8373  2.2496
   345   179   119  5.8287  2.2367
   345   182   121  5.8229  2.2256
   345   176   122  5.8204  2.2205
   345   179   117  5.8193  2.2376
   345   183   120  5.8186  2.2264
   345   182   122  5.8088  2.2129
   344   173   120  5.7997  2.2139
   345   181   118  5.7823  2.2095
   345   181   117  5.7805  2.2118
   345   183   119  5.7748  2.2010
   345   182   118  5.7639  2.1974
   345   184   120  5.7627  2.1896
   345   180   118  5.7614  2.1958
   345   174   120  5.7545  2.1843
   345   174   121  5.7540  2.1805
   345   183   122  5.7444  2.1708
   338   173   120  5.7427  2.1765
   345   175   122  5.7424  2.1695
   345   183   121  5.7388  2.1706
   338   173   122  5.7262  2.1590
   337   173   121  5.7159  2.1557
   345   183   118  5.7150  2.1654
   345   178   117  5.7093  2.1651
   345   185   120  5.6928  2.1442
   345   179   118  5.6883  2.1481
   344   173   122  5.6812  2.1301
   345   178   119  5.6726  2.1346
   345   182   117  5.6669  2.1377
   345   184   122  5.6636  2.1188
   345   184   119  5.6625  2.1281
   345   184   118  5.6401  2.1171
   345   184   121  5.6368  2.1050
   345   174   122  5.6270  2.0955
   345   173   121  5.6159  2.0918
   345   186   120  5.6044  2.0877
   345   173   120  5.5977  2.0835
   337   173   120  5.5679  2.0647
   345   185   122  5.5661  2.0571
   337   173   122  5.5638  2.0557
   345   178   118  5.5472  2.0581
   345   185   118  5.5409  2.0542
   345   185   119  5.5304  2.0444
   336   173   121  5.5216  2.0326
   345   185   121  5.5176  2.0301
   345   183   117  5.5136  2.0403
   345   177   117  5.4944  2.0283
   345   187   120  5.4923  2.0176
   345   173   122  5.4641  1.9940
   345   186   122  5.4508  1.9859
   345   179   116  5.4329  1.9933
   345   180   116  5.4212  1.9861
   345   177   119  5.4191  1.9757
   345   186   118  5.4172  1.9775
   336   173   122  5.3887  1.9481
   345   186   119  5.3827  1.9535
   336   173   120  5.3817  1.9499
   345   186   121  5.3814  1.9467
   345   188   120  5.3514  1.9316
   345   178   116  5.3501  1.9427
   345   184   117  5.3345  1.9303
   345   181   116  5.3314  1.9314
   345   177   118  5.3234  1.9207
   335   173   121  5.3228  1.9116
   345   187   122  5.3159  1.9045
   329   180   114  5.2914  1.9133
   329   179   114  5.2908  1.9129
   345   187   118  5.2682  1.8877
   329   181   114  5.2420  1.8837
   329   178   114  5.2363  1.8803
   345   187   121  5.2281  1.8556
   345   187   119  5.2206  1.8568
   335   173   122  5.2139  1.8445
   335   173   120  5.1953  1.8393
   345   182   116  5.1815  1.8423
   345   189   120  5.1770  1.8286
   345   176   117  5.1702  1.8330
   345   177   116  5.1608  1.8302
   345   188   122  5.1587  1.8126
   329   182   114  5.1455  1.8269
   345   185   117  5.1392  1.8150
   329   181   122  5.1369  1.8001
   334   173   121  5.1257  1.7964
   329   177   114  5.1224  1.8134
   329   181   118  5.1152  1.7984
   329   182   122  5.1149  1.7875
   329   180   118  5.1147  1.7981
   329   180   122  5.1127  1.7862
   344   189   120  5.1025  1.7857
   345   188   118  5.0931  1.7857
   329   180   119  5.0811  1.7762
   329   181   119  5.0740  1.7722
   329   179   118  5.0667  1.7706
   329   182   118  5.0648  1.7696
   345   176   119  5.0614  1.7650
   345   188   121  5.0580  1.7578
   329   179   122  5.0489  1.7501
   334   173   122  5.0460  1.7485
   329   179   119  5.0454  1.7559
   329   183   122  5.0429  1.7467
   345   188   119  5.0427  1.7544
   343   189   120  5.0291  1.7441
   329   182   119  5.0181  1.7405
   329   181   117  5.0150  1.7440
   334   173   120  5.0134  1.7353
   345   176   118  5.0080  1.7374
   329   183   114  5.0057  1.7465
   341   172   121  6.0252  2.3621
   340   172   121  5.9959  2.3420
   342   172   121  5.9823  2.3328
   341   172   120  5.9184  2.2931
   339   172   121  5.9020  2.2784
   342   172   120  5.8849  2.2706
   340   172   120  5.8823  2.2688
   343   172   121  5.8652  2.2537
   346   179   120  5.8271  2.2320
   346   180   120  5.8258  2.2312
   341   172   122  5.8224  2.2218
   346   178   120  5.8183  2.2262
   346   181   120  5.8174  2.2256
   346   182   120  5.8025  2.2157
   340   172   122  5.7993  2.2066
   346   177   120  5.7938  2.2100
   339   172   120  5.7846  2.2040
   343   172   120  5.7802  2.2011
   346   183   120  5.7799  2.2009
   342   172   122  5.7768  2.1919
   346   179   121  5.7690  2.1902
   346   180   121  5.7647  2.1875
   338   172   121  5.7563  2.1819
   346   178   121  5.7547  2.1809
   346   184   120  5.7469  2.1793
   346   176   120  5.7453  2.1782
   346   181   121  5.7416  2.1724
   346   181   119  5.7321  2.1731
   346   180   122  5.7298  2.1613
   346   179   122  5.7272  2.1596
   346   177   121  5.7219  2.1596
   346   181   122  5.7180  2.1537
   339   172   122  5.7148  2.1516
   346   178   122  5.7087  2.1477
   346   180   119  5.7078  2.1573
   346   182   119  5.7068  2.1566
   346   182   121  5.6994  2.1451
   346   185   120  5.6992  2.1484
   346   182   122  5.6923  2.1371
   344   172   121  5.6766  2.1304
   346   177   122  5.6713  2.1237
   346   176   121  5.6690  2.1255
   346   175   120  5.6623  2.1246
   346   182   118  5.6623  2.1313
   343   172   122  5.6613  2.1173
   346   181   118  5.6613  2.1307
   346   183   122  5.6524  2.1116
   346   183   119  5.6456  2.1173
   346   183   121  5.6390  2.1064
   338   172   120  5.6387  2.1095
   346   183   118  5.6331  2.1126
   346   186   120  5.6315  2.1049
   346   180   118  5.6213  2.1050
   346   179   119  5.6181  2.0997
   346   176   122  5.6101  2.0848
   344   172   120  5.6084  2.0902
   346   184   122  5.5978  2.0771
   346   175   121  5.5910  2.0760
   338   172   122  5.5818  2.0670
   346   184   118  5.5783  2.0777
   337   172   121  5.5744  2.0655
   346   184   121  5.5610  2.0572
   346   184   119  5.5594  2.0626
   346   180   117  5.5452  2.0601
   346   187   120  5.5376  2.0457
   346   174   120  5.5336  2.0433
   346   179   118  5.5296  2.0471
   346   185   122  5.5272  2.0329
   346   175   122  5.5176  2.0269
   346   179   117  5.5149  2.0411
   346   181   117  5.5037  2.0341
   346   185   118  5.4996  2.0284
   344   172   122  5.4805  2.0041
   346   174   121  5.4798  2.0067
   346   185   121  5.4658  1.9981
   337   172   120  5.4608  1.9981
   346   185   119  5.4551  1.9977
   346   178   119  5.4469  1.9927
   346   186   122  5.4384  1.9783
   345   172   121  5.4243  1.9727
   337   172   122  5.4170  1.9653
   346   188   120  5.4111  1.9677
   346   182   117  5.4089  1.9755
   346   186   118  5.3971  1.9652
   346   178   117  5.3962  1.9678
   346   174   122  5.3848  1.9458
   345   172   120  5.3786  1.9480
   336   172   121  5.3724  1.9413
   346   178   118  5.3714  1.9496
   346   186   121  5.3530  1.9296
   346   173   120  5.3492  1.9303
   346   186   119  5.3358  1.9252
   346   187   122  5.3285  1.9121
   346   173   121  5.3258  1.9133
   346   183   117  5.2775  1.8962
   346   187   118  5.2697  1.8887
   336   172   120  5.2665  1.8810
   346   189   120  5.2465  1.8692
   345   172   122  5.2437  1.8619
   336   172   122  5.2374  1.8583
   346   187   121  5.2220  1.8520
   346   173   122  5.2026  1.8380
   346   187   119  5.2013  1.8456
   346   188   122  5.1941  1.8330
   346   177   119  5.1817  1.8341
   346   177   117  5.1778  1.8374
   335   172   121  5.1631  1.8179
   346   179   116  5.1336  1.8145
   346   177   118  5.1330  1.8087
   346   184   117  5.1231  1.8057
   346   172   121  5.1203  1.7932
   346   180   116  5.1195  1.8063
   346   188   118  5.1163  1.7990
   346   172   120  5.1031  1.7861
   346   188   121  5.0725  1.7660
   335   172   120  5.0672  1.7656
   335   172   122  5.0565  1.7544
   346   178   116  5.0539  1.7687
   346   188   119  5.0488  1.7578
   346   190   120  5.0403  1.7504
   346   189   122  5.0316  1.7403
   346   181   116  5.0285  1.7542
   341   171   121  5.8344  2.2333
   340   171   121  5.8204  2.2240
   342   171   121  5.7751  2.1943
   341   171   120  5.7431  2.1768
   347   183   120  5.7410  2.1754
   339   171   121  5.7394  2.1709
   347   182   120  5.7389  2.1741
   347   184   120  5.7312  2.1690
   340   171   120  5.7306  2.1687
   347   181   120  5.7288  2.1675
   347   180   120  5.7127  2.1571
   347   185   120  5.7045  2.1518
   347   179   120  5.6906  2.1428
   342   171   120  5.6829  2.1379
   347   178   120  5.6593  2.1227
   347   186   120  5.6551  2.1200
   339   171   120  5.6523  2.1182
   343   171   121  5.6416  2.1081
   341   171   122  5.6168  2.0891
   347   177   120  5.6124  2.0928
   340   171   122  5.6111  2.0854
   338   171   121  5.6025  2.0833
   347   181   121  5.5884  2.0744
   347   180   121  5.5854  2.0725
   347   187   120  5.5761  2.0699
   347   182   121  5.5731  2.0648
   347   182   122  5.5715  2.0605
   347   181   122  5.5709  2.0601
   347   179   121  5.5645  2.0594
   347   183   122  5.5593  2.0529
   347   180   122  5.5588  2.0526
   347   182   118  5.5528  2.0617
   342   171   122  5.5517  2.0482
   343   171   120  5.5498  2.0534
   347   182   119  5.5470  2.0548
   347   181   119  5.5469  2.0548
   347   183   118  5.5448  2.0566
   339   171   122  5.5409  2.0414
   347   176   120  5.5405  2.0475
   347   183   121  5.5394  2.0437
   347   179   122  5.5354  2.0380
   347   184   122  5.5324  2.0362
   347   181   118  5.5299  2.0473
   347   178   121  5.5267  2.0357
   338   171   120  5.5202  2.0349
   347   183   119  5.5130  2.0335
   347   184   118  5.5102  2.0350
   347   180   119  5.4998  2.0253
   347   178   122  5.4990  2.0155
   347   185   122  5.4884  2.0089
   347   184   121  5.4872  2.0113
   347   177   121  5.4717  2.0017
   347   180   118  5.4680  2.0088
   347   188   120  5.4605  1.9980
   347   184   119  5.4548  1.9975
   347   185   118  5.4510  1.9983
   347   177   122  5.4456  1.9827
   344   171   121  5.4379  1.9810
   347   175   120  5.4321  1.9806
   337   171   121  5.4244  1.9728
   347   186   122  5.4240  1.9695
   338   171   122  5.4183  1.9661
   347   185   121  5.4162  1.9678
   343   171   122  5.4157  1.9645
   347   176   121  5.3974  1.9564
   347   179   119  5.3902  1.9581
   347   185   119  5.3783  1.9508
   347   176   122  5.3687  1.9361
   347   186   118  5.3672  1.9471
   347   179   118  5.3553  1.9399
   344   171   120  5.3496  1.9305
   337   171   120  5.3489  1.9301
   347   187   122  5.3358  1.9164
   347   186   121  5.3255  1.9132
   347   189   120  5.3024  1.9023
   347   175   121  5.2989  1.8974
   347   186   119  5.2857  1.8953
   347   174   120  5.2764  1.8869
   347   175   122  5.2595  1.8712
   337   171   122  5.2592  1.8710
   347   187   118  5.2582  1.8818
   347   180   117  5.2225  1.8636
   336   171   121  5.2200  1.8509
   347   188   122  5.2195  1.8478
   344   171   122  5.2144  1.8449
   347   187   121  5.2143  1.8476
   347   178   119  5.2035  1.8468
   347   181   117  5.2006  1.8507
   347   178   118  5.1784  1.8350
   347   179   117  5.1781  1.8376
   347   187   119  5.1754  1.8305
   345   171   121  5.1729  1.8235
   347   174   121  5.1685  1.8210
   336   171   120  5.1526  1.8145
   347   182   117  5.1298  1.8095
   347   188   118  5.1225  1.8026
   347   174   122  5.1088  1.7840
   347   190   120  5.0979  1.7831
   345   171   120  5.0933  1.7805
   347   188   121  5.0819  1.7713
   336   171   122  5.0799  1.7676
   347   189   122  5.0708  1.7624
   347   173   120  5.0650  1.7644
   347   178   117  5.0517  1.7647
   347   188   119  5.0436  1.7549
   347   183   117  5.0262  1.7503
   335   171   121  5.0022  1.7265
   348   184   120  5.7041  2.1515
   348   185   120  5.6968  2.1468
   348   183   120  5.6912  2.1432
   348   182   120  5.6638  2.1256
   348   186   120  5.6631  2.1251
   348   181   120  5.6266  2.1019
   348   187   120  5.5961  2.0825
   340   170   121  5.5957  2.0790
   341   170   121  5.5873  2.0737
   348   180   120  5.5831  2.0743
   339   170   121  5.5358  2.0414
   348   179   120  5.5340  2.0435
   340   170   120  5.5237  2.0370
   342   170   121  5.5064  2.0232
   341   170   120  5.5043  2.0250
   348   188   120  5.4886  2.0153
   348   178   120  5.4766  2.0079
   339   170   120  5.4746  2.0066
   348   184   122  5.4610  1.9921
   348   183   122  5.4594  1.9911
   348   183   118  5.4440  1.9940
   348   185   122  5.4427  1.9809
   348   182   122  5.4418  1.9804
   348   182   121  5.4402  1.9824
   348   183   121  5.4347  1.9791
   348   182   118  5.4303  1.9855
   348   184   118  5.4294  1.9850
   348   181   121  5.4263  1.9740
   338   170   121  5.4164  1.9679
   342   170   120  5.4121  1.9683
   348   181   122  5.4117  1.9621
   348   184   121  5.4090  1.9634
   348   177   120  5.4041  1.9635
   348   186   122  5.4005  1.9553
   348   180   121  5.3944  1.9546
   348   185   118  5.3882  1.9599
   348   181   118  5.3843  1.9575
   348   182   119  5.3779  1.9506
   348   183   119  5.3734  1.9479
   348   180   122  5.3720  1.9381
   338   170   120  5.3664  1.9406
   340   170   122  5.3644  1.9335
   348   185   121  5.3620  1.9350
   343   170   121  5.3541  1.9303
   348   181   119  5.3498  1.9336
   348   179   121  5.3459  1.9253
   341   170   122  5.3458  1.9224
   348   184   119  5.3445  1.9304
   348   189   120  5.3347  1.9216
   348   187   122  5.3302  1.9130
   348   179   122  5.3241  1.9094
   348   186   118  5.3209  1.9192
   339   170   122  5.3166  1.9050
   348   176   120  5.3063  1.9046
   348   180   118  5.2992  1.9062
   348   185   119  5.2956  1.9012
   348   186   121  5.2922  1.8934
   348   178   121  5.2818  1.8872
   348   180   119  5.2774  1.8904
   348   178   122  5.2665  1.8753
   342   170   122  5.2565  1.8694
   337   170   121  5.2496  1.8682
   343   170   120  5.2487  1.8705
   348   186   119  5.2276  1.8610
   348   188   122  5.2272  1.8523
   348   187   118  5.2269  1.8633
   338   170   122  5.2124  1.8437
   337   170   120  5.2108  1.8483
   348   177   121  5.2020  1.8404
   348   187   121  5.1984  1.8383
   348   177   122  5.1946  1.8333
   348   175   120  5.1716  1.8255
   348   179   118  5.1649  1.8271
   348   179   119  5.1473  1.8142
   348   187   119  5.1382  1.8089
   344   170   121  5.1361  1.8023
   348   190   120  5.1307  1.8019
   348   188   118  5.1050  1.7925
   348   176   121  5.1043  1.7841
   348   176   122  5.1006  1.7794
   343   170   122  5.0982  1.7780
   348   189   122  5.0870  1.7716
   348   188   121  5.0799  1.7702
   337   170   122  5.0657  1.7595
   336   170   121  5.0489  1.7527
   348   188   119  5.0229  1.7432
   344   170   120  5.0220  1.7401
   336   170   120  5.0196  1.7388
   349   185   120  5.6635  2.1254
   349   184   120  5.6532  2.1188
   349   186   120  5.6434  2.1125
   349   183   120  5.6188  2.0968
   349   187   120  5.5861  2.0762
   349   182   120  5.5664  2.0637
   349   181   120  5.5018  2.0234
   349   188   120  5.4852  2.0132
   349   180   120  5.4297  1.9791
   349   185   122  5.3823  1.9443
   349   184   122  5.3764  1.9407
   349   186   122  5.3595  1.9306
   349   179   120  5.3520  1.9320
   349   183   122  5.3468  1.9230
   349   189   120  5.3347  1.9216
   349   184   118  5.3300  1.9247
   349   183   118  5.3257  1.9221
   349   184   121  5.3192  1.9094
   349   183   121  5.3187  1.9091
   340   169   121  5.3125  1.9054
   349   185   118  5.3052  1.9098
   349   187   122  5.3033  1.8971
   349   182   122  5.2988  1.8944
   349   182   121  5.2958  1.8955
   349   185   121  5.2953  1.8952
   349   182   118  5.2908  1.9012
   339   169   121  5.2788  1.8855
   341   169   121  5.2781  1.8850
   349   178   120  5.2668  1.8812
   349   181   121  5.2525  1.8699
   349   186   118  5.2518  1.8781
   340   169   120  5.2483  1.8703
   349   186   121  5.2452  1.8656
   349   181   122  5.2378  1.8585
   339   169   120  5.2343  1.8620
   349   184   119  5.2235  1.8585
   349   183   119  5.2231  1.8583
   349   181   118  5.2223  1.8606
   349   188   122  5.2092  1.8418
   349   185   119  5.2011  1.8454
   349   182   119  5.1974  1.8433
   341   169   120  5.1936  1.8383
   349   180   121  5.1914  1.8342
   338   169   121  5.1829  1.8293
   342   169   121  5.1744  1.8244
   349   187   118  5.1699  1.8300
   349   180   122  5.1685  1.8182
   349   177   120  5.1673  1.8230
   349   187   121  5.1672  1.8202
   338   169   120  5.1571  1.8171
   349   186   119  5.1557  1.8190
   349   181   119  5.1404  1.8102
   349   190   120  5.1313  1.8023
   349   179   121  5.1147  1.7900
   349   180   118  5.1147  1.7981
   349   179   122  5.0939  1.7755
   349   187   119  5.0841  1.7779
   349   189   122  5.0727  1.7635
   342   169   120  5.0689  1.7666
   349   188   121  5.0606  1.7593
   349   188   118  5.0587  1.7661
   340   169   122  5.0451  1.7479
   349   176   120  5.0434  1.7522
   349   180   119  5.0428  1.7545
   337   169   121  5.0340  1.7443
   337   169   120  5.0250  1.7418
   349   178   121  5.0240  1.7387
   339   169   122  5.0240  1.7361
   349   178   122  5.0133  1.7301
   343   169   121  5.0048  1.7279
   350   185   120  5.5943  2.0813
   350   186   120  5.5864  2.0764
   350   184   120  5.5678  2.0646
   350   187   120  5.5381  2.0461
   350   183   120  5.5131  2.0305
   350   188   120  5.4435  1.9875
   350   182   120  5.4367  1.9834
   350   181   120  5.3455  1.9281
   350   185   122  5.2999  1.8950
   350   189   120  5.2972  1.8992
   350   186   122  5.2936  1.8913
   350   184   122  5.2721  1.8786
   350   187   122  5.2483  1.8646
   350   180   120  5.2452  1.8684
   350   183   122  5.2161  1.8458
   350   184   121  5.2108  1.8455
   350   185   121  5.2091  1.8445
   350   184   118  5.2080  1.8523
   350   185   118  5.1977  1.8463
   350   183   118  5.1866  1.8397
   350   183   121  5.1851  1.8306
   350   186   121  5.1778  1.8263
   350   188   122  5.1594  1.8130
   350   186   118  5.1564  1.8222
   350   179   120  5.1391  1.8067
   350   182   122  5.1386  1.8011
   350   182   121  5.1352  1.8018
   350   182   118  5.1322  1.8082
   350   187   121  5.1148  1.7901
   350   190   120  5.0964  1.7823
   350   185   119  5.0890  1.7807
   350   184   119  5.0865  1.7793
   350   187   118  5.0847  1.7809
   350   181   121  5.0641  1.7613
   350   186   119  5.0639  1.7664
   350   183   119  5.0583  1.7632
   350   181   122  5.0470  1.7490
   350   181   118  5.0431  1.7573
   350   178   120  5.0261  1.7424
   350   189   122  5.0231  1.7356
   350   188   121  5.0192  1.7360
   350   187   119  5.0078  1.7347
   350   182   119  5.0037  1.7324
   351   186   120  5.4882  2.0150
   351   185   120  5.4836  2.0122
   351   187   120  5.4496  1.9913
   351   184   120  5.4414  1.9862
   351   183   120  5.3673  1.9412
   351   188   120  5.3628  1.9385
   351   182   120  5.2681  1.8820
   351   189   120  5.2230  1.8554
   351   186   122  5.1984  1.8355
   351   185   122  5.1907  1.8311
   351   187   122  5.1613  1.8141
   351   181   120  5.1515  1.8139
   351   184   122  5.1436  1.8039
   351   185   121  5.0984  1.7807
   351   186   121  5.0854  1.7734
   351   184   121  5.0788  1.7696
   351   188   122  5.0754  1.7650
   351   185   118  5.0657  1.7701
   351   183   122  5.0635  1.7583
   351   184   118  5.0628  1.7684
   351   187   121  5.0375  1.7462
   351   186   118  5.0354  1.7529
   351   183   121  5.0297  1.7419
   351   190   120  5.0277  1.7434
   351   183   118  5.0259  1.7475
   351   180   120  5.0244  1.7415
   352   186   120  5.3509  1.9313
   352   185   120  5.3323  1.9202
   352   187   120  5.3245  1.9155
   352   184   120  5.2734  1.8851
   352   188   120  5.2483  1.8703
   352   183   120  5.1799  1.8303
   352   189   120  5.1182  1.7947
   352   186   122  5.0731  1.7637
   352   182   120  5.0587  1.7608
   352   185   122  5.0534  1.7526
   352   187   122  5.0430  1.7468
   353   186   120  5.1823  1.8317
   353   187   120  5.1712  1.8253
   353   185   120  5.1467  1.8111
   353   188   120  5.1093  1.7896
   353   184   120  5.0691  1.7667
