#   X     Y     Z      S       D
   135   289   174  6.3230  2.4008
   136   289   174  6.3016  2.3865
   135   288   174  6.2720  2.3668
   135   290   174  6.2586  2.3580
   134   289   174  6.2541  2.3550
   136   290   174  6.2530  2.3543
   136   288   174  6.2377  2.3442
   134   288   174  6.2190  2.3319
   134   290   174  6.1753  2.3034
   135   290   173  6.0713  2.2382
   135   289   173  6.0659  2.2347
   134   290   173  6.0631  2.2329
   134   289   173  6.0629  2.2328
   136   290   173  6.0119  2.2005
   136   289   173  6.0001  2.1931
   134   288   173  5.9728  2.1760
   135   288   173  5.9707  2.1746
   134   290   175  5.9496  2.1585
   135   290   175  5.9392  2.1520
   134   289   175  5.9183  2.1391
   135   289   175  5.9019  2.1290
   136   288   173  5.9008  2.1313
   136   290   175  5.8470  2.0954
   136   289   175  5.8056  2.0703
   134   288   175  5.7984  2.0660
   135   288   175  5.7748  2.0518
   136   288   175  5.6757  1.9929
   137   289   174  6.1936  2.3153
   137   290   174  6.1590  2.2928
   137   288   174  6.1221  2.2690
   135   287   174  6.1103  2.2614
   133   289   174  6.0996  2.2546
   136   291   174  6.0978  2.2534
   135   291   174  6.0883  2.2474
   133   288   174  6.0803  2.2422
   134   287   174  6.0713  2.2365
   136   287   174  6.0685  2.2348
   137   291   174  6.0215  2.2050
   133   290   174  6.0108  2.1982
   134   291   174  5.9954  2.1886
   133   289   173  5.9933  2.1888
   133   290   173  5.9914  2.1876
   135   291   173  5.9899  2.1866
   134   291   173  5.9788  2.1797
   137   287   174  5.9538  2.1626
   133   287   174  5.9506  2.1606
   136   291   173  5.9367  2.1535
   133   291   173  5.9090  2.1364
   133   288   173  5.9078  2.1356
   134   291   175  5.8909  2.1223
   137   290   173  5.8856  2.1219
   135   291   175  5.8832  2.1175
   133   290   175  5.8790  2.1149
   137   289   173  5.8682  2.1112
   133   289   175  5.8543  2.0999
   133   291   174  5.8293  2.0860
   133   291   175  5.8190  2.0784
   137   291   173  5.8181  2.0807
   134   287   173  5.7979  2.0685
   136   291   175  5.7943  2.0635
   135   287   173  5.7928  2.0655
   137   288   173  5.7678  2.0504
   133   288   175  5.7444  2.0336
   133   287   173  5.7378  2.0324
   136   287   173  5.7235  2.0239
   137   290   175  5.6764  1.9933
   137   289   175  5.6339  1.9684
   137   291   175  5.6269  1.9643
   134   287   175  5.5989  1.9480
   137   287   173  5.5953  1.9486
   135   287   175  5.5694  1.9310
   133   287   175  5.5559  1.9232
   137   288   175  5.5066  1.8950
   135   289   172  5.5030  1.8969
   136   290   172  5.4985  1.8943
   136   289   172  5.4942  1.8919
   135   290   172  5.4930  1.8912
   136   287   175  5.4707  1.8747
   134   289   172  5.4486  1.8660
   137   290   172  5.4423  1.8625
   135   288   172  5.4277  1.8542
   137   289   172  5.4254  1.8530
   134   290   172  5.4247  1.8526
   136   291   172  5.4183  1.8490
   136   288   172  5.4044  1.8412
   135   291   172  5.4012  1.8394
   134   288   172  5.3901  1.8332
   137   291   172  5.3748  1.8247
   133   289   172  5.3316  1.8008
   137   288   172  5.3256  1.7975
   134   291   172  5.3250  1.7971
   137   287   175  5.3094  1.7849
   133   290   172  5.2968  1.7816
   133   288   172  5.2901  1.7779
   135   287   172  5.2736  1.7689
   134   287   172  5.2529  1.7577
   136   287   172  5.2383  1.7498
   133   291   172  5.1943  1.7261
   133   287   172  5.1725  1.7144
   137   287   172  5.1541  1.7046
   138   289   174  6.0098  2.1976
   138   290   174  5.9853  2.1822
   138   288   174  5.9376  2.1525
   135   290   171  5.9373  2.1571
   135   289   171  5.9340  2.1551
   134   289   171  5.9316  2.1536
   134   290   171  5.9255  2.1498
   136   290   171  5.8762  2.1193
   132   289   174  5.8721  2.1121
   132   288   174  5.8653  2.1080
   138   291   174  5.8651  2.1079
   132   289   173  5.8643  2.1089
   132   290   173  5.8642  2.1088
   136   289   171  5.8624  2.1109
   135   291   171  5.8610  2.1101
   133   289   171  5.8566  2.1073
   135   286   174  5.8555  2.1020
   136   292   174  5.8546  2.1014
   134   288   171  5.8503  2.1035
   133   290   171  5.8434  2.0993
   135   288   171  5.8434  2.0993
   134   291   171  5.8416  2.0982
   135   292   174  5.8336  2.0887
   135   292   173  5.8332  2.0899
   134   286   174  5.8264  2.0843
   134   292   173  5.8233  2.0839
   136   286   174  5.8130  2.0762
   136   291   171  5.8115  2.0798
   137   292   174  5.7963  2.0661
   132   291   173  5.7890  2.0631
   133   288   171  5.7851  2.0639
   136   292   173  5.7838  2.0600
   132   288   173  5.7813  2.0585
   132   290   174  5.7798  2.0561
   138   287   174  5.7787  2.0555
   136   288   171  5.7643  2.0513
   133   292   173  5.7601  2.0458
   133   291   171  5.7568  2.0468
   132   287   174  5.7546  2.0410
   134   292   175  5.7477  2.0355
   137   290   171  5.7445  2.0395
   135   292   175  5.7383  2.0300
   134   292   174  5.7382  2.0312
   132   290   175  5.7321  2.0263
   133   286   174  5.7230  2.0222
   135   292   171  5.7207  2.0252
   137   289   171  5.7205  2.0251
   132   289   171  5.7154  2.0221
   132   289   175  5.7134  2.0151
   137   286   174  5.7075  2.0130
   132   290   171  5.6982  2.0119
   138   290   173  5.6973  2.0084
   134   292   171  5.6967  2.0110
   137   291   171  5.6937  2.0092
   134   287   171  5.6817  2.0021
   136   292   171  5.6816  2.0021
   133   292   175  5.6802  1.9955
   138   289   173  5.6769  1.9963
   132   291   175  5.6728  1.9912
   137   292   173  5.6724  1.9937
   135   287   171  5.6675  1.9937
   138   292   174  5.6612  1.9857
   132   288   171  5.6532  1.9853
   132   292   173  5.6517  1.9815
   136   292   175  5.6507  1.9782
   138   291   173  5.6368  1.9728
   133   287   171  5.6274  1.9702
   137   288   171  5.6180  1.9647
   132   287   173  5.6169  1.9611
   132   288   175  5.6147  1.9572
   132   291   171  5.6135  1.9621
   133   292   171  5.6134  1.9620
   132   291   174  5.6056  1.9532
   136   287   171  5.5856  1.9459
   133   292   174  5.5798  1.9382
   138   288   173  5.5795  1.9394
   137   292   171  5.5790  1.9420
   134   286   173  5.5532  1.9243
   138   286   174  5.5504  1.9213
   138   290   171  5.5494  1.9249
   135   286   173  5.5489  1.9218
   132   286   174  5.5488  1.9204
   132   292   175  5.5411  1.9147
   138   289   171  5.5170  1.9063
   138   291   171  5.5129  1.9039
   132   287   171  5.5085  1.9014
   138   292   173  5.4999  1.8938
   133   286   173  5.4968  1.8920
   137   292   175  5.4873  1.8841
   136   286   173  5.4852  1.8854
   132   292   171  5.4772  1.8836
   137   287   171  5.4420  1.8637
   132   287   175  5.4405  1.8576
   134   286   171  5.4365  1.8606
   138   290   175  5.4349  1.8545
   135   286   171  5.4183  1.8503
   138   287   173  5.4166  1.8467
   138   292   171  5.4156  1.8488
   138   288   171  5.4141  1.8480
   138   289   175  5.3951  1.8322
   133   286   171  5.3923  1.8358
   138   291   175  5.3879  1.8283
   132   286   173  5.3828  1.8278
   132   292   174  5.3737  1.8215
   137   286   173  5.3677  1.8194
   136   286   171  5.3393  1.8063
   134   286   175  5.3360  1.7995
   138   290   172  5.3274  1.7985
   135   286   175  5.3038  1.7818
   133   286   175  5.3025  1.7812
   138   289   172  5.3017  1.7843
   132   286   171  5.2883  1.7783
   138   288   175  5.2764  1.7669
   138   291   172  5.2718  1.7680
   136   292   172  5.2642  1.7639
   138   292   175  5.2547  1.7552
   138   287   171  5.2463  1.7554
   135   292   172  5.2408  1.7511
   137   292   172  5.2312  1.7459
   136   286   175  5.2102  1.7311
   137   286   171  5.2053  1.7332
   138   286   173  5.2043  1.7302
   132   286   175  5.2023  1.7269
   138   288   172  5.1980  1.7280
   134   292   172  5.1640  1.7098
   132   289   172  5.1579  1.7066
   138   292   172  5.1405  1.6974
   132   288   172  5.1311  1.6924
   132   290   172  5.1167  1.6847
   138   287   175  5.0941  1.6695
   137   286   175  5.0619  1.6526
   135   286   172  5.0564  1.6530
   134   286   172  5.0498  1.6496
   133   292   172  5.0395  1.6443
   132   287   172  5.0338  1.6413
   138   287   172  5.0281  1.6383
   138   286   171  5.0252  1.6380
   132   291   172  5.0176  1.6329
   136   286   172  5.0136  1.6308
   139   289   174  5.7650  2.0473
   139   290   174  5.7453  2.0355
   139   288   174  5.6990  2.0080
   131   290   173  5.6919  2.0052
   131   289   173  5.6860  2.0017
   139   291   174  5.6396  1.9730
   131   291   173  5.6281  1.9677
   135   293   173  5.6178  1.9617
   134   293   173  5.6130  1.9589
   131   288   173  5.6030  1.9530
   135   290   170  5.5924  1.9513
   131   288   174  5.5892  1.9437
   134   290   170  5.5889  1.9493
   131   289   174  5.5884  1.9432
   134   289   170  5.5849  1.9469
   135   289   170  5.5824  1.9455
   136   293   173  5.5687  1.9332
   133   293   173  5.5601  1.9282
   139   287   174  5.5567  1.9249
   136   293   174  5.5504  1.9213
   136   290   170  5.5459  1.9243
   135   293   171  5.5342  1.9161
   135   285   174  5.5337  1.9117
   133   290   170  5.5335  1.9172
   133   289   170  5.5331  1.9170
   134   293   175  5.5300  1.9084
   136   289   170  5.5289  1.9146
   135   293   174  5.5230  1.9056
   135   291   170  5.5205  1.9098
   131   289   171  5.5180  1.9069
   131   290   175  5.5171  1.9010
   135   293   175  5.5153  1.9000
   134   291   170  5.5129  1.9054
   134   285   174  5.5097  1.8980
   134   293   171  5.5088  1.9016
   137   293   174  5.5078  1.8969
   131   292   173  5.5058  1.8971
   136   293   171  5.5034  1.8985
   131   289   175  5.5026  1.8928
   131   290   174  5.5002  1.8926
   131   290   171  5.5000  1.8966
   134   288   170  5.4996  1.8978
   136   285   174  5.4968  1.8907
   131   287   174  5.4955  1.8900
   135   288   170  5.4912  1.8930
   136   291   170  5.4809  1.8871
   133   293   175  5.4717  1.8752
   132   293   173  5.4658  1.8744
   131   288   171  5.4639  1.8760
   137   293   173  5.4623  1.8724
   131   291   175  5.4607  1.8690
   139   292   174  5.4568  1.8680
   133   291   170  5.4567  1.8734
   139   290   173  5.4543  1.8679
   133   288   170  5.4532  1.8714
   137   290   170  5.4505  1.8699
   131   287   173  5.4438  1.8620
   139   289   173  5.4349  1.8570
   136   288   170  5.4323  1.8596
   134   293   174  5.4321  1.8541
   133   293   171  5.4306  1.8573
   136   293   175  5.4271  1.8501
   137   289   170  5.4267  1.8565
   132   289   170  5.4241  1.8550
   132   290   170  5.4235  1.8547
   131   291   171  5.4211  1.8519
   133   285   174  5.4210  1.8479
   131   288   175  5.4149  1.8433
   137   293   171  5.4149  1.8484
   137   285   174  5.4067  1.8399
   139   291   173  5.3985  1.8366
   138   293   174  5.3943  1.8330
   137   291   170  5.3941  1.8382
   135   292   170  5.3728  1.8263
   134   292   170  5.3637  1.8213
   139   286   174  5.3528  1.8100
   132   291   170  5.3499  1.8136
   132   288   170  5.3482  1.8126
   139   288   173  5.3452  1.8070
   132   293   175  5.3448  1.8044
   131   291   174  5.3418  1.8039
   134   287   170  5.3389  1.8075
   136   292   170  5.3387  1.8073
   131   292   175  5.3385  1.8009
   131   293   173  5.3360  1.8019
   131   287   171  5.3332  1.8030
   137   288   170  5.3265  1.8006
   135   287   170  5.3262  1.8005
   131   286   174  5.3134  1.7883
   133   292   170  5.3104  1.7917
   138   290   170  5.3062  1.7895
   132   293   171  5.3048  1.7873
   139   290   171  5.3013  1.7854
   138   293   173  5.2981  1.7811
   133   287   170  5.2980  1.7849
   131   292   171  5.2958  1.7824
   133   293   174  5.2892  1.7750
   139   291   171  5.2773  1.7723
   138   289   170  5.2772  1.7736
   138   285   174  5.2729  1.7661
   139   292   173  5.2700  1.7658
   138   293   171  5.2696  1.7681
   132   285   174  5.2691  1.7641
   137   293   175  5.2682  1.7625
   136   287   170  5.2651  1.7670
   139   289   171  5.2639  1.7650
   134   285   173  5.2609  1.7608
   135   285   173  5.2608  1.7607
   137   292   170  5.2603  1.7644
   138   291   170  5.2583  1.7632
   131   290   170  5.2577  1.7629
   131   287   175  5.2571  1.7564
   131   289   170  5.2561  1.7620
   131   286   173  5.2189  1.7381
   139   293   174  5.2139  1.7342
   132   292   170  5.2107  1.7375
   136   285   173  5.2070  1.7317
   133   285   173  5.2060  1.7311
   132   287   170  5.1990  1.7312
   139   292   171  5.1974  1.7290
   139   287   173  5.1965  1.7260
   131   291   170  5.1910  1.7268
   131   288   170  5.1826  1.7223
   138   288   170  5.1769  1.7192
   139   288   171  5.1650  1.7116
   137   287   170  5.1606  1.7105
   135   293   170  5.1605  1.7105
   139   290   172  5.1579  1.7066
   131   293   175  5.1565  1.7025
   134   293   170  5.1526  1.7063
   131   293   171  5.1367  1.6966
   131   292   174  5.1349  1.6921
   138   292   170  5.1349  1.6969
   139   290   175  5.1342  1.6906
   134   285   171  5.1341  1.6952
   131   286   171  5.1312  1.6936
   136   293   170  5.1299  1.6942
   139   289   172  5.1281  1.6908
   135   285   171  5.1154  1.6853
   134   286   170  5.1151  1.6864
   139   290   170  5.1118  1.6846
   139   291   172  5.1117  1.6821
   132   293   174  5.1076  1.6776
   133   293   170  5.1052  1.6811
   137   285   173  5.1044  1.6771
   139   285   174  5.1035  1.6755
   135   286   170  5.1009  1.6789
   139   289   175  5.1005  1.6729
   132   285   173  5.0990  1.6743
   133   285   171  5.0979  1.6760
   139   291   175  5.0884  1.6665
   139   289   170  5.0811  1.6684
   133   286   170  5.0787  1.6672
   139   293   173  5.0782  1.6633
   139   293   171  5.0708  1.6618
   139   291   170  5.0708  1.6630
   131   292   170  5.0631  1.6590
   131   285   174  5.0607  1.6531
   137   293   170  5.0592  1.6569
   136   293   172  5.0535  1.6515
   138   293   175  5.0448  1.6437
   136   285   171  5.0440  1.6477
   136   286   170  5.0420  1.6479
   131   287   170  5.0397  1.6467
   131   286   175  5.0386  1.6405
   134   285   175  5.0304  1.6363
   135   293   172  5.0298  1.6392
   137   293   172  5.0267  1.6376
   139   288   172  5.0266  1.6376
   138   287   170  5.0165  1.6347
   132   293   170  5.0158  1.6343
   139   287   171  5.0102  1.6302
   132   285   171  5.0087  1.6294
   133   285   175  5.0034  1.6223
   139   286   173  5.0030  1.6242
   135   289   169  6.1057  2.2673
   135   290   169  6.0768  2.2488
   136   289   169  6.0762  2.2483
   134   289   169  6.0650  2.2412
   136   290   169  6.0636  2.2403
   135   288   169  6.0357  2.2225
   134   290   169  6.0223  2.2140
   134   288   169  6.0093  2.2058
   136   288   169  5.9924  2.1951
   137   290   169  5.9839  2.1898
   137   289   169  5.9810  2.1880
   136   291   169  5.9593  2.1744
   135   291   169  5.9566  2.1727
   133   289   169  5.9526  2.1702
   133   288   169  5.9092  2.1432
   133   290   169  5.9008  2.1380
   137   291   169  5.8974  2.1359
   134   291   169  5.8909  2.1318
   137   288   169  5.8867  2.1293
   135   287   169  5.8676  2.1175
   134   287   169  5.8537  2.1089
   138   290   169  5.8413  2.1014
   138   289   169  5.8266  2.0924
   136   287   169  5.8152  2.0854
   136   292   169  5.7738  2.0603
   138   291   169  5.7714  2.0589
   132   289   169  5.7704  2.0583
   133   287   169  5.7672  2.0564
   133   291   169  5.7652  2.0552
   135   292   169  5.7580  2.0509
   132   288   169  5.7354  2.0373
   137   292   169  5.7290  2.0335
   138   288   169  5.7273  2.0324
   132   290   169  5.7161  2.0257
   137   287   169  5.7058  2.0196
   134   292   169  5.6857  2.0077
   139   290   169  5.6403  1.9809
   138   292   169  5.6216  1.9699
   139   289   169  5.6192  1.9685
   135   286   169  5.6111  1.9638
   132   287   169  5.6067  1.9612
   134   286   169  5.6063  1.9609
   132   291   169  5.5845  1.9482
   139   291   169  5.5834  1.9476
   133   292   169  5.5615  1.9349
   136   286   169  5.5554  1.9314
   138   287   169  5.5495  1.9280
   133   286   169  5.5333  1.9186
   131   289   169  5.5244  1.9135
   139   288   169  5.5221  1.9122
   136   293   169  5.5208  1.9115
   135   293   169  5.4964  1.8975
   131   288   169  5.4934  1.8958
   137   293   169  5.4905  1.8941
   130   290   173  5.4841  1.8847
   131   290   169  5.4743  1.8849
   140   289   174  5.4738  1.8777
   130   289   173  5.4692  1.8763
   140   290   174  5.4535  1.8662
   139   292   169  5.4513  1.8719
   137   286   169  5.4497  1.8709
   130   291   173  5.4342  1.8566
   134   293   169  5.4228  1.8557
   140   288   174  5.4198  1.8472
   138   293   169  5.4012  1.8436
   132   292   169  5.3908  1.8378
   132   286   169  5.3893  1.8370
   140   290   169  5.3857  1.8349
   130   288   173  5.3839  1.8284
   131   287   169  5.3764  1.8297
   140   289   169  5.3649  1.8234
   134   294   173  5.3625  1.8166
   135   294   173  5.3598  1.8151
   140   291   174  5.3578  1.8127
   139   287   169  5.3552  1.8179
   131   291   169  5.3544  1.8175
   140   291   169  5.3371  1.8079
   130   292   173  5.3284  1.7977
   133   294   173  5.3211  1.7937
   135   294   171  5.3178  1.7945
   136   294   173  5.3081  1.7866
   133   293   169  5.3055  1.7905
   138   286   169  5.3045  1.7899
   140   287   174  5.2990  1.7804
   134   294   171  5.2933  1.7810
   136   294   171  5.2927  1.7807
   134   285   169  5.2845  1.7790
   135   285   169  5.2842  1.7788
   140   288   169  5.2773  1.7750
   130   289   171  5.2767  1.7719
   130   288   174  5.2692  1.7641
   130   289   174  5.2665  1.7627
   130   290   171  5.2601  1.7629
   139   293   169  5.2507  1.7605
   134   294   175  5.2505  1.7529
   130   290   175  5.2445  1.7496
   132   294   173  5.2406  1.7498
   130   289   175  5.2323  1.7430
   136   285   169  5.2310  1.7498
   130   287   173  5.2292  1.7436
   135   294   175  5.2291  1.7413
   130   288   171  5.2290  1.7460
   130   289   169  5.2246  1.7463
   133   285   169  5.2239  1.7459
   133   294   171  5.2219  1.7422
   140   292   169  5.2203  1.7440
   137   294   171  5.2161  1.7390
   136   294   169  5.2149  1.7411
   136   294   174  5.2139  1.7342
   137   294   173  5.2042  1.7302
   133   294   175  5.2038  1.7277
   137   294   169  5.1954  1.7305
   140   292   174  5.1935  1.7233
   130   288   169  5.1934  1.7295
   130   291   175  5.1933  1.7221
   130   291   171  5.1896  1.7248
   130   287   174  5.1892  1.7210
   130   290   174  5.1889  1.7208
   135   294   169  5.1865  1.7258
   135   294   174  5.1848  1.7186
   130   290   169  5.1844  1.7246
   137   294   174  5.1830  1.7176
   131   292   169  5.1782  1.7213
   131   286   169  5.1774  1.7209
   130   293   173  5.1745  1.7143
   135   284   174  5.1739  1.7128
   140   290   173  5.1647  1.7091
   130   288   175  5.1547  1.7015
   134   284   174  5.1512  1.7007
   140   289   173  5.1506  1.7015
   132   293   169  5.1491  1.7057
   136   284   174  5.1461  1.6980
   136   294   175  5.1399  1.6936
   137   285   169  5.1354  1.6984
   139   286   169  5.1285  1.6948
   131   294   173  5.1251  1.6880
   140   286   174  5.1229  1.6857
   138   294   169  5.1222  1.6914
   134   294   169  5.1163  1.6883
   130   287   171  5.1123  1.6836
   140   291   173  5.1103  1.6802
   132   294   171  5.1070  1.6808
   134   294   174  5.1033  1.6754
   132   285   169  5.0983  1.6788
   132   294   175  5.0917  1.6682
   138   294   174  5.0886  1.6677
   138   294   171  5.0872  1.6704
   130   287   169  5.0863  1.6725
   130   292   175  5.0826  1.6635
   130   291   169  5.0822  1.6703
   130   292   171  5.0770  1.6650
   133   284   174  5.0744  1.6602
   137   284   174  5.0742  1.6601
   140   288   173  5.0731  1.6607
   130   291   174  5.0521  1.6486
   138   294   173  5.0467  1.6469
   130   290   170  5.0366  1.6451
   130   289   170  5.0301  1.6417
   130   286   174  5.0300  1.6371
   130   286   173  5.0148  1.6303
   130   287   175  5.0143  1.6279
   140   290   171  5.0124  1.6313
   133   294   169  5.0095  1.6323
   135   290   168  6.0226  2.2161
   136   290   168  5.9931  2.1975
   135   289   168  5.9875  2.1939
   134   290   168  5.9773  2.1875
   135   291   168  5.9639  2.1791
   134   289   168  5.9581  2.1755
   136   291   168  5.9472  2.1687
   136   289   168  5.9431  2.1661
   134   291   168  5.9072  2.1437
   137   290   168  5.8892  2.1326
   133   290   168  5.8604  2.1149
   135   288   168  5.8570  2.1128
   137   291   168  5.8561  2.1122
   133   289   168  5.8560  2.1122
   134   288   168  5.8451  2.1055
   137   289   168  5.8274  2.0946
   135   292   168  5.8212  2.0909
   136   292   168  5.8134  2.0861
   136   288   168  5.7987  2.0772
   133   291   168  5.7818  2.0670
   133   288   168  5.7614  2.0546
   134   292   168  5.7591  2.0532
   137   292   168  5.7336  2.0379
   138   290   168  5.7150  2.0268
   138   291   168  5.6929  2.0136
   132   289   168  5.6854  2.0092
   132   290   168  5.6783  2.0050
   137   288   168  5.6747  2.0029
   138   289   168  5.6457  1.9857
   134   287   168  5.6431  1.9842
   135   287   168  5.6399  1.9823
   133   292   168  5.6326  1.9780
   135   293   168  5.6092  1.9643
   132   288   168  5.6080  1.9636
   136   293   168  5.6058  1.9623
   132   291   168  5.5955  1.9563
   138   292   168  5.5831  1.9491
   133   287   168  5.5780  1.9461
   136   287   168  5.5720  1.9426
   134   293   168  5.5475  1.9285
   137   293   168  5.5348  1.9211
   138   288   168  5.4918  1.8964
   139   290   168  5.4771  1.8880
   139   291   168  5.4636  1.8804
   131   289   168  5.4544  1.8751
   132   292   168  5.4499  1.8726
   137   287   168  5.4458  1.8703
   132   287   168  5.4443  1.8694
   131   290   168  5.4401  1.8670
   133   293   168  5.4264  1.8593
   139   289   168  5.4059  1.8478
   138   293   168  5.3970  1.8428
   131   288   168  5.3909  1.8394
   139   292   168  5.3668  1.8259
   134   286   168  5.3668  1.8259
   131   291   168  5.3582  1.8211
   135   286   168  5.3537  1.8186
   135   294   168  5.3436  1.8130
   136   294   168  5.3411  1.8116
   133   286   168  5.3169  1.7982
   134   294   168  5.2865  1.7815
   136   286   168  5.2832  1.7797
   137   294   168  5.2767  1.7761
   138   287   168  5.2691  1.7720
   139   288   168  5.2580  1.7659
   132   293   168  5.2536  1.7635
   129   290   173  5.2478  1.7537
   131   287   168  5.2461  1.7594
   129   289   173  5.2230  1.7403
   131   292   168  5.2208  1.7456
   129   291   173  5.2122  1.7345
   132   286   168  5.2020  1.7355
   139   293   168  5.1962  1.7324
   140   290   168  5.1847  1.7262
   140   291   168  5.1765  1.7218
   133   294   168  5.1750  1.7210
   130   289   168  5.1736  1.7202
   137   286   168  5.1627  1.7144
   130   290   168  5.1571  1.7114
   138   294   168  5.1509  1.7080
   141   289   174  5.1478  1.6989
   129   288   173  5.1341  1.6928
   140   287   169  5.1284  1.6947
   141   290   174  5.1223  1.6854
   129   292   173  5.1219  1.6863
   130   288   168  5.1201  1.6917
   140   289   168  5.1170  1.6900
   141   288   174  5.1094  1.6786
   140   292   168  5.0921  1.6768
   141   290   169  5.0829  1.6707
   135   295   171  5.0827  1.6680
   134   295   173  5.0810  1.6648
   130   291   168  5.0809  1.6709
   135   295   173  5.0709  1.6595
   141   289   169  5.0684  1.6630
   136   295   171  5.0613  1.6568
   134   295   171  5.0600  1.6561
   139   287   168  5.0499  1.6547
   133   295   173  5.0495  1.6483
   140   293   169  5.0395  1.6479
   131   293   168  5.0384  1.6486
   135   295   168  5.0384  1.6486
   141   291   169  5.0379  1.6470
   134   285   168  5.0369  1.6479
   136   295   168  5.0352  1.6469
   141   291   174  5.0321  1.6382
   131   286   168  5.0244  1.6413
   135   285   168  5.0216  1.6399
   132   294   168  5.0161  1.6370
   136   295   173  5.0157  1.6308
   141   287   174  5.0123  1.6279
   138   285   169  5.0076  1.6313
   129   289   171  5.0035  1.6267
   138   286   168  5.0001  1.6287
   135   289   167  5.4243  1.8597
   134   289   167  5.3952  1.8433
   136   289   167  5.3943  1.8428
   135   288   167  5.3820  1.8359
   135   290   167  5.3817  1.8358
   134   288   167  5.3614  1.8244
   136   290   167  5.3612  1.8243
   136   288   167  5.3448  1.8152
   134   290   167  5.3439  1.8147
   137   289   167  5.3080  1.7948
   133   289   167  5.3064  1.7939
   137   290   167  5.2834  1.7812
   133   288   167  5.2805  1.7797
   135   291   167  5.2612  1.7691
   135   287   167  5.2564  1.7665
   137   288   167  5.2546  1.7655
   136   291   167  5.2500  1.7630
   133   290   167  5.2493  1.7626
   134   287   167  5.2418  1.7585
   134   291   167  5.2172  1.7451
   136   287   167  5.2166  1.7448
   137   291   167  5.1826  1.7265
   138   289   167  5.1704  1.7199
   133   287   167  5.1688  1.7191
   132   289   167  5.1603  1.7145
   138   290   167  5.1514  1.7097
   132   288   167  5.1399  1.7036
   137   287   167  5.1283  1.6974
   133   291   167  5.1212  1.6936
   138   288   167  5.1174  1.6916
   132   290   167  5.1022  1.6835
   135   292   167  5.0767  1.6701
   136   292   167  5.0719  1.6676
   138   291   167  5.0604  1.6615
   135   286   167  5.0581  1.6603
   134   286   167  5.0455  1.6537
   132   287   167  5.0364  1.6489
   134   292   167  5.0310  1.6461
   136   286   167  5.0210  1.6409
   137   292   167  5.0143  1.6374
   135   289   166  6.0143  2.2149
   134   289   166  6.0060  2.2096
   135   290   166  5.9998  2.2057
   134   290   166  5.9793  2.1927
   136   289   166  5.9523  2.1757
   136   290   166  5.9506  2.1747
   134   288   166  5.9460  2.1718
   135   288   166  5.9418  2.1692
   133   289   166  5.9301  2.1619
   135   291   166  5.9023  2.1446
   133   290   166  5.8944  2.1397
   133   288   166  5.8822  2.1321
   134   291   166  5.8725  2.1261
   136   288   166  5.8697  2.1244
   136   291   166  5.8660  2.1221
   137   290   166  5.8307  2.1004
   137   289   166  5.8217  2.0949
   134   287   166  5.8019  2.0828
   132   289   166  5.7927  2.0772
   135   287   166  5.7875  2.0740
   133   291   166  5.7840  2.0719
   137   291   166  5.7596  2.0572
   132   288   166  5.7544  2.0541
   132   290   166  5.7533  2.0534
   133   287   166  5.7511  2.0520
   137   288   166  5.7337  2.0416
   135   292   166  5.7333  2.0413
   136   287   166  5.7100  2.0274
   136   292   166  5.7073  2.0258
   134   292   166  5.6988  2.0207
   132   291   166  5.6462  1.9895
   138   290   166  5.6427  1.9874
   132   287   166  5.6368  1.9839
   138   289   166  5.6276  1.9785
   137   292   166  5.6147  1.9710
   133   292   166  5.6129  1.9699
   131   289   166  5.6024  1.9637
   134   286   166  5.5861  1.9542
   138   291   166  5.5831  1.9525
   137   287   166  5.5752  1.9478
   131   288   166  5.5699  1.9447
   135   286   166  5.5653  1.9421
   131   290   166  5.5652  1.9420
   133   286   166  5.5470  1.9315
   138   288   166  5.5406  1.9278
   135   293   166  5.5077  1.9088
   136   293   166  5.4882  1.8977
   136   286   166  5.4880  1.8975
   132   292   166  5.4850  1.8958
   134   293   166  5.4738  1.8894
   131   291   166  5.4681  1.8861
   131   287   166  5.4645  1.8841
   138   292   166  5.4530  1.8776
   132   286   166  5.4478  1.8746
   137   293   166  5.4079  1.8520
   133   293   166  5.3958  1.8452
   139   290   166  5.3922  1.8432
   138   287   166  5.3905  1.8423
   139   289   166  5.3772  1.8348
   137   286   166  5.3607  1.8256
   139   291   166  5.3400  1.8141
   134   285   166  5.3184  1.8021
   139   288   166  5.2982  1.7909
   135   285   166  5.2950  1.7892
   131   286   166  5.2923  1.7877
   133   285   166  5.2884  1.7855
   138   293   166  5.2618  1.7709
   139   292   166  5.2229  1.7498
   136   285   166  5.2227  1.7496
   138   286   166  5.1906  1.7322
   139   287   166  5.1636  1.7177
   137   285   166  5.1074  1.6877
   130   289   166  5.3688  1.8301
   130   290   166  5.3390  1.8135
   130   288   166  5.3380  1.8130
   131   292   166  5.3230  1.8046
   132   293   166  5.2824  1.7822
   130   291   166  5.2570  1.7683
   130   287   166  5.2430  1.7607
   135   294   166  5.2407  1.7594
   136   294   166  5.2242  1.7504
   134   294   166  5.2112  1.7434
   132   285   166  5.2039  1.7394
   137   294   166  5.1535  1.7123
   133   294   166  5.1443  1.7074
   131   293   166  5.1397  1.7049
   130   292   166  5.1320  1.7008
   130   286   166  5.0877  1.6773
   140   290   166  5.0859  1.6764
   140   289   166  5.0776  1.6719
   131   285   166  5.0670  1.6664
   139   293   166  5.0485  1.6566
   132   294   166  5.0470  1.6558
   140   291   166  5.0357  1.6499
   138   294   166  5.0226  1.6431
   134   284   166  5.0201  1.6418
   140   288   166  5.0135  1.6384
   129   289   166  5.1014  1.6846
   129   290   166  5.0822  1.6744
   129   288   166  5.0693  1.6676
   129   291   166  5.0179  1.6407
