#   X     Y     Z      S       D
   346   202   149  5.4305  1.8992
   345   202   149  5.4227  1.8947
   346   201   149  5.4187  1.8924
   345   201   149  5.4015  1.8824
   345   203   149  5.3932  1.8777
   346   203   149  5.3893  1.8754
   347   202   149  5.3691  1.8639
   347   201   149  5.3666  1.8624
   347   203   149  5.3175  1.8345
   347   201   148  4.6100  1.4626
   347   202   148  4.5769  1.4463
   347   203   148  4.5166  1.4170
   346   201   148  4.4681  1.3937
   346   202   148  4.4504  1.3852
   346   203   148  4.4049  1.3636
   345   201   148  4.3080  1.3183
   345   202   148  4.3046  1.3167
   345   203   148  4.2724  1.3018
   346   200   149  5.3558  1.8563
   344   202   149  5.3383  1.8463
   345   200   149  5.3315  1.8424
   344   203   149  5.3199  1.8358
   347   200   149  5.3120  1.8314
   345   204   149  5.3116  1.8312
   344   201   149  5.3097  1.8300
   346   204   149  5.2936  1.8210
   348   201   149  5.2538  1.7986
   344   204   149  5.2526  1.7980
   348   202   149  5.2491  1.7960
   344   200   149  5.2357  1.7885
   347   204   149  5.2102  1.7743
   348   200   149  5.2070  1.7726
   348   203   149  5.1904  1.7634
   348   204   149  5.0757  1.7008
   348   202   147  4.9592  1.6427
   348   203   147  4.9432  1.6342
   348   201   147  4.9374  1.6312
   348   200   147  4.8906  1.6066
   348   204   147  4.8774  1.5998
   347   203   147  4.7597  1.5393
   347   202   147  4.7582  1.5385
   348   200   148  4.7572  1.5361
   348   201   148  4.7320  1.5234
   347   201   147  4.7201  1.5192
   347   204   147  4.7120  1.5151
   348   202   148  4.6833  1.4989
   347   200   147  4.6589  1.4885
   347   200   148  4.6208  1.4679
   348   203   148  4.6070  1.4611
   346   203   147  4.5369  1.4285
   346   202   147  4.5215  1.4210
   346   204   147  4.5033  1.4122
   348   204   148  4.4984  1.4082
   346   201   147  4.4697  1.3961
   346   200   148  4.4639  1.3917
   347   204   148  4.4237  1.3725
   346   200   147  4.3957  1.3609
   346   204   148  4.3260  1.3266
   345   200   148  4.2891  1.3095
   345   203   147  4.2865  1.3098
   345   204   147  4.2625  1.2988
   345   202   147  4.2616  1.2984
   345   204   148  4.2057  1.2713
   345   201   147  4.1999  1.2701
   344   202   148  4.1387  1.2411
   344   201   148  4.1297  1.2371
   344   203   148  4.1180  1.2319
   345   200   147  4.1157  1.2322
   344   200   148  4.0979  1.2229
   344   204   148  4.0619  1.2070
   344   203   147  4.0186  1.1893
   344   204   147  3.9995  1.1809
   344   202   147  3.9888  1.1762
   344   201   147  3.9216  1.1472
   344   200   147  3.8313  1.1087
   346   199   149  5.2444  1.7934
   349   202   146  5.2221  1.7876
   345   199   149  5.2152  1.7771
   347   199   149  5.2083  1.7733
   349   203   146  5.2062  1.7788
   349   201   146  5.1793  1.7638
   345   205   149  5.1770  1.7560
   343   202   149  5.1758  1.7554
   343   203   149  5.1659  1.7499
   343   201   149  5.1431  1.7374
   346   205   149  5.1431  1.7374
   344   205   149  5.1351  1.7331
   349   204   146  5.1248  1.7338
   344   199   149  5.1187  1.7241
   348   199   149  5.1121  1.7205
   349   202   147  5.1119  1.7246
   343   204   149  5.1117  1.7203
   349   201   147  5.1080  1.7225
   348   202   146  5.0977  1.7190
   348   203   146  5.0925  1.7162
   349   201   149  5.0907  1.7089
   349   200   146  5.0852  1.7123
   349   202   149  5.0818  1.7041
   349   203   147  5.0761  1.7052
   349   200   147  5.0760  1.7052
   343   200   149  5.0696  1.6975
   349   200   149  5.0502  1.6871
   347   205   149  5.0469  1.6853
   348   201   146  5.0464  1.6912
   349   199   147  5.0257  1.6781
   348   204   146  5.0236  1.6790
   349   203   149  5.0202  1.6710
   343   205   149  5.0112  1.6662
   349   204   147  4.9897  1.6588
   349   205   146  4.9730  1.6520
   349   199   149  4.9643  1.6414
   343   199   149  4.9573  1.6377
   349   199   146  4.9474  1.6384
   348   200   146  4.9460  1.6377
   347   203   146  4.9248  1.6265
   347   202   146  4.9211  1.6246
   348   205   149  4.9047  1.6101
   349   204   149  4.9033  1.6093
   348   205   146  4.8854  1.6059
   349   199   148  4.8837  1.6011
   349   200   148  4.8690  1.5934
   347   204   146  4.8663  1.5959
   347   201   146  4.8629  1.5941
   349   205   147  4.8439  1.5824
   349   201   148  4.8310  1.5738
   348   199   147  4.8295  1.5749
   348   199   146  4.8039  1.5637
   349   202   148  4.7673  1.5413
   348   199   148  4.7616  1.5383
   347   200   146  4.7576  1.5400
   348   205   147  4.7524  1.5355
   347   205   146  4.7396  1.5309
   349   205   149  4.7304  1.5208
   346   203   146  4.7102  1.5161
   346   202   146  4.6999  1.5109
   349   203   148  4.6745  1.4945
   346   204   146  4.6597  1.4907
   346   201   146  4.6365  1.4792
   347   199   148  4.6128  1.4640
   347   199   146  4.6128  1.4674
   347   205   147  4.6054  1.4620
   347   199   147  4.5868  1.4529
   349   204   148  4.5487  1.4326
   346   205   146  4.5422  1.4328
   346   200   146  4.5280  1.4259
   345   203   146  4.4554  1.3909
   346   199   148  4.4422  1.3813
   345   202   146  4.4407  1.3838
   346   205   147  4.4112  1.3682
   345   204   146  4.4106  1.3695
   349   205   148  4.3869  1.3552
   346   199   146  4.3823  1.3561
   345   201   146  4.3744  1.3524
   348   205   148  4.3537  1.3396
   346   199   147  4.3128  1.3220
   345   205   146  4.3002  1.3177
   347   205   148  4.2940  1.3118
   345   200   146  4.2650  1.3014
   345   199   148  4.2534  1.2931
   346   205   148  4.2093  1.2730
   345   205   147  4.1805  1.2614
   344   203   146  4.1665  1.2565
   344   202   146  4.1496  1.2489
   344   204   146  4.1256  1.2381
   345   199   146  4.1211  1.2361
   345   205   148  4.1002  1.2239
   344   201   146  4.0832  1.2191
   344   199   148  4.0496  1.2015
   345   199   147  4.0236  1.1915
   344   205   146  4.0214  1.1919
   344   200   146  3.9762  1.1721
   344   205   148  3.9663  1.1652
   343   202   148  3.9521  1.1590
   343   203   148  3.9408  1.1542
   343   201   148  3.9333  1.1510
   344   205   147  3.9234  1.1480
   343   204   148  3.8937  1.1340
   343   200   148  3.8913  1.1330
   343   203   146  3.8502  1.1180
   344   199   146  3.8377  1.1127
   343   202   146  3.8335  1.1109
   343   199   148  3.8330  1.1082
   343   204   146  3.8122  1.1019
   343   205   148  3.8071  1.0974
   343   201   146  3.7700  1.0842
   343   203   147  3.7395  1.0704
   344   199   147  3.7331  1.0677
   343   204   147  3.7213  1.0628
   343   205   146  3.7141  1.0610
   343   202   147  3.7094  1.0579
   343   200   146  3.6693  1.0426
   343   205   147  3.6477  1.0327
   343   201   147  3.6417  1.0303
   343   200   147  3.5505  0.9935
   343   199   146  3.5406  0.9907
   350   202   146  5.2875  1.8244
   350   203   146  5.2596  1.8087
   350   201   146  5.2544  1.8058
   350   201   147  5.2213  1.7850
   350   202   147  5.2070  1.7770
   350   200   147  5.2043  1.7755
   350   200   146  5.1681  1.7577
   350   199   147  5.1645  1.7535
   350   204   146  5.1645  1.7557
   350   203   147  5.1509  1.7460
   350   198   147  5.1076  1.7223
   346   198   149  5.0888  1.7079
   347   198   149  5.0599  1.6923
   345   198   149  5.0564  1.6904
   350   204   147  5.0430  1.6873
   350   199   146  5.0365  1.6860
   350   205   146  4.9982  1.6654
   345   206   149  4.9900  1.6549
   348   198   149  4.9740  1.6465
   350   199   148  4.9740  1.6485
   350   198   148  4.9715  1.6471
   344   206   149  4.9673  1.6430
   349   198   147  4.9631  1.6447
   344   198   149  4.9623  1.6403
   350   200   148  4.9513  1.6365
   342   202   149  4.9422  1.6297
   346   206   149  4.9390  1.6281
   342   203   149  4.9379  1.6275
   342   201   149  4.9095  1.6126
   350   201   148  4.9024  1.6108
   342   204   149  4.8947  1.6049
   350   201   149  4.8881  1.6014
   350   202   149  4.8776  1.5960
   350   205   147  4.8762  1.5991
   349   198   148  4.8756  1.5969
   350   198   146  4.8681  1.5969
   343   206   149  4.8636  1.5888
   350   200   149  4.8526  1.5831
   342   200   149  4.8412  1.5772
   349   198   149  4.8383  1.5757
   347   206   149  4.8298  1.5713
   350   202   148  4.8250  1.5708
   350   203   149  4.8168  1.5647
   342   205   149  4.8103  1.5614
   343   198   149  4.8093  1.5608
   350   199   149  4.7758  1.5437
   349   198   146  4.7735  1.5481
   350   200   145  4.7719  1.5492
   350   201   145  4.7688  1.5476
   348   198   147  4.7610  1.5399
   350   206   146  4.7609  1.5417
   349   206   146  4.7495  1.5359
   348   198   148  4.7459  1.5304
   342   199   149  4.7388  1.5250
   350   199   145  4.7367  1.5313
   350   202   145  4.7243  1.5250
   350   203   148  4.7160  1.5153
   350   204   149  4.7024  1.5067
   342   206   149  4.6835  1.4972
   348   206   149  4.6800  1.4955
   348   206   146  4.6754  1.4985
   349   201   145  4.6714  1.4984
   350   198   145  4.6663  1.4958
   350   198   149  4.6633  1.4872
   349   200   145  4.6633  1.4943
   350   206   147  4.6478  1.4830
   349   202   145  4.6429  1.4842
   350   203   145  4.6356  1.4805
   349   206   147  4.6348  1.4765
   348   198   146  4.6271  1.4745
   349   199   145  4.6218  1.4736
   342   198   149  4.6049  1.4583
   347   198   148  4.5874  1.4515
   349   203   145  4.5747  1.4505
   350   204   148  4.5723  1.4441
   348   206   147  4.5630  1.4413
   349   198   145  4.5496  1.4381
   347   206   146  4.5417  1.4326
   350   205   149  4.5333  1.4235
   348   201   145  4.5267  1.4270
   348   202   145  4.5158  1.4217
   347   198   147  4.5119  1.4164
   348   200   145  4.5055  1.4167
   349   206   149  4.5047  1.4096
   350   204   145  4.5008  1.4144
   348   203   145  4.4686  1.3989
   349   204   145  4.4636  1.3965
   348   199   145  4.4560  1.3928
   347   198   146  4.4354  1.3813
   347   206   147  4.4342  1.3791
   346   198   148  4.4054  1.3639
   350   205   148  4.3921  1.3576
   348   198   145  4.3814  1.3573
   348   204   145  4.3806  1.3569
   346   206   146  4.3547  1.3431
   347   202   145  4.3486  1.3419
   347   201   145  4.3421  1.3388
   347   203   145  4.3212  1.3291
   350   205   145  4.3192  1.3281
   350   206   149  4.3126  1.3189
   347   200   145  4.3072  1.3225
   349   205   145  4.3069  1.3224
   346   206   147  4.2551  1.2954
   347   204   145  4.2541  1.2979
   347   199   145  4.2488  1.2955
   348   205   145  4.2477  1.2950
   346   198   147  4.2310  1.2843
   346   198   146  4.2067  1.2747
   345   198   148  4.2047  1.2709
   349   206   148  4.1885  1.2635
   350   206   148  4.1759  1.2579
   348   206   148  4.1712  1.2557
   347   198   145  4.1712  1.2601
   346   202   145  4.1470  1.2491
   347   205   145  4.1420  1.2469
   346   203   145  4.1366  1.2445
   347   206   148  4.1254  1.2352
   346   201   145  4.1249  1.2392
   345   206   146  4.1219  1.2364
   349   206   145  4.1042  1.2299
   350   206   145  4.0923  1.2246
   346   204   145  4.0868  1.2222
   346   200   145  4.0772  1.2179
   348   206   145  4.0674  1.2135
   346   206   148  4.0526  1.2029
   345   206   147  4.0356  1.1967
   346   199   145  4.0105  1.1884
   346   205   145  3.9914  1.1801
   344   198   148  3.9897  1.1753
   347   206   145  3.9812  1.1756
   345   206   148  3.9537  1.1598
   345   198   146  3.9504  1.1609
   345   198   147  3.9353  1.1531
   346   198   145  3.9302  1.1535
   345   203   145  3.9182  1.1483
   345   202   145  3.9157  1.1473
   345   201   145  3.8816  1.1326
   345   204   145  3.8813  1.1325
   344   206   146  3.8521  1.1188
   346   206   145  3.8462  1.1175
   344   206   148  3.8293  1.1067
   345   200   145  3.8241  1.1082
   345   205   145  3.7981  1.0972
   344   206   147  3.7860  1.0897
   343   198   148  3.7641  1.0794
   345   199   145  3.7512  1.0776
   342   202   148  3.7452  1.0716
   342   203   148  3.7409  1.0698
   342   201   148  3.7197  1.0610
   342   204   148  3.7014  1.0535
   343   206   148  3.6790  1.0443
   344   198   146  3.6759  1.0453
   342   200   148  3.6711  1.0411
   345   198   145  3.6701  1.0441
   344   203   145  3.6697  1.0439
   345   206   145  3.6647  1.0419
   344   202   145  3.6593  1.0397
   344   204   145  3.6407  1.0321
   344   198   147  3.6403  1.0297
   342   205   148  3.6228  1.0215
   344   201   145  3.6182  1.0229
   342   199   148  3.6065  1.0149
   344   205   145  3.5656  1.0017
   344   200   145  3.5555  0.9977
   343   206   146  3.5548  0.9963
   342   198   148  3.5319  0.9851
   342   203   146  3.5157  0.9807
   343   206   147  3.5152  0.9795
   342   206   148  3.5032  0.9737
   342   202   146  3.5011  0.9749
   351   202   146  5.2892  1.8253
   351   201   147  5.2727  1.8137
   351   200   147  5.2698  1.8121
   351   201   146  5.2669  1.8127
   351   203   146  5.2489  1.8027
   351   202   147  5.2410  1.7959
   351   199   147  5.2403  1.7955
   351   200   146  5.1899  1.7697
   351   198   147  5.1898  1.7674
   351   203   147  5.1655  1.7540
   351   204   146  5.1401  1.7422
   351   197   147  5.1208  1.7295
   351   199   146  5.0670  1.7024
   351   204   147  5.0377  1.6845
   350   197   147  5.0357  1.6834
   351   198   148  5.0288  1.6776
   351   199   148  5.0273  1.6768
   351   197   148  5.0039  1.6643
   351   200   148  4.9987  1.6616
   351   205   146  4.9599  1.6451
   350   197   148  4.9435  1.6324
   351   201   148  4.9412  1.6312
   351   198   146  4.9072  1.6173
   346   197   149  4.8962  1.6057
   349   197   147  4.8898  1.6062
   347   197   149  4.8746  1.5944
   345   197   149  4.8621  1.5880
   351   202   148  4.8520  1.5847
   351   205   147  4.8519  1.5865
   349   197   148  4.8438  1.5804
   351   200   145  4.8247  1.5763
   351   201   145  4.8129  1.5703
   348   197   149  4.8003  1.5562
   351   199   145  4.7939  1.5605
   344   197   149  4.7726  1.5421
   351   202   145  4.7549  1.5406
   345   207   149  4.7533  1.5323
   344   207   149  4.7509  1.5311
   351   203   148  4.7281  1.5214
   351   198   145  4.7248  1.5252
   351   197   146  4.7194  1.5207
   351   206   146  4.7103  1.5161
   348   197   148  4.7090  1.5118
   348   197   147  4.6871  1.5026
   346   207   149  4.6854  1.4982
   349   197   149  4.6796  1.4953
   350   197   146  4.6709  1.4963
   343   207   149  4.6698  1.4904
   351   201   149  4.6561  1.4837
   341   202   149  4.6552  1.4832
   341   203   149  4.6538  1.4825
   351   203   145  4.6480  1.4867
   351   202   149  4.6450  1.4781
   343   197   149  4.6309  1.4711
   341   201   149  4.6257  1.4686
   351   200   149  4.6255  1.4685
   351   197   145  4.6213  1.4734
   341   204   149  4.6198  1.4657
   351   206   147  4.6069  1.4628
   351   203   149  4.5871  1.4496
   349   197   146  4.5710  1.4469
   351   204   148  4.5669  1.4414
   341   200   149  4.5663  1.4395
   347   207   149  4.5639  1.4383
   350   197   145  4.5637  1.4450
   351   199   149  4.5587  1.4358
   351   200   144  4.5573  1.4437
   351   201   144  4.5526  1.4414
   341   205   149  4.5508  1.4320
   347   197   148  4.5438  1.4302
   351   199   144  4.5413  1.4358
   351   202   144  4.5224  1.4266
   350   197   149  4.5223  1.4182
   342   207   149  4.5140  1.4141
   351   198   144  4.5071  1.4192
   350   201   144  4.4992  1.4154
   350   200   144  4.4975  1.4145
   351   204   145  4.4910  1.4097
   350   202   144  4.4806  1.4064
   350   199   144  4.4798  1.4060
   351   204   149  4.4783  1.3970
   341   199   149  4.4780  1.3968
   351   198   149  4.4613  1.3889
   351   203   144  4.4602  1.3965
   350   207   146  4.4580  1.3921
   349   207   146  4.4579  1.3921
   351   197   144  4.4549  1.3940
   349   197   145  4.4494  1.3897
   350   198   144  4.4475  1.3904
   341   206   149  4.4450  1.3811
   342   197   149  4.4436  1.3804
   347   197   147  4.4372  1.3805
   350   203   144  4.4351  1.3845
   348   197   146  4.4227  1.3753
   348   207   149  4.4078  1.3634
   349   201   144  4.4019  1.3687
   350   197   144  4.3990  1.3673
   351   207   146  4.3986  1.3639
   348   207   146  4.3960  1.3626
   349   202   144  4.3958  1.3658
   349   200   144  4.3924  1.3642
   349   199   144  4.3713  1.3542
   351   205   148  4.3680  1.3462
   349   203   144  4.3671  1.3522
   349   207   147  4.3632  1.3456
   341   198   149  4.3622  1.3420
   350   207   147  4.3603  1.3442
   351   204   144  4.3596  1.3486
   350   204   144  4.3550  1.3465
   346   197   148  4.3537  1.3396
   351   197   149  4.3402  1.3317
   349   198   144  4.3391  1.3390
   351   205   149  4.3172  1.3211
   348   207   147  4.3092  1.3203
   349   204   144  4.3077  1.3243
   351   207   147  4.3069  1.3193
   341   207   149  4.3014  1.3137
   349   197   144  4.2932  1.3176
   351   205   145  4.2852  1.3123
   348   197   145  4.2842  1.3118
   348   202   144  4.2766  1.3099
   347   207   146  4.2744  1.3058
   348   201   144  4.2701  1.3069
   348   203   144  4.2639  1.3040
   348   200   144  4.2515  1.2983
   350   205   144  4.2344  1.2904
   349   207   149  4.2327  1.2822
   347   197   146  4.2322  1.2864
   348   199   144  4.2248  1.2860
   348   204   144  4.2233  1.2853
   341   197   149  4.2220  1.2773
   351   205   144  4.2161  1.2820
   349   205   144  4.2099  1.2792
   347   207   147  4.1976  1.2691
   348   198   144  4.1902  1.2702
   346   197   147  4.1548  1.2498
   348   205   144  4.1465  1.2504
   348   197   144  4.1448  1.2496
   345   197   148  4.1442  1.2436
   347   203   144  4.1350  1.2452
   347   202   144  4.1338  1.2446
   351   206   148  4.1337  1.2389
   347   201   144  4.1155  1.2364
   347   204   144  4.1102  1.2340
   351   206   149  4.1067  1.2255
   346   207   146  4.0991  1.2262
   347   200   144  4.0871  1.2237
   347   197   145  4.0774  1.2180
   350   206   144  4.0699  1.2160
   349   206   144  4.0689  1.2156
   347   199   144  4.0528  1.2085
   347   205   144  4.0510  1.2077
   350   207   149  4.0474  1.1992
   351   206   145  4.0346  1.1990
   346   207   147  4.0337  1.1959
   351   206   144  4.0284  1.1977
   348   206   144  4.0273  1.1972
   347   198   144  4.0132  1.1910
   346   197   146  4.0081  1.1860
   346   203   144  3.9903  1.1810
   346   202   144  3.9783  1.1757
   346   204   144  3.9775  1.1753
   347   197   144  3.9660  1.1703
   349   207   148  3.9551  1.1604
   348   207   148  3.9518  1.1589
   347   206   144  3.9502  1.1635
   346   201   144  3.9498  1.1633
   346   205   144  3.9313  1.1553
   350   207   148  3.9274  1.1484
   344   197   148  3.9207  1.1456
   347   207   148  3.9180  1.1444
   346   200   144  3.9118  1.1469
   349   207   144  3.8832  1.1346
   345   207   146  3.8781  1.1298
   351   207   148  3.8694  1.1236
   346   199   144  3.8689  1.1285
   348   207   144  3.8626  1.1258
   350   207   144  3.8621  1.1256
   349   207   145  3.8577  1.1224
   345   197   147  3.8572  1.1197
   346   207   148  3.8557  1.1178
   351   207   149  3.8538  1.1158
   346   206   144  3.8443  1.1180
   348   207   145  3.8406  1.1152
   346   197   145  3.8404  1.1151
   345   203   144  3.8376  1.1152
   345   204   144  3.8324  1.1129
   345   207   147  3.8266  1.1067
   350   207   145  3.8248  1.1085
   346   198   144  3.8227  1.1089
   345   202   144  3.8182  1.1069
   347   207   144  3.8036  1.1008
   351   207   144  3.7996  1.0991
   345   205   144  3.7943  1.0968
   345   201   144  3.7820  1.0917
   346   197   144  3.7719  1.0875
   347   207   145  3.7716  1.0861
   345   207   148  3.7662  1.0803
   345   197   146  3.7601  1.0801
   351   207   145  3.7465  1.0756
   345   200   144  3.7359  1.0724
   345   206   144  3.7163  1.0643
   346   207   144  3.7119  1.0625
   343   197   148  3.6883  1.0481
   345   199   144  3.6850  1.0514
   344   203   144  3.6807  1.0496
   344   204   144  3.6786  1.0488
   344   202   144  3.6577  1.0402
   346   207   145  3.6507  1.0361
   344   207   148  3.6506  1.0328
   344   205   144  3.6440  1.0346
   345   198   144  3.6321  1.0297
   344   207   146  3.6210  1.0230
   344   201   144  3.6170  1.0236
   345   207   144  3.5933  1.0140
   344   207   147  3.5867  1.0080
   345   197   145  3.5857  1.0098
   345   197   144  3.5773  1.0076
   344   206   144  3.5700  1.0046
   344   200   144  3.5655  1.0028
   344   197   147  3.5608  0.9977
   341   203   148  3.5211  0.9808
   341   202   148  3.5210  0.9807
   343   203   144  3.5192  0.9843
   343   204   144  3.5163  0.9831
   343   207   148  3.5092  0.9761
   344   199   144  3.5089  0.9802
   352   200   147  5.2731  1.8139
   352   201   147  5.2631  1.8083
   352   199   147  5.2537  1.8030
   352   202   146  5.2258  1.7897
   352   202   147  5.2162  1.7821
   352   201   146  5.2149  1.7836
   352   198   147  5.2105  1.7789
   352   203   146  5.1737  1.7607
   352   200   146  5.1491  1.7472
   352   197   147  5.1468  1.7437
   352   203   147  5.1241  1.7313
   352   196   147  5.0629  1.6981
   352   204   146  5.0527  1.6947
   352   198   148  5.0434  1.6855
   352   199   148  5.0389  1.6831
   352   199   146  5.0378  1.6866
   351   196   147  5.0332  1.6821
   352   197   148  5.0215  1.6737
   352   200   148  5.0063  1.6656
   352   204   147  4.9797  1.6535
   352   196   148  4.9731  1.6480
   351   196   148  4.9518  1.6368
   350   196   147  4.9476  1.6365
   352   201   148  4.9425  1.6319
   351   201   143  4.8948  1.6169
   352   201   143  4.8945  1.6167
   352   198   146  4.8907  1.6086
   350   196   148  4.8886  1.6036
   352   200   143  4.8871  1.6129
   351   200   143  4.8776  1.6079
   351   202   143  4.8717  1.6048
   352   205   146  4.8612  1.5933
   352   202   143  4.8592  1.5982
   350   201   143  4.8475  1.5922
   352   202   148  4.8441  1.5806
   352   199   143  4.8389  1.5877
   350   202   143  4.8363  1.5863
   350   200   143  4.8217  1.5788
   351   199   143  4.8217  1.5787
   352   200   145  4.8180  1.5729
   351   203   143  4.8067  1.5710
   349   196   147  4.8041  1.5619
   352   201   145  4.8001  1.5637
   352   199   145  4.7903  1.5587
   349   196   148  4.7864  1.5510
   350   203   143  4.7861  1.5604
   352   203   143  4.7799  1.5572
   352   205   147  4.7789  1.5490
   350   199   143  4.7601  1.5471
   349   201   143  4.7575  1.5457
   349   202   143  4.7573  1.5456
   352   198   143  4.7520  1.5429
   352   202   145  4.7319  1.5289
   351   198   143  4.7286  1.5310
   349   200   143  4.7242  1.5288
   352   198   145  4.7227  1.5242
   349   203   143  4.7214  1.5273
   352   197   146  4.7168  1.5193
   352   203   148  4.7075  1.5111
   351   204   143  4.6980  1.5155
   350   204   143  4.6945  1.5137
   346   196   149  4.6777  1.4944
   350   198   143  4.6637  1.4982
   347   196   149  4.6634  1.4873
   349   199   143  4.6584  1.4956
   352   204   143  4.6554  1.4941
   348   196   148  4.6487  1.4817
   349   204   143  4.6464  1.4896
   345   196   149  4.6428  1.4770
   348   202   143  4.6417  1.4872
   348   201   143  4.6321  1.4824
   352   197   143  4.6298  1.4813
   352   197   145  4.6204  1.4730
   348   203   143  4.6183  1.4756
   352   203   145  4.6101  1.4679
   348   196   147  4.6056  1.4621
   352   206   146  4.6026  1.4624
   348   196   149  4.6019  1.4569
   351   197   143  4.6009  1.4669
   348   200   143  4.5921  1.4626
   352   200   144  4.5666  1.4482
   349   198   143  4.5606  1.4470
   344   196   149  4.5592  1.4360
   350   205   143  4.5589  1.4462
   348   204   143  4.5582  1.4459
   352   201   144  4.5566  1.4433
   352   199   144  4.5513  1.4407
   351   205   143  4.5442  1.4390
   350   197   143  4.5338  1.4339
   352   204   148  4.5309  1.4239
   349   205   143  4.5290  1.4316
   352   196   146  4.5240  1.4239
   348   199   143  4.5230  1.4286
   352   206   147  4.5221  1.4213
   352   202   144  4.5160  1.4235
   352   198   144  4.5147  1.4228
   351   196   146  4.5113  1.4178
   349   196   149  4.4986  1.4067
   347   202   143  4.4971  1.4161
   344   208   149  4.4900  1.4026
   352   196   145  4.4882  1.4083
   351   196   145  4.4872  1.4078
   352   205   143  4.4855  1.4105
   347   203   143  4.4841  1.4098
   347   196   148  4.4801  1.3994
   347   201   143  4.4791  1.4074
   352   196   143  4.4762  1.4059
   345   208   149  4.4721  1.3940
   352   197   144  4.4590  1.3959
   348   205   143  4.4570  1.3967
   350   196   146  4.4525  1.3895
   351   196   143  4.4417  1.3893
   352   203   144  4.4386  1.3861
   347   204   143  4.4356  1.3864
   352   204   145  4.4343  1.3824
   347   200   143  4.4332  1.3853
   343   208   149  4.4329  1.3753
   350   196   145  4.4318  1.3813
   349   197   143  4.4311  1.3843
   343   196   149  4.4302  1.3741
   348   198   143  4.4246  1.3811
   352   201   149  4.4040  1.3617
   352   202   149  4.3912  1.3556
   346   208   149  4.3884  1.3543
   352   196   144  4.3851  1.3607
   351   196   144  4.3835  1.3599
   352   200   149  4.3801  1.3504
   350   206   143  4.3786  1.3593
   350   196   143  4.3728  1.3565
   349   206   143  4.3672  1.3539
   350   196   149  4.3621  1.3420
   347   199   143  4.3608  1.3508
   347   196   147  4.3606  1.3443
   349   196   146  4.3471  1.3396
   347   205   143  4.3470  1.3443
   351   206   143  4.3461  1.3439
   340   203   149  4.3423  1.3327
   340   202   149  4.3422  1.3327
   352   203   149  4.3359  1.3297
   350   196   144  4.3313  1.3354
   346   202   143  4.3301  1.3364
   352   199   149  4.3250  1.3247
   346   203   143  4.3248  1.3339
   349   196   145  4.3231  1.3299
   352   204   144  4.3190  1.3296
   340   201   149  4.3175  1.3212
   340   204   149  4.3164  1.3207
   352   205   148  4.3147  1.3214
   348   206   143  4.3117  1.3278
   346   201   143  4.3053  1.3248
   342   208   149  4.3042  1.3150
   348   197   143  4.2966  1.3207
   352   207   146  4.2865  1.3113
   346   196   148  4.2858  1.3080
   346   204   143  4.2844  1.3151
   352   206   143  4.2723  1.3095
   349   196   143  4.2712  1.3089
   340   200   149  4.2689  1.2987
   340   205   149  4.2623  1.2957
   347   198   143  4.2616  1.3045
   342   196   149  4.2615  1.2954
   347   208   149  4.2566  1.2931
   346   200   143  4.2539  1.3009
   352   198   149  4.2447  1.2877
   352   204   149  4.2338  1.2827
   349   196   144  4.2293  1.2880
   352   207   147  4.2148  1.2769
   347   206   143  4.2144  1.2828
   352   205   145  4.2071  1.2764
   346   205   143  4.2039  1.2779
   351   196   149  4.2031  1.2687
   348   196   146  4.1978  1.2706
   340   199   149  4.1962  1.2656
   346   199   143  4.1778  1.2660
   340   206   149  4.1775  1.2572
   348   196   145  4.1659  1.2577
   349   207   143  4.1612  1.2585
   350   207   143  4.1556  1.2560
   352   205   144  4.1546  1.2540
   352   197   149  4.1450  1.2426
   345   202   143  4.1442  1.2508
   345   203   143  4.1441  1.2507
   348   196   143  4.1394  1.2486
   347   197   143  4.1351  1.2467
   348   207   143  4.1214  1.2405
   341   208   149  4.1210  1.2319
   345   201   143  4.1140  1.2372
   345   204   143  4.1083  1.2347
   349   208   146  4.1079  1.2301
   351   207   143  4.1072  1.2341
   350   208   146  4.1009  1.2270
   340   198   149  4.1001  1.2226
   348   208   149  4.0965  1.2210
   348   196   144  4.0838  1.2222
   352   205   149  4.0831  1.2150
   346   196   147  4.0828  1.2176
   346   206   143  4.0795  1.2218
   346   198   143  4.0772  1.2207
   345   196   148  4.0715  1.2112
   352   206   148  4.0633  1.2076
   341   196   149  4.0624  1.2059
   340   207   149  4.0604  1.2050
   345   200   143  4.0577  1.2121
   348   208   146  4.0557  1.2069
   351   208   146  4.0383  1.1993
   347   207   143  4.0366  1.2027
   349   208   147  4.0352  1.1965
   352   196   149  4.0323  1.1926
   345   205   143  4.0320  1.2007
   352   207   143  4.0212  1.1959
   350   208   147  4.0207  1.1902
   347   196   146  4.0104  1.1870
   348   208   147  3.9954  1.1791
   340   197   149  3.9825  1.1709
   347   196   143  3.9809  1.1782
   345   199   143  3.9779  1.1769
   347   196   145  3.9687  1.1702
   351   208   147  3.9602  1.1638
   346   197   143  3.9514  1.1653
   352   206   144  3.9464  1.1618
   347   208   146  3.9457  1.1589
   344   203   143  3.9427  1.1616
   344   202   143  3.9398  1.1603
   352   206   145  3.9355  1.1558
   352   208   146  3.9278  1.1511
   349   208   149  3.9241  1.1458
   349   208   143  3.9145  1.1494
   345   206   143  3.9115  1.1481
   340   208   149  3.9104  1.1399
   346   207   143  3.9099  1.1474
   344   204   143  3.9091  1.1471
   347   196   144  3.9067  1.1447
   344   201   143  3.9059  1.1456
   347   208   147  3.8992  1.1376
   350   208   143  3.8950  1.1410
   348   208   143  3.8884  1.1381
   352   206   149  3.8863  1.1296
   345   198   143  3.8753  1.1325
   352   208   147  3.8667  1.1237
   340   196   149  3.8465  1.1127
   344   200   143  3.8459  1.1200
   344   196   148  3.8434  1.1126
   351   208   143  3.8346  1.1152
   344   205   143  3.8342  1.1150
   347   208   143  3.8151  1.1069
   346   196   143  3.8000  1.1005
   346   196   146  3.7935  1.0941
   345   196   147  3.7891  1.0910
   352   207   148  3.7842  1.0878
   346   208   146  3.7833  1.0898
   344   199   143  3.7631  1.0850
   346   208   147  3.7503  1.0748
   345   197   143  3.7497  1.0794
   350   208   149  3.7479  1.0715
   345   207   143  3.7462  1.0779
   346   196   145  3.7425  1.0740
   352   208   143  3.7408  1.0757
   343   203   143  3.7201  1.0671
   343   202   143  3.7158  1.0653
   344   206   143  3.7149  1.0649
   346   196   144  3.7131  1.0630
   352   207   144  3.6998  1.0575
   348   208   148  3.6986  1.0523
   346   208   143  3.6967  1.0574
   349   208   148  3.6914  1.0494
   343   204   143  3.6871  1.0535
   343   201   143  3.6801  1.0506
   347   208   148  3.6744  1.0424
   344   198   143  3.6589  1.0418
   349   208   144  3.6551  1.0391
   348   208   144  3.6529  1.0382
   350   208   148  3.6523  1.0334
   352   207   149  3.6501  1.0314
   352   207   145  3.6295  1.0275
   346   208   148  3.6207  1.0206
   343   200   143  3.6183  1.0253
   350   208   144  3.6155  1.0230
   343   205   143  3.6123  1.0228
   347   208   144  3.6106  1.0210
   343   196   148  3.6073  1.0152
   345   196   143  3.6008  1.0182
   351   208   148  3.5831  1.0055
   345   208   146  3.5769  1.0052
   349   208   145  3.5733  1.0048
   348   208   145  3.5718  1.0042
   351   208   149  3.5688  0.9987
   345   196   146  3.5570  0.9972
   345   208   147  3.5569  0.9961
   344   207   143  3.5515  0.9983
   345   208   148  3.5395  0.9881
   345   208   143  3.5385  0.9931
   351   208   144  3.5364  0.9911
   343   199   143  3.5343  0.9914
   344   197   143  3.5337  0.9912
   346   208   144  3.5324  0.9896
   350   208   145  3.5244  0.9853
   345   196   144  3.5186  0.9840
   347   208   145  3.5169  0.9823
   353   200   147  5.2199  1.7841
   353   199   147  5.2101  1.7787
   353   201   147  5.1988  1.7725
   353   198   147  5.1754  1.7595
   353   202   147  5.1398  1.7399
   353   197   147  5.1191  1.7286
   353   201   146  5.1010  1.7208
   353   202   146  5.1002  1.7204
   353   200   146  5.0483  1.6923
   353   196   147  5.0422  1.6869
   353   203   146  5.0376  1.6865
   353   203   147  5.0353  1.6832
   353   198   148  5.0124  1.6689
   353   199   148  5.0053  1.6651
   353   197   148  4.9938  1.6590
   353   200   148  4.9701  1.6464
   352   195   147  4.9572  1.6416
   353   199   146  4.9520  1.6408
   353   196   148  4.9501  1.6358
   353   195   147  4.9428  1.6340
   351   195   147  4.9246  1.6244
   353   204   146  4.9074  1.6174
   353   201   148  4.9026  1.6109
   352   195   148  4.8966  1.6078
   353   195   148  4.8797  1.5990
   353   204   147  4.8793  1.6008
   351   195   148  4.8711  1.5945
   353   200   143  4.8489  1.5929
   353   201   143  4.8456  1.5912
   350   195   147  4.8402  1.5805
   353   198   146  4.8217  1.5729
   353   199   143  4.8103  1.5729
   350   195   148  4.8051  1.5605
   353   202   143  4.7986  1.5668
   353   202   148  4.7980  1.5569
   353   200   145  4.7522  1.5392
   351   201   142  4.7494  1.5435
   351   200   142  4.7454  1.5415
   352   201   142  4.7353  1.5363
   353   198   143  4.7327  1.5331
   352   200   142  4.7317  1.5345
   353   201   145  4.7303  1.5281
   353   199   145  4.7271  1.5264
   351   202   142  4.7230  1.5301
   351   199   142  4.7134  1.5252
   353   205   146  4.7088  1.5153
   352   202   142  4.7068  1.5219
   353   203   143  4.7065  1.5198
   350   201   142  4.7064  1.5217
   349   195   147  4.7019  1.5100
   349   195   148  4.7014  1.5080
   352   199   142  4.6995  1.5182
   350   200   142  4.6992  1.5180
   350   202   142  4.6855  1.5111
   353   205   147  4.6692  1.4937
   353   197   146  4.6666  1.4941
   350   199   142  4.6653  1.5009
   353   201   142  4.6648  1.5007
   353   198   145  4.6621  1.4937
   351   203   142  4.6615  1.4990
   353   200   142  4.6592  1.4979
   353   202   145  4.6551  1.4902
   351   198   142  4.6539  1.4952
   353   203   148  4.6524  1.4835
   352   203   142  4.6409  1.4887
   352   198   142  4.6406  1.4886
   353   202   142  4.6374  1.4869
   350   203   142  4.6318  1.4842
   353   199   142  4.6257  1.4811
   353   197   143  4.6198  1.4763
   349   201   142  4.6114  1.4740
   350   198   142  4.6046  1.4706
   349   202   142  4.5985  1.4676
   349   200   142  4.5981  1.4674
   353   203   142  4.5707  1.4538
   353   204   143  4.5688  1.4511
   353   198   142  4.5679  1.4525
   351   197   142  4.5672  1.4521
   353   197   145  4.5639  1.4451
   348   195   148  4.5632  1.4397
   349   199   142  4.5602  1.4487
   351   204   142  4.5582  1.4477
   352   197   142  4.5566  1.4469
   349   203   142  4.5550  1.4461
   350   204   142  4.5385  1.4380
   352   204   142  4.5309  1.4343
   353   200   144  4.5245  1.4276
   353   203   145  4.5226  1.4250
   350   197   142  4.5166  1.4273
   348   195   147  4.5115  1.4162
   353   199   144  4.5101  1.4206
   353   201   144  4.5099  1.4205
   349   198   142  4.4971  1.4178
   353   196   146  4.4939  1.4094
   353   197   142  4.4885  1.4136
   353   196   143  4.4760  1.4059
   349   204   142  4.4734  1.4063
   348   201   142  4.4733  1.4063
   353   198   144  4.4721  1.4022
   348   202   142  4.4700  1.4047
   353   204   148  4.4637  1.3916
   353   202   144  4.4603  1.3966
   353   204   142  4.4581  1.3989
   351   196   142  4.4549  1.3974
   348   200   142  4.4520  1.3960
   352   196   142  4.4496  1.3948
   346   195   149  4.4474  1.3822
   353   206   146  4.4465  1.3866
   347   195   149  4.4405  1.3789
   353   196   145  4.4378  1.3841
   348   203   142  4.4373  1.3889
   353   197   144  4.4146  1.3747
   345   195   149  4.4116  1.3652
   349   197   142  4.4082  1.3750
   348   199   142  4.4080  1.3749
   353   206   147  4.4068  1.3661
   351   205   142  4.4063  1.3741
   350   196   142  4.4022  1.3721
   350   205   142  4.3978  1.3700
   347   195   148  4.3945  1.3587
   348   195   149  4.3924  1.3562
   353   196   142  4.3902  1.3664
   353   205   143  4.3865  1.3630
   352   205   142  4.3710  1.3573
   353   203   144  4.3699  1.3535
   348   204   142  4.3678  1.3558
   349   205   142  4.3458  1.3454
   348   198   142  4.3412  1.3432
   353   196   144  4.3405  1.3397
   344   195   149  4.3341  1.3289
   353   204   145  4.3325  1.3343
   352   195   145  4.3298  1.3330
   351   195   145  4.3260  1.3313
   352   195   142  4.3228  1.3346
   351   195   142  4.3203  1.3334
   352   195   146  4.3185  1.3262
   347   202   142  4.3096  1.3284
   353   195   146  4.3091  1.3218
   349   195   149  4.3074  1.3165
   353   195   143  4.3055  1.3249
   347   201   142  4.3032  1.3254
   352   195   143  4.2952  1.3201
   353   205   142  4.2947  1.3214
   349   196   142  4.2939  1.3211
   352   195   144  4.2931  1.3175
   351   195   144  4.2914  1.3168
   351   195   146  4.2897  1.3128
   353   195   145  4.2875  1.3134
   347   203   142  4.2871  1.3179
   347   195   147  4.2767  1.3053
   353   195   142  4.2759  1.3127
   350   195   145  4.2733  1.3068
   347   200   142  4.2729  1.3113
   350   195   142  4.2645  1.3074
   351   195   143  4.2545  1.3012
   348   205   142  4.2532  1.3022
   353   195   144  4.2514  1.2982
   348   197   142  4.2512  1.3013
   350   195   144  4.2416  1.2937
   353   204   144  4.2345  1.2904
   353   205   148  4.2336  1.2841
   347   204   142  4.2284  1.2908
   347   199   142  4.2215  1.2876
   350   195   146  4.2201  1.2808
   343   195   149  4.2177  1.2754
   350   206   142  4.2044  1.2797
   351   206   142  4.2015  1.2784
   346   195   148  4.2002  1.2688
   350   195   149  4.1931  1.2642
   344   209   149  4.1907  1.2631
   350   195   143  4.1835  1.2686
   349   195   145  4.1723  1.2605
   349   206   142  4.1658  1.2621
   353   206   143  4.1629  1.2593
   352   206   142  4.1585  1.2588
   343   209   149  4.1581  1.2484
   349   195   142  4.1573  1.2582
   345   209   149  4.1533  1.2463
   347   198   142  4.1499  1.2549
   349   195   144  4.1434  1.2490
   353   201   149  4.1400  1.2403
   348   196   142  4.1386  1.2498
   353   207   146  4.1316  1.2408
   346   202   142  4.1263  1.2442
   353   200   149  4.1257  1.2339
   347   205   142  4.1257  1.2439
   353   202   149  4.1226  1.2325
   346   203   142  4.1124  1.2380
   346   201   142  4.1111  1.2374
   349   195   146  4.1091  1.2307
   353   207   147  4.0986  1.2246
   353   205   145  4.0890  1.2231
   348   206   142  4.0872  1.2267
   353   199   149  4.0853  1.2160
   349   195   143  4.0829  1.2233
   353   206   142  4.0793  1.2231
   346   200   142  4.0722  1.2200
   353   203   149  4.0679  1.2083
   342   195   149  4.0671  1.2079
   346   204   142  4.0625  1.2156
   347   197   142  4.0585  1.2139
   351   195   149  4.0584  1.2041
   342   209   149  4.0582  1.2040
   346   209   149  4.0560  1.2030
   353   205   144  4.0531  1.2086
   339   203   149  4.0377  1.1950
   339   202   149  4.0363  1.1944
   348   195   145  4.0269  1.1956
   353   198   149  4.0240  1.1890
   339   204   149  4.0196  1.1871
   339   201   149  4.0162  1.1856
   346   199   142  4.0134  1.1939
   346   195   147  4.0095  1.1853
   348   195   142  4.0059  1.1906
   348   195   144  4.0027  1.1864
   345   195   148  3.9858  1.1736
   339   205   149  3.9798  1.1697
   339   200   149  3.9775  1.1688
   347   206   142  3.9728  1.1761
   353   204   149  3.9717  1.1662
   346   205   142  3.9695  1.1746
   353   206   148  3.9680  1.1659
   348   195   146  3.9595  1.1649
   350   207   142  3.9580  1.1696
   348   195   143  3.9543  1.1666
   347   196   142  3.9482  1.1653
   353   197   149  3.9469  1.1555
   351   207   142  3.9452  1.1640
   346   198   142  3.9368  1.1603
   349   207   142  3.9323  1.1584
   345   202   142  3.9268  1.1560
   339   199   149  3.9195  1.1438
   345   203   142  3.9193  1.1528
   347   209   149  3.9169  1.1427
   339   206   149  3.9153  1.1420
   352   195   149  3.9128  1.1409
   341   209   149  3.9067  1.1383
   353   207   143  3.9049  1.1452
   345   201   142  3.9047  1.1465
   352   207   142  3.8964  1.1429
   341   195   149  3.8898  1.1311
   345   204   142  3.8759  1.1341
   348   207   142  3.8682  1.1308
   345   200   142  3.8588  1.1268
   353   196   149  3.8586  1.1178
   347   195   145  3.8446  1.1168
   346   197   142  3.8439  1.1204
   339   198   149  3.8417  1.1107
   353   205   149  3.8320  1.1066
   347   195   144  3.8307  1.1122
   353   206   144  3.8289  1.1115
   346   206   142  3.8282  1.1137
   339   207   149  3.8236  1.1031
   347   195   142  3.8215  1.1109
   353   207   142  3.8165  1.1088
   353   206   145  3.8012  1.0985
   347   195   143  3.8002  1.1006
   345   199   142  3.7938  1.0992
   345   205   142  3.7905  1.0978
   353   208   146  3.7805  1.0886
   347   195   146  3.7771  1.0872
   347   207   142  3.7684  1.0885
   353   195   149  3.7634  1.0779
   344   195   148  3.7575  1.0767
   348   209   149  3.7563  1.0750
   353   208   147  3.7549  1.0768
   339   197   149  3.7448  1.0702
   346   196   142  3.7362  1.0750
   340   209   149  3.7287  1.0636
   345   195   147  3.7256  1.0646
   349   209   146  3.7151  1.0615
   344   202   142  3.7150  1.0662
   345   198   142  3.7131  1.0654
   344   203   142  3.7117  1.0648
   350   209   146  3.7064  1.0579
   339   208   149  3.7026  1.0529
   340   195   149  3.6966  1.0504
   344   201   142  3.6887  1.0553
   353   207   148  3.6768  1.0434
   344   204   142  3.6727  1.0487
   348   209   146  3.6693  1.0426
   350   208   142  3.6658  1.0459
   349   209   147  3.6604  1.0378
   345   206   142  3.6590  1.0431
   349   208   142  3.6515  1.0400
   353   206   149  3.6510  1.0318
   351   209   146  3.6470  1.0335
   351   208   142  3.6456  1.0376
   346   195   144  3.6423  1.0339
   350   209   147  3.6398  1.0295
   344   200   142  3.6385  1.0347
   346   207   142  3.6376  1.0343
   346   195   145  3.6350  1.0298
   349   209   143  3.6337  1.0315
   348   209   147  3.6308  1.0258
   339   196   149  3.6305  1.0235
   346   195   143  3.6241  1.0276
   353   208   143  3.6223  1.0269
   345   197   142  3.6193  1.0268
   348   209   143  3.6180  1.0252
   346   195   142  3.6160  1.0255
   350   209   143  3.6047  1.0198
   348   208   142  3.6015  1.0196
   352   208   142  3.5942  1.0166
   344   205   142  3.5931  1.0162
   349   209   149  3.5897  1.0071
   351   209   147  3.5784  1.0047
   346   195   146  3.5701  1.0025
   353   207   144  3.5698  1.0045
   344   199   142  3.5698  1.0068
   347   209   146  3.5696  1.0022
   347   209   143  3.5547  0.9996
   339   209   149  3.5514  0.9918
   347   209   147  3.5476  0.9924
   352   209   146  3.5452  0.9925
   351   209   143  3.5378  0.9928
   343   195   148  3.5217  0.9810
   347   208   142  3.5173  0.9857
   353   208   142  3.5168  0.9855
   345   196   142  3.5146  0.9847
   339   195   149  3.5014  0.9720
   354   200   147  5.1193  1.7287
   354   199   147  5.1183  1.7282
   352   201   141  5.1176  1.7412
   351   201   141  5.1094  1.7367
   352   202   141  5.0983  1.7305
   351   202   141  5.0981  1.7305
   352   200   141  5.0968  1.7297
   354   198   147  5.0925  1.7141
   354   201   147  5.0896  1.7125
   351   200   141  5.0848  1.7231
   353   201   141  5.0636  1.7116
   351   203   141  5.0469  1.7025
   353   200   141  5.0467  1.7023
   354   197   147  5.0454  1.6886
   352   199   141  5.0392  1.6983
   350   201   141  5.0382  1.6977
   353   202   141  5.0378  1.6975
   350   202   141  5.0360  1.6966
   352   203   141  5.0346  1.6958
   351   199   141  5.0267  1.6915
   354   202   147  5.0222  1.6762
   350   200   141  5.0099  1.6824
   350   203   141  4.9992  1.6767
   353   199   141  4.9916  1.6726
   354   196   147  4.9776  1.6524
   353   203   141  4.9646  1.6581
   354   201   141  4.9544  1.6527
   350   199   141  4.9529  1.6519
   351   204   141  4.9511  1.6509
   352   198   141  4.9475  1.6490
   354   200   141  4.9420  1.6460
   351   198   141  4.9364  1.6431
   354   198   148  4.9341  1.6274
   354   201   146  4.9323  1.6305
   354   199   148  4.9249  1.6226
   354   202   141  4.9236  1.6363
   352   204   141  4.9227  1.6358
   350   204   141  4.9221  1.6355
   354   202   146  4.9198  1.6239
   354   197   148  4.9194  1.6197
   349   202   141  4.9168  1.6326
   354   203   147  4.9103  1.6169
   349   201   141  4.9097  1.6289
   353   198   141  4.9025  1.6251
   349   203   141  4.8947  1.6210
   354   200   146  4.8946  1.6107
   354   199   141  4.8919  1.6195
   354   200   148  4.8885  1.6036
   354   195   147  4.8872  1.6049
   354   196   148  4.8815  1.6000
   349   200   141  4.8781  1.6123
   350   198   141  4.8674  1.6066
   354   203   146  4.8486  1.5868
   354   203   141  4.8443  1.5946
   353   204   141  4.8408  1.5928
   349   204   141  4.8366  1.5906
   352   194   147  4.8267  1.5735
   352   197   141  4.8242  1.5841
   349   199   141  4.8235  1.5837
   354   201   148  4.8196  1.5680
   354   195   148  4.8189  1.5676
   353   194   147  4.8180  1.5690
   354   199   146  4.8164  1.5701
   351   197   141  4.8149  1.5793
   354   198   141  4.8093  1.5764
   351   205   141  4.8067  1.5750
   350   205   141  4.7988  1.5709
   351   194   147  4.7920  1.5557
   352   194   148  4.7900  1.5528
   353   197   141  4.7829  1.5627
   353   194   148  4.7799  1.5477
   354   194   147  4.7707  1.5448
   354   200   143  4.7658  1.5499
   352   205   141  4.7604  1.5512
   351   194   148  4.7598  1.5375
   350   197   141  4.7526  1.5471
   354   201   143  4.7516  1.5427
   348   202   141  4.7508  1.5462
   354   204   147  4.7488  1.5337
   349   198   141  4.7449  1.5432
   348   203   141  4.7418  1.5417
   354   199   143  4.7384  1.5360
   348   201   141  4.7356  1.5385
   349   205   141  4.7351  1.5382
   354   194   148  4.7280  1.5214
   354   204   141  4.7135  1.5272
   354   204   146  4.7132  1.5175
   354   202   148  4.7125  1.5135
   350   194   147  4.7101  1.5141
   354   198   146  4.7071  1.5145
   348   200   141  4.7014  1.5211
   348   204   141  4.7010  1.5208
   354   197   141  4.6988  1.5197
   354   202   143  4.6938  1.5134
   350   194   148  4.6918  1.5032
   354   198   143  4.6725  1.5027
   352   196   141  4.6721  1.5062
   353   205   141  4.6657  1.5030
   351   196   141  4.6639  1.5021
   348   199   141  4.6496  1.4950
   349   197   141  4.6402  1.4902
   353   196   141  4.6362  1.4882
   354   200   145  4.6323  1.4789
   350   206   141  4.6253  1.4828
   348   205   141  4.6192  1.4797
   351   206   141  4.6124  1.4764
   354   199   145  4.6101  1.4679
   350   196   141  4.6086  1.4745
   354   201   145  4.6075  1.4666
   354   203   143  4.5913  1.4622
   349   194   148  4.5883  1.4519
   349   206   141  4.5837  1.4621
   348   198   141  4.5789  1.4597
   349   194   147  4.5787  1.4489
   354   197   146  4.5750  1.4488
   354   197   143  4.5724  1.4529
   354   196   141  4.5635  1.4521
   354   203   148  4.5621  1.4391
   347   203   141  4.5537  1.4473
   347   202   141  4.5526  1.4467
   354   198   145  4.5497  1.4382
   352   206   141  4.5489  1.4449
   354   201   142  4.5443  1.4409
   354   205   147  4.5361  1.4281
   354   200   142  4.5357  1.4366
   354   205   141  4.5314  1.4363
   347   201   141  4.5312  1.4362
   354   202   145  4.5280  1.4276
   347   204   141  4.5261  1.4337
   354   202   142  4.5202  1.4291
   354   205   146  4.5129  1.4186
   349   196   141  4.5081  1.4249
   354   199   142  4.5011  1.4197
   347   200   141  4.4951  1.4186
   352   195   141  4.4948  1.4185
   348   206   141  4.4885  1.4154
   351   195   141  4.4865  1.4144
   348   197   141  4.4861  1.4142
   353   195   141  4.4660  1.4045
   347   205   141  4.4599  1.4016
   354   197   145  4.4585  1.3940
   354   203   142  4.4560  1.3979
   348   194   148  4.4522  1.3861
   347   199   141  4.4462  1.3949
   354   198   142  4.4457  1.3929
   354   204   143  4.4441  1.3905
   353   206   141  4.4425  1.3931
   354   196   143  4.4423  1.3896
   350   195   141  4.4378  1.3909
   354   200   144  4.4349  1.3844
   354   196   146  4.4266  1.3771
   354   199   144  4.4227  1.3785
   354   201   144  4.4156  1.3752
   354   195   141  4.4065  1.3759
   350   207   141  4.4011  1.3733
   348   194   147  4.3996  1.3627
   354   203   145  4.3889  1.3608
   354   198   144  4.3854  1.3608
   347   198   141  4.3829  1.3647
   349   207   141  4.3795  1.3630
   354   197   142  4.3733  1.3584
   351   207   141  4.3702  1.3586
   348   196   141  4.3684  1.3577
   354   204   148  4.3663  1.3454
   354   202   144  4.3583  1.3480
   349   195   141  4.3491  1.3486
   347   206   141  4.3463  1.3473
   354   204   142  4.3450  1.3450
   346   203   141  4.3447  1.3466
   354   196   145  4.3425  1.3390
   346   202   141  4.3375  1.3432
   354   197   144  4.3289  1.3342
   346   204   141  4.3254  1.3374
   346   201   141  4.3123  1.3313
   348   207   141  4.3040  1.3274
   354   206   141  4.3029  1.3269
   347   197   141  4.3017  1.3263
   352   194   141  4.2973  1.3243
   352   207   141  4.2928  1.3222
   351   194   141  4.2877  1.3198
   347   194   148  4.2870  1.3086
   354   196   142  4.2869  1.3178
   354   195   143  4.2861  1.3158
   353   194   141  4.2763  1.3145
   346   200   141  4.2751  1.3139
   354   206   147  4.2747  1.3044
   346   205   141  4.2694  1.3113
   354   195   146  4.2660  1.3019
   354   203   144  4.2576  1.3011
   354   196   144  4.2575  1.3010
   354   205   143  4.2542  1.3010
   354   206   146  4.2533  1.2960
   350   194   141  4.2444  1.2997
   354   194   141  4.2301  1.2931
   346   199   141  4.2284  1.2923
   348   195   141  4.2248  1.2906
   347   194   149  4.2205  1.2766
   346   194   149  4.2199  1.2764
   354   195   145  4.2047  1.2753
   347   196   141  4.1987  1.2786
   354   204   145  4.1899  1.2685
   354   195   142  4.1889  1.2726
   348   194   149  4.1854  1.2607
   352   194   144  4.1835  1.2671
   354   205   142  4.1828  1.2698
   345   194   149  4.1827  1.2595
   352   194   142  4.1810  1.2690
   347   207   141  4.1791  1.2697
   347   194   147  4.1790  1.2607
   351   194   144  4.1785  1.2649
   353   207   141  4.1780  1.2692
   354   195   144  4.1740  1.2628
   346   198   141  4.1711  1.2660
   351   194   142  4.1688  1.2635
   346   206   141  4.1676  1.2645
   349   194   141  4.1669  1.2641
   353   194   142  4.1492  1.2546
   352   194   145  4.1483  1.2497
   353   194   144  4.1482  1.2511
   351   194   145  4.1407  1.2463
   350   208   141  4.1295  1.2471
   350   194   144  4.1287  1.2423
   345   203   141  4.1278  1.2464
   354   205   148  4.1272  1.2360
   349   208   141  4.1237  1.2446
   345   202   141  4.1183  1.2421
   349   194   149  4.1182  1.2306
   353   194   145  4.1156  1.2350
   353   194   146  4.1151  1.2334
   353   194   143  4.1121  1.2363
   345   204   141  4.1116  1.2391
   354   204   144  4.1105  1.2341
   344   194   149  4.1100  1.2269
   350   194   142  4.1092  1.2365
   354   194   143  4.1070  1.2340
   352   194   146  4.1044  1.2286
   346   197   141  4.0996  1.2337
   346   194   148  4.0971  1.2225
   354   194   146  4.0951  1.2244
   345   201   141  4.0917  1.2302
   352   194   143  4.0911  1.2269
   350   194   145  4.0906  1.2238
   351   208   141  4.0856  1.2274
   354   194   142  4.0814  1.2240
   354   194   144  4.0797  1.2204
   347   195   141  4.0716  1.2212
   348   208   141  4.0654  1.2184
   345   205   141  4.0601  1.2160
   351   194   146  4.0598  1.2087
   348   194   141  4.0576  1.2149
   345   200   141  4.0543  1.2134
   354   194   145  4.0469  1.2044
   351   194   143  4.0437  1.2058
   354   207   141  4.0365  1.2055
   349   194   144  4.0337  1.2000
   354   206   143  4.0258  1.1979
   350   194   149  4.0252  1.1895
   346   207   141  4.0135  1.1954
   346   196   141  4.0097  1.1937
   345   199   141  4.0091  1.1934
   343   194   149  4.0042  1.1804
   349   194   142  4.0036  1.1895
   352   208   141  3.9997  1.1893
   349   194   145  3.9984  1.1831
   350   194   146  3.9794  1.1735
   354   207   147  3.9721  1.1690
   350   194   143  3.9699  1.1734
   354   206   142  3.9697  1.1747
   345   206   141  3.9645  1.1738
   347   208   141  3.9567  1.1704
   345   198   141  3.9559  1.1701
   354   207   146  3.9464  1.1592
   354   205   145  3.9363  1.1561
   346   194   147  3.9273  1.1496
   347   194   141  3.9214  1.1551
   354   205   144  3.9173  1.1493
   351   194   149  3.9138  1.1414
   344   203   141  3.9110  1.1506
   344   202   141  3.9028  1.1470
   348   194   144  3.8991  1.1414
   346   195   141  3.8983  1.1451
   344   204   141  3.8936  1.1430
   345   197   141  3.8916  1.1422
   345   194   148  3.8873  1.1313
   353   208   141  3.8818  1.1380
   344   201   141  3.8772  1.1360
   354   201   149  3.8717  1.1234
   354   200   149  3.8705  1.1229
   349   194   143  3.8700  1.1303
   342   194   149  3.8692  1.1223
   348   194   145  3.8674  1.1265
   349   194   146  3.8636  1.1237
   344   210   149  3.8605  1.1186
   348   194   142  3.8581  1.1265
   354   206   148  3.8522  1.1164
   343   210   149  3.8522  1.1151
   354   199   149  3.8475  1.1132
   354   202   149  3.8462  1.1126
   344   205   141  3.8416  1.1207
   344   200   141  3.8407  1.1204
   349   209   141  3.8220  1.1124
   345   207   141  3.8186  1.1110
   350   209   141  3.8171  1.1103
   345   196   141  3.8122  1.1082
   354   198   149  3.8070  1.0961
   345   210   149  3.8051  1.0954
   346   208   141  3.8050  1.1052
   344   199   141  3.7969  1.1018
   352   194   149  3.7917  1.0898
   354   203   149  3.7893  1.0888
   342   210   149  3.7815  1.0855
   348   209   141  3.7770  1.0934
   338   203   149  3.7720  1.0815
   338   202   149  3.7683  1.0800
   354   207   143  3.7670  1.0867
   351   209   141  3.7665  1.0889
   346   194   141  3.7651  1.0884
   338   204   149  3.7614  1.0771
   354   197   149  3.7526  1.0735
   338   201   149  3.7510  1.0728
   344   206   141  3.7471  1.0808
   344   198   141  3.7464  1.0805
   348   194   143  3.7449  1.0774
   354   208   141  3.7429  1.0791
   347   194   144  3.7352  1.0722
   338   205   149  3.7344  1.0660
   338   200   149  3.7196  1.0598
   348   194   146  3.7151  1.0615
   345   195   141  3.7140  1.0670
   354   207   142  3.7116  1.0648
   341   194   149  3.7106  1.0562
   347   194   145  3.7034  1.0578
   354   204   149  3.6972  1.0507
   343   203   141  3.6969  1.0599
   346   210   149  3.6968  1.0505
   343   202   141  3.6931  1.0583
   338   206   149  3.6880  1.0469
   354   196   149  3.6876  1.0467
   344   197   141  3.6870  1.0558
   354   206   144  3.6835  1.0508
   347   209   141  3.6828  1.0541
   347   194   142  3.6822  1.0526
   352   209   141  3.6784  1.0523
   343   204   141  3.6748  1.0508
   338   199   149  3.6727  1.0406
   343   201   141  3.6710  1.0492
   353   194   149  3.6645  1.0373
   344   194   148  3.6635  1.0380
   341   210   149  3.6624  1.0364
   345   194   147  3.6584  1.0370
   354   206   145  3.6394  1.0316
   354   208   147  3.6386  1.0290
   343   200   141  3.6372  1.0353
   345   208   141  3.6203  1.0284
   343   205   141  3.6185  1.0277
   338   207   149  3.6184  1.0186
   344   196   141  3.6151  1.0263
   354   195   149  3.6146  1.0171
   338   198   149  3.6093  1.0150
   354   208   146  3.6088  1.0180
   344   207   141  3.6048  1.0221
   347   194   143  3.5963  1.0163
   345   194   141  3.5960  1.0186
   343   199   141  3.5957  1.0184
   354   205   149  3.5681  0.9984
   353   209   141  3.5633  1.0053
   346   194   144  3.5560  0.9990
   347   210   149  3.5540  0.9928
   354   207   148  3.5532  0.9936
   343   198   141  3.5477  0.9990
   346   209   141  3.5449  0.9979
   347   194   146  3.5398  0.9903
   340   194   149  3.5372  0.9861
   354   194   149  3.5352  0.9853
   338   197   149  3.5288  0.9828
   344   195   141  3.5272  0.9908
   338   208   149  3.5220  0.9801
   343   206   141  3.5215  0.9885
   340   210   149  3.5172  0.9782
   346   194   145  3.5147  0.9814
   355   199   147  4.9890  1.6584
   355   200   147  4.9825  1.6550
   355   198   147  4.9718  1.6493
   355   201   147  4.9468  1.6361
   355   197   147  4.9342  1.6295
   355   196   147  4.8765  1.5993
   355   202   147  4.8752  1.5986
   355   198   148  4.8100  1.5630
   355   201   141  4.8026  1.5729
   355   197   148  4.7995  1.5576
   355   199   148  4.7990  1.5574
   355   195   147  4.7963  1.5579
   355   200   141  4.7956  1.5693
   355   196   148  4.7683  1.5418
   355   202   141  4.7676  1.5549
   355   200   148  4.7627  1.5389
   355   203   147  4.7612  1.5400
   355   199   141  4.7532  1.5474
   355   201   146  4.7204  1.5212
   355   195   148  4.7146  1.5146
   355   200   146  4.6991  1.5105
   355   202   146  4.6963  1.5090
   355   201   148  4.6950  1.5048
   355   194   147  4.6892  1.5037
   355   203   141  4.6850  1.5127
   355   198   141  4.6810  1.5108
   352   193   147  4.6686  1.4934
   353   193   147  4.6647  1.4914
   352   193   148  4.6513  1.4830
   353   193   148  4.6481  1.4814
   355   200   143  4.6449  1.4888
   355   199   146  4.6417  1.4818
   355   194   148  4.6344  1.4746
   351   193   147  4.6329  1.4756
   355   199   143  4.6293  1.4810
   354   193   147  4.6246  1.4715
   355   201   143  4.6204  1.4766
   355   203   146  4.6187  1.4703
   351   193   148  4.6174  1.4662
   354   193   148  4.6058  1.4605
   355   204   147  4.6003  1.4595
   355   202   148  4.5888  1.4522
   355   197   141  4.5839  1.4622
   355   198   143  4.5769  1.4551
   355   198   146  4.5566  1.4398
   350   193   147  4.5544  1.4370
   355   202   143  4.5535  1.4436
   355   193   147  4.5518  1.4358
   355   204   141  4.5516  1.4462
   350   193   148  4.5488  1.4326
   355   193   148  4.5240  1.4206
   355   197   143  4.4918  1.4135
   355   204   146  4.4820  1.4036
   355   200   145  4.4677  1.3984
   355   196   141  4.4646  1.4038
   355   197   146  4.4508  1.3887
   355   199   145  4.4498  1.3898
   349   193   148  4.4479  1.3840
   355   203   143  4.4435  1.3902
   355   201   145  4.4401  1.3852
   355   203   148  4.4384  1.3795
   349   193   147  4.4316  1.3779
   355   198   145  4.3961  1.3642
   355   205   147  4.3914  1.3588
   355   201   142  4.3855  1.3642
   355   196   143  4.3780  1.3590
   355   200   142  4.3744  1.3589
   355   205   141  4.3684  1.3577
   355   202   142  4.3654  1.3546
   355   202   145  4.3580  1.3463
   355   199   142  4.3401  1.3427
   355   196   146  4.3293  1.3312
   355   195   141  4.3248  1.3372
   348   193   148  4.3172  1.3226
   355   197   145  4.3148  1.3261
   355   200   144  4.3058  1.3234
   355   203   142  4.3056  1.3266
   355   199   144  4.2978  1.3197
   355   204   143  4.2908  1.3180
   355   198   142  4.2893  1.3189
   355   205   146  4.2857  1.3110
   355   201   144  4.2811  1.3120
   348   193   147  4.2657  1.3003
   355   198   144  4.2642  1.3041
   355   204   148  4.2410  1.2874
   355   195   143  4.2390  1.2940
   355   197   142  4.2264  1.2898
   355   202   144  4.2171  1.2825
   355   203   145  4.2160  1.2804
   355   197   144  4.2118  1.2800
   355   196   145  4.2118  1.2785
   355   204   142  4.1993  1.2774
   355   195   146  4.1949  1.2694
   355   194   141  4.1655  1.2635
   347   193   148  4.1597  1.2505
   355   196   142  4.1545  1.2570
   355   196   144  4.1461  1.2502
   355   206   141  4.1409  1.2523
   355   206   147  4.1376  1.2420
   355   203   144  4.1089  1.2335
   355   205   143  4.0981  1.2301
   355   195   145  4.0895  1.2233
   352   193   141  4.0849  1.2271
   355   194   143  4.0770  1.2207
   355   195   142  4.0750  1.2212
   351   193   141  4.0738  1.2221
   353   193   141  4.0713  1.2210
   355   195   144  4.0704  1.2163
   347   193   147  4.0621  1.2084
   352   193   144  4.0575  1.2105
   355   194   146  4.0484  1.2038
   351   193   144  4.0461  1.2055
   355   205   142  4.0427  1.2068
   354   193   141  4.0373  1.2059
   355   206   146  4.0355  1.1981
   350   193   141  4.0350  1.2048
   353   193   144  4.0318  1.1992
   352   193   142  4.0299  1.2012
   355   197   140  4.0297  1.2040
   355   196   140  4.0247  1.2018
   347   193   149  4.0149  1.1850
   353   193   142  4.0141  1.1942
   355   204   145  4.0136  1.1898
   351   193   142  4.0073  1.1912
   346   193   149  4.0071  1.1816
   355   205   148  3.9990  1.1794
   355   198   140  3.9978  1.1899
   350   193   144  3.9940  1.1826
   348   193   149  3.9915  1.1748
   354   197   140  3.9910  1.1868
   354   196   140  3.9908  1.1868
   355   194   142  3.9886  1.1830
   355   193   141  3.9880  1.1841
   355   194   144  3.9864  1.1792
   355   195   140  3.9846  1.1841
   346   193   148  3.9785  1.1705
   354   193   144  3.9749  1.1742
   345   193   149  3.9676  1.1645
   349   193   141  3.9673  1.1750
   354   193   142  3.9663  1.1732
   355   204   144  3.9545  1.1653
   354   195   140  3.9527  1.1701
   354   198   140  3.9514  1.1695
   355   194   145  3.9485  1.1614
   352   193   145  3.9472  1.1608
   350   193   142  3.9437  1.1634
   349   193   149  3.9400  1.1526
   351   193   145  3.9352  1.1556
   355   199   140  3.9273  1.1590
   353   196   140  3.9252  1.1581
   353   193   145  3.9246  1.1511
   353   197   140  3.9192  1.1555
   354   193   146  3.9140  1.1452
   353   193   146  3.9133  1.1449
   355   194   140  3.9109  1.1519
   354   193   143  3.9078  1.1465
   349   193   144  3.9014  1.1424
   353   193   143  3.8993  1.1428
   344   193   149  3.8975  1.1344
   355   193   142  3.8952  1.1424
   355   193   143  3.8941  1.1406
   355   193   144  3.8936  1.1390
   353   195   140  3.8908  1.1432
   355   193   146  3.8890  1.1345
   350   193   145  3.8873  1.1351
   352   193   146  3.8843  1.1325
   355   207   141  3.8789  1.1367
   354   194   140  3.8787  1.1380
   348   193   141  3.8719  1.1337
   353   198   140  3.8714  1.1349
   354   199   140  3.8713  1.1348
   355   206   143  3.8707  1.1305
   354   193   145  3.8703  1.1278
   352   193   143  3.8680  1.1294
   350   193   149  3.8656  1.1208
   355   207   147  3.8463  1.1151
   349   193   142  3.8402  1.1189
   355   206   142  3.8369  1.1174
   352   196   140  3.8323  1.1181
   346   193   147  3.8295  1.1080
   351   193   146  3.8253  1.1074
   352   197   140  3.8194  1.1126
   353   194   140  3.8181  1.1121
   355   200   140  3.8167  1.1115
   351   193   143  3.8139  1.1064
   355   193   140  3.8049  1.1065
   349   193   145  3.8042  1.0998
   352   195   140  3.8029  1.1056
   343   193   149  3.7989  1.0927
   355   193   145  3.7888  1.0933
   353   199   140  3.7821  1.0968
   345   193   148  3.7779  1.0851
   351   193   149  3.7745  1.0825
   348   193   144  3.7734  1.0881
   354   193   140  3.7708  1.0920
   352   198   140  3.7636  1.0890
   355   205   145  3.7571  1.0800
   355   205   144  3.7556  1.0807
   347   193   141  3.7522  1.0830
   354   200   140  3.7507  1.0836
   355   207   146  3.7431  1.0730
   350   193   143  3.7372  1.0742
   350   193   146  3.7357  1.0700
   352   194   140  3.7333  1.0763
   355   206   148  3.7207  1.0614
   351   196   140  3.7168  1.0694
   353   193   140  3.7099  1.0666
   348   193   142  3.7019  1.0608
   351   197   140  3.6970  1.0612
   351   195   140  3.6933  1.0597
   348   193   145  3.6882  1.0515
   342   193   149  3.6750  1.0416
   352   193   149  3.6725  1.0406
   352   199   140  3.6665  1.0486
   355   201   140  3.6655  1.0482
   353   200   140  3.6530  1.0430
   349   193   143  3.6381  1.0333
   351   198   140  3.6346  1.0355
   351   194   140  3.6284  1.0329
   352   193   140  3.6266  1.0322
   355   200   149  3.6207  1.0196
   347   193   144  3.6199  1.0248
   355   207   143  3.6171  1.0248
   355   199   149  3.6169  1.0180
   349   193   146  3.6165  1.0212
   346   193   141  3.6130  1.0255
   355   201   149  3.6063  1.0137
   355   198   149  3.5976  1.0103
   355   208   141  3.5932  1.0174
   354   201   140  3.5906  1.0175
   355   207   142  3.5886  1.0144
   350   196   140  3.5826  1.0143
   345   193   147  3.5793  1.0050
   355   202   149  3.5700  0.9992
   337   203   149  3.5656  0.9974
   350   195   140  3.5653  1.0073
   355   197   149  3.5653  0.9973
   353   193   149  3.5638  0.9967
   344   193   148  3.5627  0.9973
   337   204   149  3.5619  0.9960
   337   202   149  3.5588  0.9947
   350   197   140  3.5571  1.0040
   337   205   149  3.5455  0.9895
   347   193   145  3.5441  0.9931
   337   201   149  3.5420  0.9880
   347   193   142  3.5361  0.9932
   351   199   140  3.5323  0.9940
   352   200   140  3.5317  0.9937
   341   193   149  3.5304  0.9834
   355   208   147  3.5274  0.9843
   351   193   140  3.5251  0.9911
   343   211   149  3.5219  0.9801
   355   196   149  3.5216  0.9800
   355   206   144  3.5192  0.9843
   348   193   143  3.5169  0.9845
   337   200   149  3.5142  0.9770
   337   206   149  3.5131  0.9766
   355   203   149  3.5085  0.9748
   344   211   149  3.5071  0.9743
   350   194   140  3.5061  0.9835
   356   199   147  4.8336  1.5771
   356   198   147  4.8237  1.5719
   356   200   147  4.8218  1.5710
   356   197   147  4.7948  1.5571
   356   201   147  4.7831  1.5511
   356   196   147  4.7467  1.5326
   356   202   147  4.7110  1.5146
   356   195   147  4.6762  1.4972
   356   198   148  4.6454  1.4800
   356   197   148  4.6390  1.4769
   356   199   148  4.6332  1.4740
   356   200   141  4.6242  1.4822
   356   201   141  4.6242  1.4822
   356   196   148  4.6148  1.4649
   356   203   147  4.5995  1.4591
   356   200   148  4.5983  1.4568
   356   199   141  4.5919  1.4661
   356   202   141  4.5849  1.4627
   356   194   147  4.5787  1.4489
   356   195   148  4.5705  1.4432
   356   201   148  4.5339  1.4254
   356   198   141  4.5330  1.4371
   356   194   148  4.5018  1.4099
   356   203   141  4.5006  1.4213
   356   200   143  4.4973  1.4162
   356   199   143  4.4931  1.4141
   353   192   148  4.4836  1.4011
   352   192   147  4.4822  1.4021
   353   192   147  4.4818  1.4019
   352   192   148  4.4809  1.3998
   356   201   146  4.4804  1.4029
   356   200   146  4.4768  1.4011
   356   201   143  4.4637  1.3999
   356   198   143  4.4543  1.3954
   356   197   141  4.4521  1.3978
   354   192   148  4.4509  1.3854
   356   193   147  4.4504  1.3868
   354   192   147  4.4477  1.3855
   351   192   147  4.4465  1.3850
   351   192   148  4.4450  1.3826
   356   202   146  4.4449  1.3858
   356   204   147  4.4444  1.3840
   356   199   146  4.4418  1.3844
   356   202   148  4.4320  1.3765
   356   193   148  4.4047  1.3635
   356   202   143  4.3899  1.3646
   356   197   143  4.3851  1.3623
   356   198   146  4.3826  1.3563
   355   192   147  4.3826  1.3547
   355   192   148  4.3815  1.3526
   350   192   148  4.3784  1.3511
   350   192   147  4.3724  1.3499
   356   204   141  4.3681  1.3576
   356   203   146  4.3626  1.3468
   356   196   141  4.3510  1.3495
   356   197   146  4.3044  1.3197
   356   192   147  4.2900  1.3114
   356   196   143  4.2889  1.3172
   356   203   148  4.2858  1.3080
   349   192   148  4.2835  1.3069
   356   192   148  4.2768  1.3039
   356   203   143  4.2751  1.3107
   356   200   145  4.2719  1.3062
   356   199   145  4.2601  1.3007
   349   192   147  4.2591  1.2972
   356   205   147  4.2447  1.2906
   356   201   145  4.2406  1.2917
   356   195   141  4.2302  1.2931
   356   204   146  4.2282  1.2845
   356   198   145  4.2153  1.2801
   356   196   146  4.2106  1.2765
   356   201   142  4.2032  1.2792
   356   200   142  4.1918  1.2739
   356   205   141  4.1884  1.2740
   356   202   142  4.1859  1.2712
   356   195   143  4.1685  1.2618
   348   192   148  4.1621  1.2516
   356   199   142  4.1605  1.2597
   356   202   145  4.1568  1.2536
   356   200   144  4.1490  1.2515
   356   199   144  4.1475  1.2508
   356   197   145  4.1460  1.2487
   356   203   142  4.1309  1.2463
   356   204   143  4.1206  1.2402
   356   198   144  4.1205  1.2387
   356   201   144  4.1179  1.2375
   356   198   142  4.1167  1.2399
   348   192   147  4.1079  1.2287
   356   195   146  4.1027  1.2278
   356   204   148  4.0922  1.2204
   356   194   141  4.0892  1.2290
   356   197   144  4.0752  1.2184
   356   197   142  4.0654  1.2169
   356   196   145  4.0577  1.2092
   356   202   144  4.0479  1.2063
   356   205   146  4.0410  1.2005
   356   197   140  4.0331  1.2055
   356   204   142  4.0311  1.2017
   356   194   143  4.0252  1.1977
   356   196   140  4.0248  1.2018
   356   196   144  4.0173  1.1928
   347   192   148  4.0163  1.1869
   356   203   145  4.0146  1.1902
   356   196   142  4.0092  1.1920
   356   198   140  4.0076  1.1942
   356   206   147  4.0035  1.1827
   356   195   140  3.9842  1.1839
   356   194   146  3.9803  1.1739
   356   206   141  3.9676  1.1752
   356   195   145  3.9520  1.1629
   356   195   144  3.9507  1.1637
   356   195   142  3.9486  1.1655
   356   199   140  3.9461  1.1672
   356   203   144  3.9347  1.1568
   356   205   143  3.9295  1.1559
   356   193   141  3.9280  1.1579
   347   192   147  3.9229  1.1478
   352   192   144  3.9169  1.1491
   356   194   140  3.9122  1.1525
   353   192   144  3.9026  1.1429
   351   192   144  3.8972  1.1406
   356   205   142  3.8832  1.1372
   356   194   142  3.8829  1.1371
   356   194   144  3.8769  1.1319
   352   192   142  3.8750  1.1337
   353   192   142  3.8743  1.1334
   352   192   141  3.8636  1.1301
   356   193   143  3.8601  1.1260
   354   192   144  3.8587  1.1241
   353   192   141  3.8557  1.1268
   356   205   148  3.8534  1.1169
   351   192   141  3.8515  1.1250
   346   192   148  3.8480  1.1146
   356   200   140  3.8460  1.1240
   354   192   142  3.8452  1.1210
   351   192   142  3.8430  1.1200
   356   193   146  3.8419  1.1145
   350   192   144  3.8413  1.1167
   354   192   141  3.8316  1.1165
   347   192   149  3.8294  1.1055
   356   194   145  3.8286  1.1101
   350   192   141  3.8168  1.1102
   348   192   149  3.8157  1.0998
   346   192   149  3.8152  1.0996
   356   204   145  3.8138  1.1038
   356   193   142  3.8104  1.1062
   356   193   140  3.8091  1.1082
   356   206   146  3.8058  1.0992
   356   193   144  3.7952  1.0972
   355   192   141  3.7948  1.1009
   355   192   142  3.7944  1.0994
   355   192   144  3.7903  1.0952
   356   204   144  3.7772  1.0897
   349   192   149  3.7769  1.0836
   350   192   142  3.7761  1.0917
   345   192   149  3.7723  1.0817
   349   192   141  3.7578  1.0853
   349   192   144  3.7503  1.0784
   356   192   141  3.7484  1.0814
   352   192   145  3.7310  1.0692
   356   192   142  3.7287  1.0719
   356   207   147  3.7276  1.0654
   354   192   146  3.7221  1.0643
   353   192   145  3.7181  1.0639
   350   192   149  3.7173  1.0589
   356   207   141  3.7152  1.0675
   355   192   146  3.7152  1.0615
   351   192   145  3.7146  1.0624
   346   192   147  3.7113  1.0587
   356   206   143  3.7080  1.0621
   356   201   140  3.7053  1.0647
   353   192   146  3.7041  1.0569
   356   192   144  3.7033  1.0589
   344   192   149  3.7020  1.0526
   355   192   143  3.6925  1.0557
   354   192   143  3.6919  1.0554
   356   206   142  3.6888  1.0553
   356   193   145  3.6864  1.0508
   356   192   146  3.6857  1.0493
   354   192   145  3.6774  1.0471
   349   192   142  3.6753  1.0498
   356   192   140  3.6751  1.0522
   348   192   141  3.6750  1.0509
   356   192   143  3.6743  1.0482
   353   192   143  3.6716  1.0470
   350   192   145  3.6687  1.0435
   355   192   140  3.6679  1.0492
   345   192   148  3.6604  1.0367
   352   192   146  3.6599  1.0388
   351   192   149  3.6422  1.0283
   354   192   140  3.6314  1.0342
   352   192   143  3.6313  1.0306
   348   192   144  3.6293  1.0286
   355   192   145  3.6118  1.0204
   343   192   149  3.6063  1.0137
   349   192   145  3.5940  1.0132
   351   192   146  3.5893  1.0102
   356   205   144  3.5785  1.0080
   356   206   148  3.5783  1.0036
   351   192   143  3.5715  1.0063
   347   192   141  3.5704  1.0082
   353   192   140  3.5694  1.0090
   356   205   145  3.5613  1.0000
   352   192   149  3.5561  0.9937
   348   192   142  3.5444  0.9966
   356   207   146  3.5333  0.9878
   356   192   145  3.5259  0.9859
   356   202   140  3.5235  0.9905
   357   199   147  4.6642  1.4912
   357   198   147  4.6594  1.4888
   357   200   147  4.6495  1.4839
   357   197   147  4.6372  1.4778
   357   201   147  4.6105  1.4645
   357   196   147  4.5968  1.4578
   357   202   147  4.5411  1.4305
   357   195   147  4.5345  1.4274
   357   198   148  4.4505  1.3853
   357   197   148  4.4476  1.3839
   357   194   147  4.4455  1.3845
   357   200   141  4.4448  1.3942
   357   199   148  4.4380  1.3793
   357   201   141  4.4359  1.3900
   357   203   147  4.4355  1.3797
   357   196   148  4.4299  1.3755
   357   199   141  4.4245  1.3845
   357   200   148  4.4055  1.3639
   357   195   148  4.3947  1.3588
   357   202   141  4.3915  1.3688
   357   198   141  4.3806  1.3635
   357   201   148  4.3458  1.3359
   357   199   143  4.3426  1.3423
   357   194   148  4.3375  1.3320
   357   200   143  4.3368  1.3396
   357   193   147  4.3259  1.3281
   357   197   141  4.3166  1.3333
   357   198   143  4.3166  1.3301
   357   203   141  4.3060  1.3284
   357   201   143  4.2956  1.3203
   357   204   147  4.2897  1.3113
   353   191   148  4.2889  1.3095
   352   191   148  4.2819  1.3062
   353   191   147  4.2714  1.3029
   352   191   147  4.2694  1.3020
   354   191   148  4.2650  1.2984
   357   197   143  4.2624  1.3049
   357   193   148  4.2541  1.2934
   357   202   148  4.2503  1.2917
   351   191   148  4.2466  1.2900
   357   200   146  4.2443  1.2919
   354   191   147  4.2422  1.2895
   351   191   147  4.2347  1.2860
   357   196   141  4.2337  1.2948
   357   199   146  4.2324  1.2864
   357   201   146  4.2299  1.2853
   357   202   143  4.2167  1.2838
   355   191   148  4.2083  1.2725
   357   198   146  4.1992  1.2713
   350   191   148  4.1854  1.2621
   355   191   147  4.1842  1.2630
   357   196   143  4.1834  1.2686
   357   202   146  4.1830  1.2639
   357   204   141  4.1763  1.2684
   357   192   147  4.1745  1.2586
   350   191   147  4.1659  1.2547
   357   197   146  4.1480  1.2481
   357   192   148  4.1417  1.2425
   357   195   141  4.1311  1.2479
   356   191   148  4.1191  1.2324
   357   203   148  4.1116  1.2290
   357   205   147  4.1026  1.2264
   349   191   148  4.1002  1.2239
   356   191   147  4.1001  1.2253
   357   203   143  4.0996  1.2308
   357   203   146  4.0971  1.2253
   357   195   143  4.0814  1.2226
   357   196   146  4.0807  1.2180
   349   191   147  4.0627  1.2087
   357   200   145  4.0609  1.2106
   357   199   145  4.0570  1.2089
   357   201   145  4.0246  1.1946
   357   198   145  4.0230  1.1939
   357   201   142  4.0129  1.1937
   357   194   141  4.0073  1.1926
   357   200   142  4.0045  1.1899
   357   205   141  4.0035  1.1909
   357   197   140  4.0031  1.1922
   357   191   148  4.0011  1.1803
   357   195   146  3.9974  1.1814
   357   202   142  3.9959  1.1862
   357   191   147  3.9942  1.1786
   357   196   140  3.9928  1.1876
   348   191   148  3.9920  1.1764
   357   199   144  3.9857  1.1790
   357   198   140  3.9824  1.1831
   357   199   142  3.9794  1.1789
   357   200   144  3.9788  1.1759
   357   198   144  3.9677  1.1711
   357   204   146  3.9672  1.1682
   357   197   145  3.9668  1.1694
   357   194   143  3.9568  1.1677
   357   195   140  3.9528  1.1701
   357   204   143  3.9460  1.1630
   357   198   142  3.9452  1.1640
   357   203   142  3.9443  1.1636
   357   201   144  3.9404  1.1592
   357   202   145  3.9389  1.1573
   357   197   144  3.9314  1.1553
   357   199   140  3.9285  1.1595
   348   191   147  3.9265  1.1493
   357   204   148  3.9260  1.1478
   357   197   142  3.9066  1.1473
   357   194   146  3.8972  1.1380
   357   196   145  3.8934  1.1377
   357   194   140  3.8831  1.1399
   357   196   144  3.8825  1.1343
   357   206   147  3.8768  1.1280
   357   196   142  3.8659  1.1298
   357   202   144  3.8649  1.1267
   347   191   148  3.8616  1.1203
   357   193   141  3.8616  1.1293
   357   204   142  3.8513  1.1236
   357   200   140  3.8382  1.1206
   357   195   144  3.8249  1.1098
   357   195   142  3.8228  1.1114
   357   193   143  3.8095  1.1045
   357   195   145  3.8039  1.0997
   357   203   145  3.7984  1.0974
   357   206   141  3.7932  1.1002
   357   205   146  3.7922  1.0935
   357   193   140  3.7831  1.0972
   357   193   146  3.7779  1.0875
   357   194   142  3.7754  1.0914
   352   191   144  3.7637  1.0840
   353   191   144  3.7610  1.0829
   347   191   147  3.7608  1.0792
   357   194   144  3.7600  1.0825
   357   205   143  3.7598  1.0836
   357   203   144  3.7488  1.0778
   351   191   144  3.7355  1.0723
   353   191   142  3.7321  1.0733
   354   191   144  3.7300  1.0700
   352   191   142  3.7207  1.0686
   357   193   142  3.7207  1.0686
   354   191   142  3.7187  1.0677
   357   205   142  3.7138  1.0657
   346   191   148  3.7096  1.0569
   357   201   140  3.7086  1.0660
   357   194   145  3.6971  1.0552
   357   205   148  3.6956  1.0511
   357   192   141  3.6950  1.0592
   357   193   144  3.6870  1.0522
   355   191   142  3.6847  1.0536
   351   191   142  3.6814  1.0523
   350   191   144  3.6756  1.0475
   355   191   144  3.6744  1.0470
   347   191   149  3.6630  1.0367
   348   191   149  3.6571  1.0343
   357   192   142  3.6548  1.0413
   357   192   140  3.6521  1.0427
   346   191   149  3.6429  1.0285
   357   192   143  3.6400  1.0341
   352   191   141  3.6391  1.0361
   357   192   146  3.6376  1.0297
   353   191   141  3.6348  1.0344
   356   191   142  3.6348  1.0332
   349   191   149  3.6278  1.0224
   351   191   141  3.6274  1.0313
   357   207   147  3.6180  1.0206
   354   191   141  3.6175  1.0273
   350   191   142  3.6128  1.0242
   357   192   144  3.6038  1.0183
   357   204   145  3.6033  1.0169
   356   191   144  3.5985  1.0161
   350   191   141  3.5969  1.0189
   345   191   149  3.5958  1.0095
   357   204   144  3.5919  1.0134
   355   191   141  3.5899  1.0161
   349   191   144  3.5859  1.0110
   350   191   149  3.5794  1.0030
   357   206   146  3.5757  1.0047
   357   191   142  3.5735  1.0083
   357   193   145  3.5713  1.0040
   346   191   147  3.5710  1.0017
   357   207   141  3.5542  1.0016
   356   191   141  3.5540  1.0016
   357   206   143  3.5473  0.9966
   349   191   141  3.5460  0.9983
   357   202   140  3.5382  0.9964
   345   191   148  3.5376  0.9873
   357   206   142  3.5331  0.9920
   355   191   146  3.5263  0.9850
   344   191   149  3.5226  0.9804
   354   191   146  3.5193  0.9822
   351   191   149  3.5163  0.9779
   349   191   142  3.5155  0.9850
   356   191   140  3.5117  0.9858
   357   191   141  3.5112  0.9844
   356   191   146  3.5105  0.9787
   357   191   144  3.5076  0.9797
   352   191   145  3.5059  0.9779
   355   191   140  3.5020  0.9819
   353   191   145  3.5014  0.9761
   358   199   147  4.4923  1.4069
   358   198   147  4.4900  1.4058
   358   200   147  4.4770  1.3996
   358   197   147  4.4718  1.3971
   358   201   147  4.4399  1.3818
   358   196   147  4.4365  1.3802
   358   195   147  4.3801  1.3535
   358   202   147  4.3751  1.3512
   358   194   147  4.2978  1.3151
   358   203   147  4.2773  1.3056
   358   200   141  4.2714  1.3122
   358   199   141  4.2643  1.3089
   358   201   141  4.2523  1.3033
   358   198   148  4.2402  1.2871
   358   197   148  4.2398  1.2869
   358   198   141  4.2355  1.2956
   358   199   148  4.2279  1.2815
   358   196   148  4.2272  1.2811
   358   202   141  4.2015  1.2800
   358   195   148  4.1998  1.2686
   358   200   148  4.1983  1.2680
   358   199   143  4.1916  1.2723
   358   197   141  4.1877  1.2736
   358   193   147  4.1857  1.2637
   358   200   143  4.1773  1.2658
   358   198   143  4.1764  1.2654
   358   194   148  4.1529  1.2475
   358   201   148  4.1437  1.2433
   358   204   147  4.1423  1.2441
   358   197   143  4.1354  1.2469
   358   201   143  4.1299  1.2444
   358   196   141  4.1209  1.2433
   358   203   141  4.1144  1.2403
   358   193   148  4.0821  1.2159
   358   196   143  4.0716  1.2182
   353   190   148  4.0702  1.2106
   352   190   148  4.0609  1.2065
   358   202   148  4.0551  1.2040
   354   190   148  4.0539  1.2034
   358   202   143  4.0472  1.2074
   358   192   147  4.0430  1.2000
   353   190   147  4.0390  1.1982
   352   190   147  4.0354  1.1967
   358   195   141  4.0339  1.2044
   351   190   148  4.0289  1.1925
   358   199   146  4.0286  1.1950
   358   198   146  4.0199  1.1912
   358   200   146  4.0183  1.1905
   354   190   147  4.0140  1.1873
   355   190   148  4.0095  1.1840
   351   190   147  4.0023  1.1821
   358   197   146  3.9934  1.1796
   358   204   141  3.9881  1.1842
   358   195   143  3.9861  1.1805
   358   201   146  3.9860  1.1764
   358   192   148  3.9848  1.1732
   350   190   148  3.9763  1.1695
   358   205   147  3.9689  1.1676
   355   190   147  3.9623  1.1648
   358   196   146  3.9496  1.1606
   358   197   140  3.9456  1.1670
   350   190   147  3.9389  1.1547
   356   190   148  3.9362  1.1522
   358   196   140  3.9345  1.1621
   358   203   143  3.9291  1.1557
   358   198   140  3.9283  1.1594
   358   202   146  3.9276  1.1510
   358   203   148  3.9251  1.1474
   358   194   141  3.9245  1.1564
   349   190   148  3.9042  1.1385
   358   195   140  3.8956  1.1453
   358   195   146  3.8878  1.1340
   356   190   147  3.8867  1.1322
   358   199   140  3.8803  1.1387
   358   194   143  3.8784  1.1339
   358   191   147  3.8724  1.1262
   358   191   148  3.8609  1.1201
   358   199   145  3.8564  1.1219
   358   200   145  3.8506  1.1194
   349   190   147  3.8458  1.1149
   358   203   146  3.8381  1.1128
   357   190   148  3.8359  1.1095
   358   198   145  3.8342  1.1125
   358   194   140  3.8280  1.1163
   358   201   142  3.8279  1.1136
   358   199   144  3.8265  1.1105
   358   200   142  3.8260  1.1128
   358   205   141  3.8238  1.1132
   358   198   144  3.8185  1.1071
   348   190   148  3.8124  1.0996
   358   199   142  3.8102  1.1061
   358   200   144  3.8102  1.1036
   358   201   145  3.8077  1.1013
   358   202   142  3.8076  1.1050
   358   194   146  3.8064  1.0995
   358   200   140  3.7982  1.1036
   358   197   144  3.7920  1.0959
   358   193   141  3.7918  1.0996
   358   197   145  3.7914  1.0944
   357   190   147  3.7908  1.0917
   358   198   142  3.7875  1.0965
   358   204   143  3.7779  1.0912
   358   201   144  3.7640  1.0842
   358   197   142  3.7620  1.0858
   358   206   147  3.7588  1.0784
   358   203   142  3.7570  1.0837
   358   196   144  3.7520  1.0791
   358   204   148  3.7496  1.0734
   358   193   143  3.7476  1.0785
   358   196   142  3.7355  1.0747
   358   196   145  3.7321  1.0697
   358   193   140  3.7304  1.0751
   348   190   147  3.7244  1.0641
   358   202   145  3.7198  1.0646
   358   190   148  3.7136  1.0585
   358   204   146  3.7134  1.0607
   358   195   142  3.7070  1.0629
   358   193   146  3.7031  1.0565
   358   195   144  3.7020  1.0584
   347   190   148  3.7001  1.0530
   358   202   144  3.6835  1.0508
   358   190   147  3.6799  1.0458
   358   201   140  3.6790  1.0537
   358   194   142  3.6740  1.0492
   358   204   142  3.6696  1.0475
   358   195   145  3.6570  1.0387
   358   194   144  3.6437  1.0345
   358   192   141  3.6368  1.0352
   358   193   142  3.6323  1.0321
   358   206   141  3.6262  1.0308
   353   190   144  3.6070  1.0195
   358   192   140  3.6015  1.0220
   352   190   144  3.5997  1.0166
   358   205   143  3.5981  1.0171
   358   192   143  3.5928  1.0149
   353   190   142  3.5881  1.0142
   354   190   144  3.5874  1.0116
   354   190   142  3.5856  1.0132
   358   203   145  3.5822  1.0084
   347   190   147  3.5776  1.0044
   358   192   142  3.5773  1.0098
   358   193   144  3.5765  1.0072
   358   192   146  3.5759  1.0048
   352   190   142  3.5687  1.0063
   346   190   148  3.5664  0.9988
   358   203   144  3.5662  1.0031
   358   194   145  3.5645  1.0013
   351   190   144  3.5642  1.0023
   355   190   142  3.5637  1.0043
   358   205   146  3.5516  0.9950
   355   190   144  3.5434  0.9939
   358   205   142  3.5425  0.9958
   358   205   148  3.5308  0.9846
   351   190   142  3.5254  0.9890
   356   190   142  3.5252  0.9889
   358   202   140  3.5207  0.9893
   358   207   147  3.5169  0.9802
   348   190   149  3.5097  0.9753
   347   190   149  3.5091  0.9750
   358   191   142  3.5039  0.9804
   350   190   144  3.5011  0.9771
   359   199   147  4.3269  1.3286
   359   198   147  4.3247  1.3276
   359   200   147  4.3130  1.3221
   359   197   147  4.3080  1.3198
   359   201   147  4.2791  1.3064
   359   196   147  4.2752  1.3046
   359   195   147  4.2223  1.2804
   359   202   147  4.2198  1.2792
   359   194   147  4.1446  1.2452
   359   203   147  4.1300  1.2386
   359   199   141  4.1188  1.2423
   359   200   141  4.1126  1.2395
   359   198   141  4.1043  1.2358
   359   201   141  4.0824  1.2260
   359   197   141  4.0704  1.2206
   359   199   143  4.0513  1.2092
   359   198   143  4.0450  1.2064
   359   193   147  4.0385  1.1980
   359   197   148  4.0320  1.1938
   359   198   148  4.0312  1.1935
   359   200   143  4.0298  1.1997
   359   202   141  4.0243  1.2001
   359   196   148  4.0227  1.1898
   359   199   148  4.0195  1.1883
   359   196   141  4.0167  1.1968
   359   197   143  4.0148  1.1931
   359   204   147  4.0055  1.1835
   359   195   148  4.0009  1.1802
   359   200   148  3.9922  1.1764
   359   201   143  3.9770  1.1765
   359   196   143  3.9632  1.1705
   359   194   148  3.9620  1.1633
   359   195   141  3.9416  1.1639
   359   201   148  3.9414  1.1545
   359   203   141  3.9348  1.1609
   359   192   147  3.9033  1.1393
   359   193   148  3.9016  1.1374
   359   195   143  3.8909  1.1392
   359   202   143  3.8909  1.1392
   359   197   140  3.8699  1.1342
   359   196   140  3.8586  1.1293
   359   202   148  3.8586  1.1190
   359   198   146  3.8559  1.1204
   359   198   140  3.8545  1.1276
   359   197   146  3.8507  1.1182
   359   205   147  3.8447  1.1144
   359   194   141  3.8432  1.1214
   359   199   146  3.8429  1.1149
   353   189   148  3.8364  1.1097
   352   189   148  3.8268  1.1056
   359   196   146  3.8265  1.1079
   354   189   148  3.8263  1.1054
   359   195   140  3.8205  1.1131
   359   192   148  3.8170  1.1015
   359   204   141  3.8120  1.1082
   359   200   146  3.8119  1.1018
   359   199   140  3.8105  1.1088
   351   189   148  3.8003  1.0945
   359   194   143  3.7969  1.0992
   355   189   148  3.7933  1.0916
   353   189   147  3.7919  1.0922
   352   189   147  3.7871  1.0902
   359   195   146  3.7818  1.0892
   359   203   143  3.7720  1.0888
   354   189   147  3.7706  1.0833
   359   201   146  3.7623  1.0810
   350   189   148  3.7588  1.0772
   351   189   147  3.7556  1.0770
   359   194   140  3.7542  1.0851
   359   191   147  3.7419  1.0713
   359   203   148  3.7361  1.0678
   356   189   148  3.7352  1.0674
   359   200   140  3.7349  1.0770
   355   189   147  3.7249  1.0643
   359   193   141  3.7206  1.0698
   359   194   146  3.7149  1.0614
   359   191   148  3.7079  1.0562
   349   189   148  3.7019  1.0537
   350   189   147  3.6974  1.0530
   359   202   146  3.6923  1.0520
   359   198   144  3.6832  1.0506
   359   199   144  3.6814  1.0499
   359   193   143  3.6792  1.0502
   359   199   145  3.6707  1.0444
   359   197   144  3.6658  1.0435
   359   200   142  3.6643  1.0452
   359   198   145  3.6610  1.0404
   359   199   142  3.6604  1.0437
   359   193   140  3.6575  1.0449
   356   189   147  3.6575  1.0367
   359   205   141  3.6567  1.0434
   359   201   142  3.6563  1.0420
   359   200   144  3.6559  1.0394
   359   200   145  3.6542  1.0376
   357   189   148  3.6524  1.0335
   359   198   142  3.6503  1.0395
   359   206   147  3.6489  1.0332
   359   197   142  3.6376  1.0343
   359   196   144  3.6334  1.0303
   359   197   145  3.6310  1.0282
   359   202   142  3.6296  1.0310
   348   189   148  3.6282  1.0237
   359   201   140  3.6247  1.0314
   359   193   146  3.6235  1.0240
   359   204   143  3.6235  1.0274
   359   196   142  3.6232  1.0284
   349   189   147  3.6136  1.0189
   359   195   142  3.6059  1.0214
   359   201   145  3.6038  1.0171
   359   201   144  3.6025  1.0177
   359   203   146  3.5987  1.0140
   359   195   144  3.5892  1.0123
   359   196   145  3.5843  1.0092
   359   194   142  3.5824  1.0119
   359   203   142  3.5771  1.0097
   359   190   148  3.5764  1.0028
   359   192   141  3.5749  1.0100
   357   189   147  3.5719  1.0021
   359   204   148  3.5706  1.0005
   359   190   147  3.5600  0.9973
   359   193   142  3.5485  0.9982
   358   189   148  3.5479  0.9914
   359   192   143  3.5360  0.9921
   347   189   148  3.5350  0.9863
   359   194   144  3.5348  0.9905
   359   192   140  3.5291  0.9927
   359   195   145  3.5211  0.9840
   359   202   144  3.5180  0.9838
   359   202   145  3.5133  0.9809
   348   189   147  3.5059  0.9758
   359   192   146  3.5055  0.9767
   360   199   147  4.1727  1.2578
   360   198   147  4.1692  1.2562
   360   200   147  4.1613  1.2527
   360   197   147  4.1520  1.2485
   360   201   147  4.1312  1.2391
   360   196   147  4.1198  1.2340
   360   202   147  4.0773  1.2151
   360   195   147  4.0685  1.2112
   360   203   147  3.9945  1.1788
   360   194   147  3.9937  1.1784
   360   199   141  3.9891  1.1846
   360   198   141  3.9869  1.1837
   360   200   141  3.9703  1.1764
   360   197   141  3.9644  1.1738
   360   201   141  3.9292  1.1584
   360   198   143  3.9291  1.1557
   360   199   143  3.9280  1.1552
   360   196   141  3.9206  1.1547
   360   197   143  3.9070  1.1462
   360   200   143  3.9001  1.1432
   360   193   147  3.8920  1.1345
   360   204   147  3.8790  1.1290
   360   196   143  3.8644  1.1278
   360   202   141  3.8636  1.1302
   360   195   141  3.8540  1.1261
   360   201   143  3.8419  1.1183
   360   197   148  3.8393  1.1109
   360   198   148  3.8383  1.1105
   360   196   148  3.8312  1.1075
   360   199   148  3.8271  1.1057
   360   195   148  3.8121  1.0995
   360   195   143  3.8014  1.1011
   360   200   148  3.8006  1.0946
   360   197   140  3.7854  1.0982
   360   194   148  3.7780  1.0852
   360   196   140  3.7741  1.0934
   360   203   141  3.7716  1.0911
   360   198   140  3.7709  1.0921
   360   194   141  3.7633  1.0876
   360   192   147  3.7628  1.0800
   360   202   143  3.7521  1.0804
   360   201   148  3.7515  1.0742
   360   195   140  3.7363  1.0776
   360   199   140  3.7293  1.0747
   360   205   147  3.7288  1.0659
   360   197   146  3.7261  1.0660
   360   193   148  3.7246  1.0630
   360   196   146  3.7170  1.0622
   360   194   143  3.7166  1.0657
   360   198   146  3.7138  1.0609
   360   195   146  3.6848  1.0490
   360   199   146  3.6821  1.0478
   360   202   148  3.6713  1.0412
   360   194   140  3.6699  1.0500
   360   200   140  3.6584  1.0453
   360   204   141  3.6522  1.0415
   360   192   148  3.6491  1.0321
   360   193   141  3.6481  1.0398
   360   200   146  3.6326  1.0277
   360   203   143  3.6320  1.0309
   360   194   146  3.6277  1.0257
   360   191   147  3.6092  1.0171
   360   193   143  3.6073  1.0208
   353   188   148  3.5972  1.0111
   354   188   148  3.5918  1.0090
   352   188   148  3.5886  1.0077
   360   193   140  3.5723  1.0101
   351   188   148  3.5691  0.9999
   355   188   148  3.5687  0.9997
   360   198   144  3.5677  1.0037
   360   201   146  3.5670  1.0012
   360   197   144  3.5577  0.9997
   360   199   144  3.5577  0.9997
   360   201   140  3.5558  1.0034
   360   203   148  3.5537  0.9937
   360   191   148  3.5509  0.9926
   360   206   147  3.5447  0.9912
   360   193   146  3.5435  0.9918
   350   188   148  3.5394  0.9881
   353   188   147  3.5374  0.9883
   360   198   142  3.5338  0.9923
   360   197   142  3.5329  0.9920
   352   188   147  3.5315  0.9860
   360   196   144  3.5310  0.9890
   360   199   142  3.5307  0.9911
   360   196   142  3.5285  0.9902
   356   188   148  3.5245  0.9822
   360   200   144  3.5245  0.9864
   360   200   142  3.5212  0.9873
   354   188   147  3.5195  0.9812
   360   195   142  3.5188  0.9863
   360   198   145  3.5099  0.9795
   360   192   141  3.5098  0.9838
   360   199   145  3.5075  0.9786
   360   205   141  3.5060  0.9824
   360   201   142  3.5013  0.9793
   351   188   147  3.5013  0.9740
   360   194   142  3.5006  0.9791
   361   199   147  4.0290  1.1938
   361   198   147  4.0234  1.1914
   361   200   147  4.0204  1.1901
   361   197   147  4.0050  1.1833
   361   201   147  3.9940  1.1785
   361   196   147  3.9723  1.1691
   361   202   147  3.9448  1.1572
   361   195   147  3.9217  1.1472
   361   198   141  3.8786  1.1366
   361   199   141  3.8705  1.1331
   361   203   147  3.8679  1.1242
   361   197   141  3.8648  1.1306
   361   194   147  3.8488  1.1162
   361   200   141  3.8411  1.1205
   361   198   143  3.8292  1.1129
   361   196   141  3.8280  1.1150
   361   199   143  3.8219  1.1098
   361   197   143  3.8131  1.1060
   361   201   141  3.7904  1.0990
   361   200   143  3.7878  1.0954
   361   196   143  3.7761  1.0904
   361   195   141  3.7673  1.0893
   361   204   147  3.7594  1.0786
   361   193   147  3.7504  1.0749
   361   201   143  3.7240  1.0687
   361   202   141  3.7183  1.0688
   361   195   143  3.7183  1.0663
   361   197   140  3.6997  1.0623
   361   196   140  3.6882  1.0575
   361   198   140  3.6855  1.0565
   361   194   141  3.6819  1.0537
   361   197   148  3.6706  1.0409
   361   198   148  3.6704  1.0408
   361   196   148  3.6617  1.0373
   361   199   148  3.6592  1.0363
   361   195   140  3.6496  1.0417
   361   199   140  3.6454  1.0399
   361   195   148  3.6425  1.0294
   361   194   143  3.6378  1.0332
   361   200   148  3.6320  1.0252
   361   202   143  3.6300  1.0300
   361   192   147  3.6262  1.0239
   361   203   141  3.6245  1.0302
   361   196   146  3.6222  1.0234
   361   197   146  3.6202  1.0226
   361   205   147  3.6174  1.0204
   361   194   148  3.6095  1.0161
   361   195   146  3.5981  1.0137
   361   198   146  3.5943  1.0122
   361   194   140  3.5816  1.0139
   361   201   148  3.5815  1.0049
   361   200   140  3.5780  1.0124
   361   193   141  3.5723  1.0089
   361   193   148  3.5590  0.9959
   361   199   146  3.5471  0.9932
   361   194   146  3.5461  0.9928
   361   193   143  3.5317  0.9904
   361   204   141  3.5090  0.9835
   361   203   143  3.5081  0.9810
   361   202   148  3.5006  0.9727
   362   199   147  3.8902  1.1338
   362   200   147  3.8844  1.1313
   362   198   147  3.8825  1.1305
   362   197   147  3.8628  1.1221
   362   201   147  3.8614  1.1215
   362   196   147  3.8297  1.1081
   362   202   147  3.8163  1.1024
   362   195   147  3.7798  1.0871
   362   198   141  3.7716  1.0911
   362   197   141  3.7640  1.0879
   362   199   141  3.7560  1.0846
   362   203   147  3.7442  1.0723
   362   198   143  3.7398  1.0753
   362   196   141  3.7322  1.0746
   362   197   143  3.7279  1.0703
   362   199   143  3.7273  1.0701
   362   200   141  3.7187  1.0690
   362   194   147  3.7088  1.0577
   362   196   143  3.6937  1.0562
   362   200   143  3.6874  1.0536
   362   195   141  3.6756  1.0511
   362   201   141  3.6611  1.0451
   362   204   147  3.6414  1.0301
   362   195   143  3.6373  1.0330
   362   201   143  3.6180  1.0251
   362   197   140  3.6166  1.0281
   362   193   147  3.6137  1.0189
   362   196   140  3.6043  1.0231
   362   198   140  3.6030  1.0226
   362   194   141  3.5943  1.0178
   362   202   141  3.5848  1.0140
   362   199   140  3.5641  1.0068
   362   195   140  3.5640  1.0068
   362   194   143  3.5568  1.0004
   362   196   146  3.5381  0.9897
   362   197   146  3.5287  0.9859
   362   198   148  3.5285  0.9837
   362   197   148  3.5271  0.9832
   362   202   143  3.5196  0.9856
   362   195   146  3.5183  0.9818
   362   199   148  3.5171  0.9792
   362   196   148  3.5154  0.9786
   362   205   147  3.5061  0.9759
   363   199   147  3.7489  1.0743
   363   200   147  3.7457  1.0729
   363   198   147  3.7394  1.0703
   363   201   147  3.7260  1.0648
   363   197   147  3.7188  1.0618
   363   196   147  3.6858  1.0483
   363   202   147  3.6848  1.0478
   363   198   141  3.6585  1.0441
   363   197   141  3.6546  1.0425
   363   198   143  3.6520  1.0390
   363   197   143  3.6427  1.0352
   363   199   141  3.6387  1.0360
   363   195   147  3.6374  1.0285
   363   199   143  3.6353  1.0322
   363   196   141  3.6258  1.0307
   363   203   147  3.6174  1.0204
   363   196   143  3.6091  1.0216
   363   200   141  3.5971  1.0190
   363   200   143  3.5904  1.0140
   363   195   141  3.5722  1.0089
   363   194   147  3.5692  1.0010
   363   195   143  3.5512  0.9982
   363   197   140  3.5368  0.9958
   363   201   141  3.5365  0.9945
   363   198   140  3.5244  0.9908
   363   196   140  3.5226  0.9901
   363   204   147  3.5201  0.9814
   363   201   143  3.5163  0.9842
   364   199   147  3.5998  1.0133
   364   200   147  3.5993  1.0131
   364   198   147  3.5887  1.0088
   364   201   147  3.5831  1.0066
   364   197   147  3.5677  1.0004
   364   198   143  3.5568  1.0004
   364   197   143  3.5486  0.9971
   364   202   147  3.5464  0.9919
   364   199   143  3.5374  0.9927
   364   196   147  3.5357  0.9876
   364   198   141  3.5344  0.9937
   364   197   141  3.5312  0.9924
   364   199   141  3.5143  0.9856
   364   196   143  3.5139  0.9833
   364   196   141  3.5037  0.9814
