#   X     Y     Z      S       D
    70   336   294  4.2875  1.4959
    70   335   294  4.2864  1.4954
    69   336   294  4.2740  1.4886
    69   335   294  4.2733  1.4882
    71   336   294  4.2633  1.4827
    70   337   294  4.2625  1.4823
    71   335   294  4.2611  1.4815
    69   337   294  4.2481  1.4745
    71   337   294  4.2407  1.4705
    71   337   295  4.0553  1.3762
    71   336   295  4.0260  1.3609
    70   337   295  4.0210  1.3583
    70   336   295  3.9865  1.3405
    71   335   295  3.9607  1.3273
    69   337   295  3.9532  1.3234
    70   335   295  3.9156  1.3043
    69   336   295  3.9131  1.3031
    69   335   295  3.8374  1.2651
    70   334   294  4.2577  1.4797
    69   334   294  4.2451  1.4729
    71   334   294  4.2318  1.4657
    68   336   294  4.2211  1.4599
    68   335   294  4.2204  1.4595
    70   338   294  4.2154  1.4568
    72   336   294  4.2037  1.4505
    72   335   294  4.1992  1.4481
    69   338   294  4.1988  1.4479
    71   338   294  4.1976  1.4472
    68   337   294  4.1954  1.4461
    68   334   294  4.1932  1.4449
    72   337   294  4.1850  1.4405
    72   334   294  4.1688  1.4318
    72   338   294  4.1477  1.4206
    68   338   294  4.1455  1.4194
    72   337   295  4.0528  1.3749
    71   338   295  4.0502  1.3735
    72   338   295  4.0464  1.3715
    72   336   295  4.0269  1.3614
    70   338   295  4.0199  1.3577
    72   335   295  3.9666  1.3303
    69   338   295  3.9573  1.3256
    70   335   296  3.9544  1.3280
    70   336   296  3.9479  1.3247
    69   335   296  3.9432  1.3223
    69   336   296  3.9374  1.3193
    71   335   296  3.9359  1.3185
    70   334   296  3.9295  1.3153
    71   336   296  3.9281  1.3145
    69   334   296  3.9193  1.3101
    70   337   296  3.9113  1.3060
    71   334   296  3.9111  1.3059
    68   335   296  3.9075  1.3041
    69   337   296  3.9023  1.3014
    68   336   296  3.9010  1.3008
    71   337   296  3.8897  1.2951
    68   334   296  3.8862  1.2933
    72   335   296  3.8846  1.2925
    72   336   296  3.8757  1.2880
    72   334   295  3.8730  1.2829
    68   337   296  3.8664  1.2834
    68   338   295  3.8661  1.2794
    71   334   295  3.8614  1.2771
    72   334   296  3.8604  1.2803
    68   337   295  3.8568  1.2748
    70   338   296  3.8482  1.2742
    69   338   296  3.8408  1.2705
    72   337   296  3.8364  1.2683
    71   338   296  3.8253  1.2627
    68   336   295  3.8125  1.2527
    70   334   295  3.8113  1.2522
    68   338   296  3.8061  1.2532
    72   338   296  3.7719  1.2363
    68   335   295  3.7347  1.2146
    69   334   295  3.7304  1.2125
    68   334   295  3.6287  1.1636
    69   334   293  3.5408  1.1159
    68   334   293  3.5345  1.1130
    70   334   293  3.5223  1.1074
    70   333   294  4.2023  1.4498
    69   333   294  4.1914  1.4439
    71   333   294  4.1755  1.4354
    70   339   294  4.1513  1.4225
    69   333   297  4.1460  1.4326
    68   333   294  4.1424  1.4178
    70   333   297  4.1417  1.4303
    71   339   294  4.1392  1.4161
    69   339   294  4.1307  1.4116
    68   333   297  4.1286  1.4233
    67   336   294  4.1276  1.4100
    67   335   294  4.1271  1.4097
    69   334   297  4.1194  1.4184
    71   333   297  4.1141  1.4156
    72   333   294  4.1117  1.4016
    73   336   294  4.1116  1.4015
    70   334   297  4.1109  1.4138
    73   335   294  4.1033  1.3972
    68   334   297  4.1027  1.4095
    67   337   294  4.1027  1.3968
    67   334   294  4.1021  1.3966
    73   337   294  4.0986  1.3947
    72   339   294  4.0968  1.3938
    67   333   297  4.0903  1.4029
    71   334   297  4.0769  1.3958
    68   339   294  4.0756  1.3826
    69   335   297  4.0717  1.3931
    73   334   294  4.0706  1.3801
    73   338   294  4.0686  1.3790
    72   333   297  4.0615  1.3877
    67   334   297  4.0614  1.3877
    70   335   297  4.0583  1.3860
    68   335   297  4.0567  1.3852
    67   333   294  4.0561  1.3725
    67   338   294  4.0536  1.3712
    73   339   294  4.0265  1.3571
    72   334   297  4.0175  1.3646
    71   335   297  4.0174  1.3646
    71   339   295  4.0146  1.3550
    67   335   297  4.0136  1.3626
    73   337   295  4.0135  1.3544
    73   333   294  4.0124  1.3499
    72   339   295  4.0115  1.3534
    73   338   295  4.0088  1.3520
    69   336   297  4.0017  1.3564
    68   336   297  3.9885  1.3496
    73   336   295  3.9882  1.3414
    70   339   295  3.9865  1.3405
    70   336   297  3.9842  1.3473
    67   339   294  3.9838  1.3352
    73   333   297  3.9823  1.3464
    73   339   295  3.9778  1.3360
    72   335   297  3.9506  1.3300
    67   336   297  3.9447  1.3270
    71   336   297  3.9374  1.3232
    73   334   297  3.9333  1.3211
    73   335   295  3.9308  1.3121
    69   339   295  3.9283  1.3108
    69   337   297  3.9100  1.3092
    68   337   297  3.8982  1.3032
    70   337   297  3.8899  1.2990
    70   333   296  3.8748  1.2876
    69   333   296  3.8677  1.2840
    72   336   297  3.8645  1.2861
    73   335   297  3.8609  1.2843
    71   333   296  3.8548  1.2775
    67   337   297  3.8547  1.2812
    67   335   296  3.8530  1.2766
    67   336   296  3.8440  1.2721
    73   334   295  3.8422  1.2675
    68   339   295  3.8421  1.2675
    71   337   297  3.8396  1.2736
    68   333   296  3.8395  1.2698
    67   334   296  3.8362  1.2682
    67   337   296  3.8088  1.2546
    72   333   296  3.8034  1.2519
    73   335   296  3.8011  1.2507
    69   338   297  3.7990  1.2534
    67   333   296  3.7964  1.2484
    73   336   296  3.7921  1.2463
    68   338   297  3.7880  1.2479
    70   338   297  3.7783  1.2431
    73   334   296  3.7772  1.2389
    73   336   297  3.7700  1.2390
    70   339   296  3.7637  1.2323
    72   337   297  3.7630  1.2356
    69   339   296  3.7575  1.2292
    73   337   296  3.7536  1.2273
    72   333   295  3.7511  1.2226
    67   338   295  3.7501  1.2221
    67   338   296  3.7488  1.2250
    67   338   297  3.7459  1.2271
    71   339   296  3.7405  1.2209
    67   337   295  3.7375  1.2159
    71   333   295  3.7342  1.2143
    67   339   295  3.7305  1.2125
    71   338   297  3.7275  1.2181
    73   333   295  3.7262  1.2105
    68   339   296  3.7240  1.2129
    73   333   296  3.7203  1.2110
    67   336   295  3.6921  1.1939
    73   338   296  3.6910  1.1969
    72   339   296  3.6883  1.1955
    70   333   295  3.6809  1.1885
    69   339   297  3.6734  1.1918
    67   339   296  3.6674  1.1855
    73   337   297  3.6660  1.1882
    68   339   297  3.6627  1.1866
    70   339   297  3.6539  1.1824
    72   338   297  3.6507  1.1808
    67   339   297  3.6229  1.1675
    67   335   295  3.6162  1.1577
    73   339   296  3.6108  1.1584
    71   339   297  3.6054  1.1592
    69   333   295  3.6004  1.1502
    69   333   293  3.5979  1.1425
    68   333   293  3.5886  1.1382
    69   333   292  3.5846  1.1331
    70   333   293  3.5836  1.1358
    70   333   292  3.5823  1.1320
    68   333   292  3.5676  1.1252
    67   333   293  3.5599  1.1247
    71   333   292  3.5591  1.1212
    73   338   297  3.5541  1.1348
    71   333   293  3.5424  1.1166
    67   333   292  3.5323  1.1089
    72   339   297  3.5317  1.1243
    69   334   292  3.5205  1.1035
    70   334   292  3.5192  1.1028
    67   334   295  3.5161  1.1107
    67   334   293  3.5071  1.1004
    68   333   295  3.5037  1.1050
    68   334   292  3.5034  1.0956
    69   332   297  4.1535  1.4367
    70   332   297  4.1516  1.4356
    68   332   297  4.1370  1.4278
    71   332   297  4.1283  1.4231
    70   332   294  4.1235  1.4078
    69   332   294  4.1160  1.4039
    67   332   297  4.1031  1.4097
    71   332   294  4.0945  1.3926
    72   332   297  4.0802  1.3976
    70   340   294  4.0749  1.3823
    68   332   294  4.0724  1.3810
    71   340   294  4.0702  1.3799
    66   332   297  4.0514  1.3824
    69   340   294  4.0488  1.3687
    72   340   294  4.0365  1.3623
    66   333   297  4.0311  1.3717
    72   332   294  4.0295  1.3587
    73   332   297  4.0041  1.3576
    66   334   297  3.9957  1.3533
    71   335   298  3.9947  1.3568
    66   335   294  3.9945  1.3407
    66   336   294  3.9939  1.3404
    67   332   294  3.9936  1.3402
    74   336   294  3.9905  1.3386
    68   340   294  3.9902  1.3385
    71   336   298  3.9901  1.3544
    74   337   294  3.9847  1.3357
    72   335   298  3.9818  1.3501
    74   335   294  3.9768  1.3316
    73   340   294  3.9756  1.3310
    71   334   298  3.9754  1.3468
    66   334   294  3.9734  1.3299
    70   336   298  3.9725  1.3453
    72   336   298  3.9721  1.3451
    70   335   298  3.9711  1.3446
    66   337   294  3.9699  1.3281
    72   334   298  3.9692  1.3436
    74   338   294  3.9635  1.3248
    71   337   298  3.9630  1.3403
    71   340   295  3.9538  1.3238
    72   340   295  3.9531  1.3234
    70   337   298  3.9497  1.3335
    70   334   298  3.9451  1.3311
    66   335   297  3.9431  1.3261
    72   337   298  3.9425  1.3298
    74   334   294  3.9407  1.3132
    74   338   295  3.9406  1.3171
    74   337   295  3.9404  1.3169
    66   333   294  3.9344  1.3100
    72   333   298  3.9343  1.3256
    71   333   298  3.9338  1.3253
    73   335   298  3.9335  1.3252
    74   339   294  3.9308  1.3082
    73   332   294  3.9295  1.3075
    73   334   298  3.9262  1.3214
    70   340   295  3.9262  1.3097
    73   340   295  3.9247  1.3089
    66   338   294  3.9227  1.3041
    73   336   298  3.9208  1.3186
    69   336   298  3.9201  1.3183
    74   339   295  3.9163  1.3047
    71   338   298  3.9162  1.3163
    69   335   298  3.9129  1.3146
    74   336   295  3.9126  1.3028
    70   338   298  3.9049  1.3105
    69   337   298  3.9025  1.3093
    74   332   297  3.8984  1.3033
    70   333   298  3.8974  1.3067
    67   340   294  3.8972  1.2913
    73   333   298  3.8972  1.3066
    72   338   298  3.8963  1.3061
    73   337   298  3.8912  1.3035
    74   340   294  3.8894  1.2874
    66   332   294  3.8821  1.2837
    69   334   298  3.8815  1.2986
    74   333   294  3.8807  1.2830
    72   332   298  3.8800  1.2978
    74   333   297  3.8764  1.2922
    71   332   298  3.8742  1.2949
    66   336   297  3.8716  1.2898
    69   340   295  3.8708  1.2818
    74   340   295  3.8707  1.2817
    69   338   298  3.8619  1.2886
    74   335   295  3.8555  1.2741
    66   339   294  3.8546  1.2700
    74   335   298  3.8535  1.2844
    71   339   298  3.8531  1.2842
    74   334   298  3.8489  1.2821
    73   338   298  3.8482  1.2817
    73   332   298  3.8478  1.2815
    70   339   298  3.8418  1.2785
    74   336   298  3.8405  1.2778
    68   336   298  3.8367  1.2759
    72   339   298  3.8361  1.2756
    70   332   298  3.8337  1.2744
    69   333   298  3.8298  1.2725
    74   334   297  3.8259  1.2668
    68   335   298  3.8250  1.2700
    68   337   298  3.8244  1.2698
    74   333   298  3.8237  1.2694
    74   337   298  3.8137  1.2644
    69   339   298  3.8017  1.2584
    74   332   294  3.7974  1.2417
    70   332   296  3.7941  1.2473
    73   339   298  3.7936  1.2544
    69   332   296  3.7924  1.2464
    68   334   298  3.7906  1.2529
    68   338   298  3.7894  1.2523
    68   340   295  3.7888  1.2410
    66   335   296  3.7842  1.2424
    66   337   297  3.7815  1.2447
    74   332   298  3.7778  1.2465
    71   340   298  3.7763  1.2457
    74   338   298  3.7761  1.2457
    66   334   296  3.7741  1.2374
    68   332   296  3.7715  1.2361
    66   336   296  3.7711  1.2359
    71   332   296  3.7705  1.2356
    74   334   295  3.7697  1.2316
    66   340   294  3.7689  1.2277
    69   332   298  3.7645  1.2399
    70   340   298  3.7638  1.2396
    72   340   298  3.7635  1.2394
    74   335   297  3.7515  1.2299
    66   333   296  3.7430  1.2222
    68   333   298  3.7381  1.2269
    67   332   296  3.7374  1.2194
    68   339   298  3.7346  1.2251
    66   337   296  3.7337  1.2176
    67   336   298  3.7296  1.2227
    74   339   298  3.7289  1.2224
    73   340   298  3.7276  1.2217
    69   340   298  3.7257  1.2208
    67   337   298  3.7220  1.2190
    72   332   296  3.7172  1.2096
    67   335   298  3.7153  1.2157
    66   332   296  3.6946  1.1986
    67   338   298  3.6931  1.2048
    74   335   296  3.6895  1.1961
    74   336   296  3.6820  1.1925
    67   340   295  3.6814  1.1888
    67   334   298  3.6809  1.1989
    66   338   297  3.6749  1.1925
    68   332   298  3.6745  1.1958
    66   338   296  3.6731  1.1882
    74   334   296  3.6652  1.1844
    68   340   298  3.6637  1.1905
    70   340   296  3.6636  1.1836
    74   336   297  3.6591  1.1849
    74   333   295  3.6590  1.1780
    69   340   296  3.6575  1.1807
    74   337   296  3.6465  1.1754
    67   339   298  3.6454  1.1817
    69   332   292  3.6436  1.1608
    71   340   296  3.6412  1.1729
    70   332   292  3.6400  1.1591
    69   332   293  3.6373  1.1610
    73   332   296  3.6338  1.1693
    67   333   298  3.6310  1.1748
    70   332   293  3.6284  1.1568
    68   332   292  3.6272  1.1530
    68   340   296  3.6246  1.1650
    68   332   293  3.6243  1.1549
    71   332   292  3.6139  1.1468
    66   338   295  3.6134  1.1563
    72   332   295  3.6097  1.1546
    74   333   296  3.6089  1.1575
    66   336   298  3.6082  1.1638
    66   337   298  3.6041  1.1619
    66   337   295  3.6010  1.1504
    66   339   295  3.5958  1.1480
    67   332   293  3.5941  1.1407
    71   332   293  3.5937  1.1406
    66   335   298  3.5935  1.1568
    67   332   292  3.5926  1.1368
    66   339   296  3.5919  1.1494
    72   340   296  3.5917  1.1493
    73   332   295  3.5909  1.1457
    71   332   295  3.5888  1.1447
    74   338   296  3.5883  1.1477
    67   340   298  3.5818  1.1513
    66   338   298  3.5811  1.1509
    67   332   298  3.5726  1.1468
    67   340   296  3.5687  1.1385
    72   332   292  3.5623  1.1228
    66   334   298  3.5619  1.1418
    66   336   295  3.5588  1.1306
    66   339   297  3.5560  1.1357
    74   337   297  3.5549  1.1352
    66   332   293  3.5510  1.1206
    66   340   295  3.5500  1.1265
    66   339   298  3.5410  1.1319
    66   332   292  3.5409  1.1128
    69   340   297  3.5391  1.1278
    70   332   295  3.5351  1.1196
    72   332   293  3.5306  1.1112
    74   332   295  3.5304  1.1174
    68   340   297  3.5286  1.1229
    74   332   296  3.5238  1.1175
    70   340   297  3.5221  1.1198
    73   340   296  3.5190  1.1152
    66   333   298  3.5178  1.1210
    66   333   293  3.5159  1.1044
    74   339   296  3.5138  1.1128
    72   333   292  3.5129  1.1000
    69   331   297  4.1441  1.4316
    70   331   297  4.1415  1.4302
    68   331   297  4.1304  1.4243
    71   331   297  4.1191  1.4182
    67   331   297  4.1022  1.4093
    72   331   297  4.0721  1.3933
    66   331   297  4.0586  1.3862
    70   331   294  4.0257  1.3567
    69   331   294  4.0240  1.3559
    65   331   297  3.9966  1.3537
    73   331   297  3.9962  1.3536
    71   331   294  3.9929  1.3399
    71   341   294  3.9927  1.3398
    70   341   294  3.9890  1.3378
    68   331   294  3.9883  1.3375
    65   332   297  3.9796  1.3449
    72   341   294  3.9683  1.3273
    69   341   294  3.9561  1.3210
    65   333   297  3.9495  1.3294
    72   331   294  3.9257  1.3056
    67   331   294  3.9198  1.3026
    73   341   294  3.9167  1.3011
    65   334   297  3.9054  1.3069
    68   341   294  3.8927  1.2890
    74   331   297  3.8891  1.2986
    71   336   299  3.8847  1.3041
    72   341   295  3.8756  1.2842
    71   337   299  3.8750  1.2991
    71   341   295  3.8728  1.2828
    72   336   299  3.8692  1.2962
    70   337   299  3.8603  1.2917
    70   336   299  3.8591  1.2910
    71   335   299  3.8579  1.2904
    72   335   299  3.8543  1.2887
    73   341   295  3.8530  1.2729
    72   337   299  3.8475  1.2852
    75   337   294  3.8475  1.2664
    75   338   295  3.8469  1.2698
    65   335   297  3.8462  1.2769
    75   336   294  3.8448  1.2651
    70   341   295  3.8442  1.2685
    75   337   295  3.8393  1.2660
    74   341   294  3.8391  1.2622
    75   338   294  3.8357  1.2606
    75   339   295  3.8310  1.2619
    65   335   294  3.8264  1.2560
    73   331   294  3.8251  1.2553
    75   335   294  3.8244  1.2550
    71   338   299  3.8240  1.2733
    65   336   294  3.8232  1.2544
    70   335   299  3.8228  1.2727
    70   338   299  3.8209  1.2718
    66   331   294  3.8208  1.2532
    73   336   299  3.8134  1.2680
    75   339   294  3.8126  1.2491
    72   331   298  3.8117  1.2634
    73   335   299  3.8114  1.2670
    65   334   294  3.8114  1.2486
    72   334   299  3.8102  1.2664
    74   341   295  3.8064  1.2497
    69   337   299  3.8061  1.2643
    75   336   295  3.8060  1.2495
    71   331   298  3.8035  1.2593
    71   334   299  3.8031  1.2628
    65   337   294  3.7994  1.2427
    67   341   294  3.7972  1.2416
    69   336   299  3.7960  1.2593
    75   340   295  3.7938  1.2435
    69   341   295  3.7900  1.2416
    72   338   299  3.7860  1.2543
    75   334   294  3.7836  1.2349
    73   331   298  3.7822  1.2487
    65   333   294  3.7820  1.2341
    73   337   299  3.7804  1.2515
    75   340   294  3.7798  1.2331
    73   334   299  3.7797  1.2511
    69   338   299  3.7778  1.2502
    65   336   297  3.7712  1.2396
    75   332   297  3.7646  1.2363
    70   331   298  3.7620  1.2387
    70   334   299  3.7610  1.2418
    65   338   294  3.7544  1.2206
    69   335   299  3.7539  1.2383
    75   331   297  3.7520  1.2301
    75   335   298  3.7471  1.2313
    75   335   295  3.7461  1.2201
    75   333   297  3.7459  1.2271
    72   333   299  3.7455  1.2342
    65   332   294  3.7422  1.2147
    75   334   298  3.7421  1.2288
    70   339   299  3.7405  1.2316
    75   341   295  3.7372  1.2158
    75   341   294  3.7367  1.2120
    75   336   298  3.7366  1.2261
    74   335   299  3.7327  1.2278
    71   339   299  3.7326  1.2277
    71   333   299  3.7305  1.2267
    73   333   299  3.7255  1.2243
    74   336   299  3.7230  1.2230
    75   333   294  3.7213  1.2046
    68   337   299  3.7179  1.2205
    75   333   298  3.7179  1.2169
    75   337   298  3.7146  1.2153
    74   331   298  3.7140  1.2150
    74   334   299  3.7134  1.2183
    68   341   295  3.7108  1.2029
    73   338   299  3.7103  1.2168
    69   339   299  3.7099  1.2166
    65   335   296  3.7036  1.2030
    68   336   299  3.7021  1.2128
    65   334   296  3.7018  1.2021
    68   338   299  3.6995  1.2115
    69   331   296  3.6988  1.2006
    75   334   297  3.6984  1.2039
    65   331   294  3.6955  1.1921
    69   331   292  3.6947  1.1850
    69   331   298  3.6941  1.2053
    74   331   294  3.6937  1.1913
    70   331   296  3.6931  1.1979
    69   334   299  3.6897  1.2067
    70   331   292  3.6894  1.1825
    65   339   294  3.6891  1.1891
    71   341   298  3.6874  1.2021
    68   331   296  3.6869  1.1949
    72   339   299  3.6862  1.2050
    65   336   296  3.6847  1.1938
    70   333   299  3.6844  1.2041
    75   338   298  3.6840  1.2004
    65   333   296  3.6812  1.1921
    65   337   297  3.6809  1.1954
    74   337   299  3.6806  1.2022
    68   331   292  3.6794  1.1777
    72   341   298  3.6786  1.1978
    70   341   298  3.6738  1.1954
    75   332   298  3.6733  1.1952
    74   340   298  3.6707  1.1939
    74   333   299  3.6704  1.1973
    72   332   299  3.6690  1.1966
    66   341   294  3.6687  1.1793
    71   331   296  3.6641  1.1839
    67   331   296  3.6634  1.1835
    75   334   295  3.6607  1.1788
    71   331   292  3.6603  1.1686
    69   331   293  3.6602  1.1719
    68   335   299  3.6586  1.1915
    70   331   293  3.6575  1.1706
    73   332   299  3.6562  1.1904
    71   332   299  3.6496  1.1871
    73   341   298  3.6485  1.1832
    67   331   292  3.6460  1.1619
    75   339   298  3.6448  1.1814
    68   339   299  3.6447  1.1848
    65   332   296  3.6446  1.1745
    65   337   296  3.6439  1.1742
    68   331   293  3.6436  1.1640
    75   332   294  3.6379  1.1646
    69   341   298  3.6376  1.1779
    66   331   296  3.6321  1.1685
    71   331   293  3.6307  1.1579
    75   335   297  3.6267  1.1693
    75   335   299  3.6257  1.1756
    70   340   299  3.6247  1.1751
    75   334   299  3.6168  1.1713
    69   333   299  3.6140  1.1700
    67   331   293  3.6124  1.1493
    75   331   298  3.6101  1.1647
    74   332   299  3.6096  1.1679
    68   331   298  3.6083  1.1639
    72   331   296  3.6080  1.1571
    69   340   299  3.6072  1.1667
    71   340   299  3.6070  1.1666
    67   341   295  3.6069  1.1532
    75   336   299  3.6068  1.1665
    65   340   294  3.6061  1.1496
    73   339   299  3.6056  1.1660
    74   338   299  3.6049  1.1656
    72   331   292  3.6036  1.1420
    67   337   299  3.6033  1.1648
    70   332   299  3.6030  1.1647
    74   341   298  3.5982  1.1590
    68   334   299  3.5970  1.1618
    66   331   292  3.5962  1.1385
    65   331   296  3.5944  1.1506
    75   340   298  3.5942  1.1571
    67   338   299  3.5926  1.1597
    72   331   299  3.5879  1.1575
    67   336   299  3.5851  1.1561
    75   333   299  3.5838  1.1555
    65   338   296  3.5818  1.1447
    68   341   298  3.5806  1.1507
    73   331   299  3.5784  1.1530
    65   338   297  3.5775  1.1459
    72   331   293  3.5763  1.1324
    66   331   293  3.5709  1.1299
    71   331   299  3.5680  1.1480
    75   337   299  3.5581  1.1433
    75   335   296  3.5571  1.1330
    68   340   299  3.5570  1.1428
    72   340   299  3.5550  1.1418
    75   333   295  3.5536  1.1282
    75   336   296  3.5526  1.1309
    70   341   296  3.5525  1.1309
    67   339   299  3.5503  1.1396
    69   341   296  3.5453  1.1275
    67   335   299  3.5446  1.1369
    75   336   297  3.5370  1.1268
    74   331   299  3.5368  1.1332
    69   332   299  3.5367  1.1331
    75   331   294  3.5359  1.1168
    71   341   296  3.5326  1.1215
    75   334   296  3.5319  1.1212
    65   331   292  3.5316  1.1085
    75   332   299  3.5312  1.1305
    68   333   299  3.5273  1.1287
    70   331   299  3.5246  1.1274
    73   331   296  3.5243  1.1177
    65   331   293  3.5222  1.1073
    75   337   296  3.5219  1.1166
    73   331   292  3.5170  1.1018
    67   331   298  3.5135  1.1190
    68   341   296  3.5124  1.1121
    65   341   294  3.5080  1.1039
    67   341   298  3.5060  1.1155
    65   339   296  3.5006  1.1067
    69   330   297  4.1190  1.4182
    70   330   297  4.1125  1.4147
    68   330   297  4.1106  1.4137
    67   330   297  4.0891  1.4023
    71   330   297  4.0870  1.4012
    66   330   297  4.0536  1.3836
    72   330   297  4.0374  1.3750
    65   330   297  4.0006  1.3558
    73   330   297  3.9587  1.3342
    71   336   300  3.9402  1.3366
    71   337   300  3.9356  1.3342
    70   337   300  3.9269  1.3297
    70   336   300  3.9255  1.3290
    64   330   297  3.9251  1.3169
    72   336   300  3.9250  1.3287
    69   330   294  3.9202  1.3029
    71   335   300  3.9171  1.3247
    72   337   300  3.9157  1.3239
    70   330   294  3.9142  1.2998
    64   331   297  3.9116  1.3100
    72   335   300  3.9065  1.3192
    71   338   300  3.9061  1.3190
    71   342   294  3.9052  1.2953
    70   338   300  3.9036  1.3177
    70   335   300  3.8975  1.3145
    68   330   294  3.8946  1.2899
    70   342   294  3.8930  1.2891
    72   342   294  3.8897  1.2875
    69   337   300  3.8885  1.3099
    64   332   297  3.8842  1.2961
    72   338   300  3.8822  1.3067
    73   336   300  3.8819  1.3066
    69   336   300  3.8805  1.3058
    71   330   294  3.8759  1.2806
    69   338   300  3.8729  1.3020
    73   337   300  3.8698  1.3004
    73   335   300  3.8673  1.2991
    71   334   300  3.8655  1.2982
    70   339   300  3.8591  1.2949
    72   334   300  3.8590  1.2949
    71   339   300  3.8559  1.2933
    69   342   294  3.8528  1.2691
    74   330   297  3.8485  1.2781
    69   335   300  3.8477  1.2891
    73   342   294  3.8466  1.2660
    64   333   297  3.8437  1.2757
    70   334   300  3.8427  1.2866
    67   330   294  3.8382  1.2618
    69   339   300  3.8361  1.2832
    73   338   300  3.8348  1.2826
    72   339   300  3.8288  1.2795
    73   334   300  3.8241  1.2772
    68   337   300  3.8205  1.2753
    74   336   300  3.8146  1.2724
    68   338   300  3.8132  1.2716
    68   336   300  3.8059  1.2680
    72   330   294  3.8056  1.2457
    74   335   300  3.8026  1.2663
    74   337   300  3.8019  1.2659
    70   340   300  3.7969  1.2635
    69   334   300  3.7912  1.2606
    64   334   297  3.7902  1.2490
    71   340   300  3.7888  1.2594
    71   333   300  3.7876  1.2588
    68   339   300  3.7852  1.2576
    68   342   294  3.7840  1.2351
    72   333   300  3.7838  1.2569
    72   342   295  3.7822  1.2378
    73   339   300  3.7813  1.2556
    69   340   300  3.7809  1.2555
    74   342   294  3.7761  1.2313
    71   342   295  3.7756  1.2346
    68   335   300  3.7695  1.2497
    74   338   300  3.7680  1.2490
    73   342   295  3.7651  1.2294
    70   333   300  3.7641  1.2470
    74   334   300  3.7634  1.2467
    72   340   300  3.7597  1.2448
    66   330   294  3.7533  1.2201
    73   333   300  3.7530  1.2415
    70   342   295  3.7451  1.2196
    68   340   300  3.7383  1.2342
    72   330   298  3.7363  1.2260
    69   330   292  3.7345  1.2041
    76   338   295  3.7325  1.2135
    71   330   298  3.7292  1.2225
    75   336   300  3.7280  1.2291
    70   330   292  3.7271  1.2005
    76   339   295  3.7253  1.2100
    74   342   295  3.7249  1.2098
    67   338   300  3.7245  1.2274
    64   335   297  3.7241  1.2164
    67   337   300  3.7240  1.2271
    68   330   292  3.7210  1.1976
    70   341   300  3.7200  1.2252
    74   339   300  3.7174  1.2239
    75   335   300  3.7168  1.2236
    75   337   300  3.7167  1.2235
    76   337   295  3.7162  1.2056
    69   333   300  3.7142  1.2223
    73   340   300  3.7133  1.2218
    68   334   300  3.7131  1.2217
    69   341   300  3.7099  1.2202
    75   330   297  3.7083  1.2087
    71   341   300  3.7082  1.2193
    73   330   298  3.7062  1.2112
    67   339   300  3.7054  1.2179
    73   330   294  3.7041  1.1963
    67   336   300  3.7039  1.2172
    74   333   300  3.6971  1.2139
    76   340   295  3.6962  1.1959
    71   330   292  3.6948  1.1850
    76   337   294  3.6907  1.1899
    69   342   295  3.6906  1.1932
    70   330   298  3.6901  1.2034
    67   330   292  3.6897  1.1826
    76   338   294  3.6883  1.1887
    71   332   300  3.6882  1.2095
    75   338   300  3.6865  1.2087
    67   342   294  3.6853  1.1873
    72   332   300  3.6852  1.2080
    75   334   300  3.6807  1.2058
    76   336   294  3.6792  1.1843
    75   342   294  3.6790  1.1842
    72   341   300  3.6781  1.2046
    76   336   295  3.6755  1.1859
    68   341   300  3.6744  1.2027
    76   339   294  3.6740  1.1818
    70   330   293  3.6717  1.1774
    69   330   293  3.6685  1.1759
    67   340   300  3.6671  1.1992
    70   332   300  3.6668  1.1990
    67   335   300  3.6656  1.1984
    75   342   295  3.6619  1.1794
    73   332   300  3.6577  1.1946
    74   340   300  3.6535  1.1925
    71   330   293  3.6532  1.1686
    76   335   294  3.6514  1.1710
    68   330   293  3.6487  1.1665
    76   340   294  3.6485  1.1697
    76   341   295  3.6461  1.1719
    64   336   297  3.6456  1.1784
    65   330   294  3.6437  1.1674
    66   330   292  3.6425  1.1602
    75   339   300  3.6413  1.1866
    68   333   300  3.6407  1.1863
    74   330   298  3.6376  1.1780
    73   341   300  3.6338  1.1830
    72   330   292  3.6334  1.1560
    64   335   294  3.6298  1.1608
    76   336   300  3.6269  1.1796
    69   330   298  3.6265  1.1726
    64   334   294  3.6233  1.1577
    69   332   300  3.6222  1.1774
    64   336   294  3.6220  1.1571
    76   335   298  3.6199  1.1694
    64   334   296  3.6193  1.1624
    75   333   300  3.6191  1.1758
    76   337   300  3.6190  1.1758
    67   330   293  3.6174  1.1517
    76   335   300  3.6148  1.1738
    76   336   298  3.6140  1.1666
    68   342   295  3.6126  1.1559
    67   334   300  3.6119  1.1724
    76   334   298  3.6119  1.1656
    64   335   296  3.6115  1.1587
    67   341   300  3.6108  1.1718
    76   341   294  3.6106  1.1517
    76   335   295  3.6105  1.1550
    64   333   296  3.6104  1.1582
    72   330   293  3.6085  1.1475
    66   338   300  3.6082  1.1706
    76   332   297  3.6082  1.1605
    74   332   300  3.6066  1.1698
    64   333   294  3.6059  1.1495
    76   334   294  3.6054  1.1493
    66   337   300  3.6011  1.1672
    76   337   298  3.5981  1.1590
    64   337   294  3.5972  1.1454
    66   339   300  3.5971  1.1652
    76   333   297  3.5957  1.1545
    76   338   300  3.5944  1.1640
    69   330   296  3.5920  1.1495
    76   331   297  3.5907  1.1522
    68   330   296  3.5903  1.1487
    71   342   298  3.5874  1.1539
    64   332   296  3.5865  1.1469
    76   333   298  3.5860  1.1533
    64   336   296  3.5855  1.1464
    65   330   292  3.5812  1.1315
    64   332   294  3.5808  1.1377
    72   342   298  3.5807  1.1507
    76   334   300  3.5802  1.1572
    66   330   293  3.5786  1.1335
    70   330   296  3.5779  1.1428
    67   330   296  3.5778  1.1428
    66   336   300  3.5774  1.1558
    76   342   295  3.5758  1.1386
    76   338   298  3.5745  1.1478
    71   331   300  3.5744  1.1544
    74   330   294  3.5740  1.1345
    70   342   298  3.5739  1.1475
    72   331   300  3.5702  1.1523
    66   340   300  3.5669  1.1508
    66   330   296  3.5582  1.1335
    70   331   300  3.5577  1.1464
    68   332   300  3.5573  1.1462
    76   342   294  3.5562  1.1262
    66   342   294  3.5560  1.1261
    64   337   297  3.5559  1.1357
    76   334   297  3.5553  1.1354
    73   342   298  3.5540  1.1381
    64   338   294  3.5538  1.1251
    64   331   294  3.5502  1.1234
    64   331   296  3.5492  1.1293
    68   330   298  3.5472  1.1349
    67   333   300  3.5471  1.1413
    73   331   300  3.5443  1.1400
    76   330   297  3.5442  1.1302
    71   330   296  3.5429  1.1264
    76   339   298  3.5423  1.1326
    76   332   298  3.5405  1.1317
    69   342   298  3.5405  1.1317
    76   333   294  3.5404  1.1189
    64   337   296  3.5404  1.1252
    73   330   292  3.5401  1.1125
    66   335   300  3.5399  1.1379
    65   330   293  3.5348  1.1131
    73   330   293  3.5347  1.1131
    75   332   300  3.5339  1.1351
    75   330   298  3.5331  1.1282
    65   330   296  3.5325  1.1215
    75   341   298  3.5278  1.1257
    76   334   295  3.5232  1.1140
    76   333   300  3.5222  1.1296
    69   331   300  3.5216  1.1293
    64   330   294  3.5148  1.1070
    67   342   295  3.5111  1.1084
    72   330   299  3.5079  1.1196
    74   342   298  3.5077  1.1163
    64   330   292  3.5076  1.0975
    69   329   297  4.0790  1.3969
    68   329   297  4.0778  1.3963
    70   329   297  4.0656  1.3899
    67   329   297  4.0639  1.3890
    66   329   297  4.0362  1.3744
    71   329   297  4.0337  1.3731
    65   329   297  3.9913  1.3510
    72   329   297  3.9780  1.3441
    64   329   297  3.9241  1.3164
    73   329   297  3.8940  1.3011
    63   329   297  3.8297  1.2687
    63   330   297  3.8224  1.2650
    69   329   294  3.8087  1.2472
    71   343   294  3.8024  1.2442
    63   331   297  3.7996  1.2537
    72   343   294  3.7947  1.2403
    68   329   294  3.7942  1.2401
    70   329   294  3.7938  1.2399
    70   343   294  3.7827  1.2344
    74   329   297  3.7796  1.2438
    63   332   297  3.7625  1.2353
    69   329   292  3.7598  1.2163
    73   343   294  3.7586  1.2227
    67   329   294  3.7510  1.2190
    70   329   292  3.7495  1.2113
    68   329   292  3.7492  1.2112
    71   329   294  3.7491  1.2181
    69   343   294  3.7360  1.2117
    67   329   292  3.7210  1.1976
    71   329   292  3.7138  1.1941
    63   333   297  3.7123  1.2107
    74   343   294  3.6938  1.1913
    66   329   294  3.6808  1.1851
    66   329   292  3.6773  1.1767
    72   329   294  3.6750  1.1823
    72   343   295  3.6743  1.1854
    70   329   293  3.6724  1.1777
    71   343   295  3.6643  1.1806
    69   329   293  3.6641  1.1738
    68   343   294  3.6622  1.1762
    73   343   295  3.6616  1.1793
    71   329   293  3.6616  1.1726
    72   329   298  3.6598  1.1886
    71   329   298  3.6573  1.1874
    63   334   297  3.6505  1.1808
    72   329   292  3.6479  1.1628
    68   329   293  3.6423  1.1634
    75   329   297  3.6369  1.1742
    70   343   295  3.6314  1.1649
    70   342   300  3.6310  1.1816
    72   329   293  3.6264  1.1559
    74   343   295  3.6264  1.1625
    73   329   298  3.6261  1.1724
    69   342   300  3.6252  1.1788
    70   329   298  3.6239  1.1713
    65   329   292  3.6200  1.1496
    71   342   300  3.6168  1.1747
    67   329   293  3.6119  1.1491
    77   339   295  3.6011  1.1505
    77   338   295  3.6005  1.1502
    75   343   294  3.6003  1.1469
    68   342   300  3.5951  1.1643
    72   342   300  3.5868  1.1603
    65   329   294  3.5867  1.1405
    75   340   300  3.5839  1.1589
    74   341   300  3.5790  1.1566
    63   335   297  3.5787  1.1464
    77   340   295  3.5780  1.1396
    66   329   293  3.5769  1.1327
    77   337   295  3.5759  1.1386
    69   343   295  3.5758  1.1386
    73   329   294  3.5725  1.1338
    75   343   295  3.5682  1.1350
    69   329   298  3.5673  1.1444
    73   329   293  3.5631  1.1263
    67   343   294  3.5608  1.1283
    76   339   300  3.5563  1.1457
    74   329   298  3.5548  1.1384
    64   329   292  3.5505  1.1173
    73   329   292  3.5487  1.1164
    73   342   300  3.5453  1.1405
    65   329   293  3.5391  1.1151
    67   342   300  3.5375  1.1368
    77   341   295  3.5322  1.1182
    63   333   296  3.5285  1.1196
    77   336   295  3.5273  1.1159
    63   334   296  3.5252  1.1181
    77   338   294  3.5241  1.1113
    77   337   294  3.5183  1.1086
    66   341   300  3.5178  1.1275
    63   332   296  3.5178  1.1147
    77   339   294  3.5170  1.1080
    75   341   300  3.5163  1.1268
    77   336   300  3.5155  1.1264
    77   337   300  3.5125  1.1250
    63   335   296  3.5072  1.1097
    76   340   300  3.5068  1.1223
    77   335   300  3.5007  1.1194
    68   328   297  4.0318  1.3721
    67   328   297  4.0258  1.3690
    69   328   297  4.0245  1.3683
    66   328   297  4.0055  1.3584
    70   328   297  4.0023  1.3567
    65   328   297  3.9677  1.3388
    71   328   297  3.9615  1.3356
    64   328   297  3.9076  1.3080
    72   328   297  3.8976  1.3029
    63   328   297  3.8207  1.2642
    73   328   297  3.8070  1.2573
    69   328   292  3.7673  1.2199
    68   328   292  3.7609  1.2168
    70   328   292  3.7530  1.2130
    67   328   292  3.7371  1.2053
    71   328   292  3.7132  1.1938
    62   329   297  3.7053  1.2073
    62   328   297  3.7041  1.2067
    66   328   292  3.6980  1.1866
    69   328   294  3.6921  1.1905
    62   330   297  3.6900  1.1998
    68   328   294  3.6886  1.1888
    74   328   297  3.6883  1.1990
    71   344   294  3.6772  1.1834
    72   344   294  3.6753  1.1825
    70   328   294  3.6684  1.1792
    70   328   293  3.6608  1.1722
    62   331   297  3.6589  1.1848
    67   328   294  3.6583  1.1744
    71   328   293  3.6563  1.1701
    70   344   294  3.6518  1.1712
    69   328   293  3.6489  1.1665
    65   328   292  3.6451  1.1615
    73   344   294  3.6445  1.1678
    72   328   292  3.6430  1.1605
    72   328   293  3.6295  1.1574
    68   328   293  3.6263  1.1558
    71   328   294  3.6175  1.1550
    62   332   297  3.6135  1.1630
    66   328   294  3.6024  1.1478
    69   344   294  3.6004  1.1469
    67   328   293  3.5981  1.1426
    71   328   298  3.5908  1.1555
    72   328   298  3.5860  1.1532
    74   344   294  3.5837  1.1391
    64   328   292  3.5798  1.1309
    73   328   293  3.5762  1.1323
    66   328   293  3.5679  1.1285
    70   328   298  3.5656  1.1436
    62   333   297  3.5559  1.1357
    72   344   295  3.5514  1.1272
    73   328   298  3.5465  1.1345
    75   328   297  3.5445  1.1303
    73   344   295  3.5419  1.1227
    72   328   294  3.5398  1.1186
    73   328   292  3.5389  1.1119
    71   344   295  3.5388  1.1213
    65   328   293  3.5371  1.1142
    70   343   300  3.5320  1.1342
    69   343   300  3.5287  1.1326
    68   344   294  3.5236  1.1111
    65   328   294  3.5232  1.1109
    69   328   298  3.5182  1.1212
    71   343   300  3.5169  1.1270
    74   344   295  3.5102  1.1080
    64   328   293  3.5052  1.0995
    70   344   295  3.5040  1.1051
    63   328   292  3.5036  1.0957
    68   343   300  3.5022  1.1201
    67   327   297  3.9737  1.3419
    68   327   297  3.9719  1.3410
    66   327   297  3.9603  1.3350
    69   327   297  3.9559  1.3327
    65   327   297  3.9289  1.3189
    70   327   297  3.9242  1.3165
    64   327   297  3.8753  1.2916
    71   327   297  3.8739  1.2909
    72   327   297  3.8016  1.2546
    63   327   297  3.7953  1.2515
    69   327   292  3.7532  1.2131
    68   327   292  3.7525  1.2127
    67   327   292  3.7345  1.2041
    70   327   292  3.7337  1.2037
    73   327   297  3.7045  1.2069
    66   327   292  3.7011  1.1881
    71   327   292  3.6892  1.1824
    62   327   297  3.6865  1.1981
    65   327   292  3.6534  1.1654
    70   327   293  3.6380  1.1614
    71   327   293  3.6379  1.1613
    69   327   293  3.6241  1.1548
    72   327   293  3.6178  1.1518
    72   327   292  3.6149  1.1472
    68   327   293  3.6023  1.1446
    64   327   292  3.5923  1.1367
    74   327   297  3.5828  1.1484
    68   327   294  3.5783  1.1365
    67   327   293  3.5775  1.1330
    73   327   293  3.5728  1.1307
    69   327   294  3.5720  1.1336
    67   327   294  3.5597  1.1278
    61   328   297  3.5586  1.1370
    66   327   293  3.5530  1.1216
    61   329   297  3.5519  1.1338
    61   327   297  3.5492  1.1326
    70   327   294  3.5409  1.1191
    65   327   293  3.5299  1.1109
    61   330   297  3.5292  1.1231
    71   327   298  3.5291  1.1263
    72   345   294  3.5243  1.1114
    71   345   294  3.5226  1.1106
    63   327   292  3.5189  1.1027
    66   327   294  3.5169  1.1080
    72   327   298  3.5156  1.1200
    70   327   298  3.5137  1.1191
    73   327   292  3.5072  1.0973
    64   327   293  3.5070  1.1003
    67   326   297  3.9065  1.3074
    66   326   297  3.8994  1.3038
    68   326   297  3.8977  1.3029
    65   326   297  3.8740  1.2910
    69   326   297  3.8738  1.2908
    70   326   297  3.8337  1.2707
    64   326   297  3.8267  1.2672
    71   326   297  3.7752  1.2416
    63   326   297  3.7538  1.2310
    68   326   292  3.7199  1.1971
    69   326   292  3.7139  1.1942
    67   326   292  3.7090  1.1918
    72   326   297  3.6959  1.2027
    70   326   292  3.6882  1.1819
    66   326   292  3.6823  1.1791
    62   326   297  3.6529  1.1819
    65   326   292  3.6403  1.1592
    71   326   292  3.6388  1.1585
    71   326   293  3.6066  1.1466
    70   326   293  3.6045  1.1456
    73   326   297  3.5945  1.1540
    72   326   293  3.5909  1.1392
    69   326   293  3.5906  1.1391
    64   326   292  3.5836  1.1326
    68   326   293  3.5712  1.1300
    72   326   292  3.5609  1.1221
    73   326   293  3.5523  1.1212
    67   326   293  3.5510  1.1206
    66   326   293  3.5331  1.1123
    61   326   297  3.5242  1.1208
    65   326   293  3.5181  1.1054
    63   326   292  3.5128  1.0999
    64   326   293  3.5044  1.0991
    67   325   297  3.8238  1.2657
    66   325   297  3.8224  1.2650
    68   325   297  3.8093  1.2585
    65   325   297  3.8028  1.2552
    69   325   297  3.7795  1.2437
    64   325   297  3.7618  1.2350
    70   325   297  3.7335  1.2210
    63   325   297  3.6963  1.2029
    71   325   297  3.6697  1.1900
    68   325   292  3.6595  1.1683
    67   325   292  3.6562  1.1667
    69   325   292  3.6462  1.1620
    66   325   292  3.6369  1.1576
    70   325   292  3.6144  1.1470
    62   325   297  3.6037  1.1584
    65   325   292  3.6012  1.1408
    72   325   297  3.5868  1.1503
    71   325   293  3.5620  1.1257
    71   325   292  3.5605  1.1219
    70   325   293  3.5598  1.1247
    64   325   292  3.5491  1.1166
    72   325   293  3.5486  1.1195
    69   325   293  3.5480  1.1193
    68   325   293  3.5326  1.1121
    67   325   293  3.5183  1.1055
    73   325   293  3.5142  1.1036
    66   325   293  3.5078  1.1007
    65   325   293  3.5013  1.0977
    66   324   297  3.7294  1.2190
    67   324   297  3.7264  1.2175
    65   324   297  3.7152  1.2121
    68   324   297  3.7081  1.2086
    64   324   297  3.6809  1.1954
    69   324   297  3.6750  1.1926
    70   324   297  3.6266  1.1693
    63   324   297  3.6231  1.1676
    67   324   292  3.5732  1.1278
    68   324   292  3.5691  1.1259
    71   324   297  3.5617  1.1384
    66   324   292  3.5610  1.1221
    69   324   292  3.5491  1.1166
    62   324   297  3.5393  1.1279
    65   324   292  3.5318  1.1086
    70   324   292  3.5122  1.0996
    71   324   293  3.5031  1.0985
    70   324   293  3.5029  1.0984
    66   323   297  3.6217  1.1669
    67   323   297  3.6158  1.1641
    65   323   297  3.6122  1.1624
    68   323   297  3.5961  1.1547
    64   323   297  3.5842  1.1491
    69   323   297  3.5633  1.1392
    63   323   297  3.5343  1.1256
    70   323   297  3.5165  1.1172
    66   322   297  3.5018  1.1103
