#   X     Y     Z      S       D
   239   240   160  6.0621  2.2590
   240   240   160  6.0586  2.2567
   240   241   160  6.0441  2.2474
   239   241   160  6.0422  2.2461
   239   239   160  6.0149  2.2286
   240   239   160  6.0059  2.2229
   238   240   160  5.9606  2.1941
   238   241   160  5.9334  2.1769
   238   239   160  5.9243  2.1712
   240   240   159  5.1205  1.7059
   239   240   159  5.1200  1.7056
   240   241   159  5.0969  1.6933
   239   239   159  5.0942  1.6918
   239   241   159  5.0879  1.6884
   240   239   159  5.0874  1.6882
   238   240   159  5.0508  1.6687
   238   239   159  5.0356  1.6607
   238   241   159  5.0095  1.6470
   239   241   161  4.3943  1.3405
   239   240   161  4.3902  1.3385
   238   240   161  4.3700  1.3292
   240   241   161  4.3627  1.3258
   238   241   161  4.3549  1.3223
   240   240   161  4.3405  1.3156
   238   239   161  4.3248  1.3084
   239   239   161  4.3219  1.3071
   240   239   161  4.2534  1.2760
   240   242   160  5.9580  2.1924
   239   242   160  5.9522  2.1888
   241   240   160  5.9448  2.1841
   241   241   160  5.9321  2.1761
   239   238   160  5.9085  2.1613
   240   238   160  5.8952  2.1530
   241   239   160  5.8935  2.1519
   241   242   160  5.8500  2.1248
   238   242   160  5.8415  2.1195
   238   238   160  5.8298  2.1123
   241   238   160  5.7879  2.0866
   237   240   160  5.7711  2.0763
   237   239   160  5.7477  2.0621
   237   241   160  5.7370  2.0556
   237   238   160  5.6696  2.0151
   237   242   160  5.6464  2.0012
   240   241   158  5.1297  1.7126
   241   241   158  5.1144  1.7044
   240   242   158  5.1035  1.6985
   240   240   158  5.0972  1.6951
   241   242   158  5.0926  1.6927
   241   240   158  5.0783  1.6851
   239   241   158  5.0728  1.6822
   239   240   158  5.0480  1.6690
   241   240   159  5.0453  1.6658
   239   242   158  5.0411  1.6653
   241   241   159  5.0281  1.6568
   240   242   159  5.0198  1.6524
   240   239   158  5.0131  1.6505
   241   239   159  5.0101  1.6473
   239   238   159  5.0100  1.6472
   239   242   159  5.0031  1.6436
   240   238   159  4.9995  1.6417
   241   239   158  4.9925  1.6397
   239   239   158  4.9721  1.6291
   238   238   159  4.9615  1.6219
   241   242   159  4.9600  1.6211
   238   241   158  4.9541  1.6197
   238   240   158  4.9388  1.6118
   237   240   159  4.9270  1.6040
   241   238   159  4.9258  1.6034
   237   239   159  4.9239  1.6024
   238   242   159  4.9194  1.6001
   238   242   158  4.9173  1.6007
   240   238   158  4.8886  1.5859
   237   241   159  4.8779  1.5788
   238   239   158  4.8753  1.5791
   241   238   158  4.8687  1.5757
   237   238   159  4.8635  1.5714
   239   238   158  4.8547  1.5685
   238   240   162  4.7973  1.5335
   238   241   162  4.7957  1.5327
   237   241   158  4.7912  1.5364
   237   242   159  4.7860  1.5322
   237   240   158  4.7851  1.5333
   238   238   158  4.7708  1.5261
   239   241   162  4.7693  1.5195
   237   240   162  4.7672  1.5184
   239   240   162  4.7568  1.5133
   237   241   162  4.7519  1.5108
   237   242   158  4.7517  1.5166
   237   239   158  4.7352  1.5083
   238   239   162  4.7299  1.4999
   238   242   162  4.7284  1.4992
   237   239   162  4.7172  1.4936
   239   242   162  4.7124  1.4912
   237   242   162  4.6771  1.4739
   239   239   162  4.6749  1.4728
   240   241   162  4.6701  1.4705
   237   238   158  4.6460  1.4643
   240   240   162  4.6459  1.4587
   240   242   162  4.6245  1.4483
   237   238   162  4.6032  1.4380
   238   238   162  4.5984  1.4357
   240   239   162  4.5548  1.4148
   239   238   162  4.5316  1.4037
   241   241   162  4.5033  1.3903
   241   240   162  4.4716  1.3753
   241   242   162  4.4681  1.3736
   240   238   162  4.4076  1.3454
   241   239   162  4.3782  1.3318
   239   242   161  4.3356  1.3134
   240   242   161  4.3183  1.3055
   237   240   161  4.2844  1.2901
   238   242   161  4.2838  1.2898
   237   239   161  4.2627  1.2802
   241   241   161  4.2591  1.2786
   237   241   161  4.2523  1.2755
   241   238   162  4.2357  1.2669
   241   242   161  4.2283  1.2647
   241   240   161  4.2233  1.2625
   238   238   161  4.2217  1.2618
   239   238   161  4.1958  1.2502
   237   238   161  4.1859  1.2458
   237   242   161  4.1732  1.2402
   241   239   161  4.1251  1.2189
   240   238   161  4.1115  1.2129
   241   238   161  3.9772  1.1549
   240   243   160  5.8025  2.0955
   239   243   160  5.7956  2.0913
   239   237   160  5.7532  2.0654
   240   237   160  5.7380  2.0562
   242   240   160  5.7282  2.0503
   242   241   160  5.7128  2.0410
   241   243   160  5.6999  2.0332
   238   243   160  5.6890  2.0267
   242   239   160  5.6857  2.0247
   238   237   160  5.6853  2.0245
   241   237   160  5.6393  1.9970
   242   242   160  5.6341  1.9939
   242   238   160  5.5943  1.9704
   237   237   160  5.5422  1.9399
   236   240   160  5.5177  1.9257
   236   239   160  5.5062  1.9190
   237   243   160  5.5038  1.9176
   242   243   160  5.4926  1.9111
   236   241   160  5.4800  1.9039
   242   237   160  5.4642  1.8948
   236   238   160  5.4454  1.8840
   236   242   160  5.3952  1.8555
   236   237   160  5.3376  1.8230
   236   243   160  5.2680  1.7844
   242   241   158  5.0269  1.6578
   240   243   158  5.0173  1.6528
   241   243   158  5.0106  1.6493
   242   242   158  5.0070  1.6473
   242   240   158  4.9926  1.6398
   239   243   158  4.9527  1.6189
   242   243   158  4.9298  1.6071
   242   239   158  4.9124  1.5981
   242   240   159  4.8973  1.5887
   240   243   159  4.8966  1.5884
   242   241   159  4.8838  1.5818
   239   243   159  4.8746  1.5771
   239   237   159  4.8729  1.5762
   242   239   159  4.8655  1.5725
   240   237   159  4.8631  1.5712
   241   243   159  4.8461  1.5626
   238   237   159  4.8315  1.5552
   238   243   158  4.8297  1.5558
   242   242   159  4.8247  1.5517
   241   237   159  4.7991  1.5388
   242   238   158  4.7975  1.5395
   242   238   159  4.7922  1.5353
   238   243   159  4.7905  1.5345
   236   239   159  4.7747  1.5266
   236   240   159  4.7671  1.5228
   237   237   159  4.7464  1.5124
   240   237   158  4.7358  1.5086
   236   238   159  4.7289  1.5037
   242   243   159  4.7230  1.5008
   241   237   158  4.7191  1.5003
   236   241   159  4.7134  1.4960
   239   237   158  4.7068  1.4942
   242   237   159  4.6834  1.4812
   236   240   162  4.6728  1.4718
   237   243   158  4.6684  1.4753
   237   243   159  4.6616  1.4705
   242   237   158  4.6592  1.4708
   236   241   162  4.6466  1.4590
   236   239   162  4.6398  1.4557
   238   237   158  4.6339  1.4584
   236   237   159  4.6276  1.4539
   236   242   159  4.6237  1.4520
   236   240   158  4.6062  1.4449
   236   241   158  4.6059  1.4448
   238   243   162  4.6048  1.4387
   239   243   162  4.5935  1.4333
   236   242   162  4.5689  1.4215
   236   239   158  4.5680  1.4265
   236   242   158  4.5668  1.4259
   237   243   162  4.5535  1.4141
   236   238   162  4.5458  1.4105
   237   237   158  4.5239  1.4053
   240   243   162  4.5141  1.3954
   236   243   159  4.5083  1.3965
   236   238   158  4.4935  1.3909
   236   243   158  4.4909  1.3896
   236   243   162  4.4505  1.3654
   237   237   162  4.4342  1.3578
   238   237   162  4.4153  1.3490
   236   237   162  4.3965  1.3403
   236   237   158  4.3866  1.3407
   241   243   162  4.3684  1.3273
   239   237   162  4.3421  1.3152
   242   241   162  4.2813  1.2875
   238   239   163  4.2715  1.2819
   239   240   163  4.2696  1.2811
   239   239   163  4.2680  1.2803
   238   240   163  4.2635  1.2783
   242   242   162  4.2541  1.2752
   242   240   162  4.2470  1.2720
   238   238   163  4.2398  1.2677
   237   239   163  4.2316  1.2640
   239   241   163  4.2294  1.2630
   239   238   163  4.2261  1.2616
   240   240   163  4.2236  1.2604
   239   243   161  4.2223  1.2621
   240   237   162  4.2211  1.2604
   240   239   163  4.2159  1.2570
   238   241   163  4.2156  1.2568
   240   243   161  4.2136  1.2582
   237   238   163  4.2132  1.2558
   237   240   163  4.2121  1.2553
   240   241   163  4.1891  1.2450
   238   237   163  4.1712  1.2371
   240   238   163  4.1688  1.2360
   238   243   161  4.1665  1.2372
   242   243   162  4.1658  1.2358
   242   239   162  4.1583  1.2325
   237   237   163  4.1576  1.2311
   236   239   163  4.1566  1.2307
   237   241   163  4.1564  1.2305
   236   238   163  4.1523  1.2288
   239   242   163  4.1487  1.2272
   239   237   163  4.1484  1.2271
   236   240   161  4.1444  1.2274
   236   239   161  4.1430  1.2268
   241   243   161  4.1349  1.2232
   238   242   163  4.1306  1.2192
   236   240   163  4.1259  1.2172
   241   240   163  4.1231  1.2159
   241   239   163  4.1141  1.2120
   240   242   163  4.1129  1.2115
   236   237   163  4.1118  1.2110
   236   241   161  4.1003  1.2080
   236   238   161  4.0919  1.2044
   241   241   163  4.0913  1.2020
   242   241   161  4.0896  1.2034
   240   237   163  4.0871  1.2002
   238   237   161  4.0704  1.1950
   242   242   161  4.0692  1.1945
   237   242   163  4.0683  1.1920
   241   238   163  4.0672  1.1915
   236   241   163  4.0637  1.1901
   241   237   162  4.0611  1.1899
   237   237   161  4.0596  1.1903
   237   243   161  4.0576  1.1894
   242   240   161  4.0470  1.1849
   239   243   163  4.0322  1.1765
   242   238   162  4.0280  1.1756
   239   237   161  4.0255  1.1756
   236   242   161  4.0191  1.1728
   241   242   163  4.0187  1.1706
   238   243   163  4.0137  1.1685
   240   243   163  3.9990  1.1622
   236   237   161  3.9928  1.1615
   242   243   161  3.9877  1.1594
   241   237   163  3.9871  1.1571
   236   242   163  3.9750  1.1519
   242   240   163  3.9705  1.1500
   242   239   163  3.9649  1.1477
   237   243   163  3.9537  1.1429
   242   239   161  3.9475  1.1422
   242   241   163  3.9378  1.1362
   240   237   161  3.9310  1.1352
   242   238   163  3.9235  1.1301
   236   243   161  3.9107  1.1266
   241   243   163  3.9087  1.1239
   242   237   162  3.8724  1.1096
   242   242   163  3.8672  1.1065
   236   243   163  3.8651  1.1057
   242   237   163  3.8501  1.0994
   242   238   161  3.8047  1.0825
   241   237   161  3.7973  1.0794
   242   243   163  3.7619  1.0631
   242   237   161  3.6361  1.0141
   240   244   160  5.5868  1.9660
   239   244   160  5.5818  1.9631
   239   236   160  5.5588  1.9496
   240   236   160  5.5447  1.9414
   238   236   160  5.4994  1.9151
   241   244   160  5.4902  1.9098
   238   244   160  5.4851  1.9068
   241   236   160  5.4575  1.8909
   243   240   160  5.4296  1.8750
   243   241   160  5.4076  1.8625
   243   239   160  5.4018  1.8592
   237   236   160  5.3719  1.8423
   243   238   160  5.3319  1.8199
   243   242   160  5.3310  1.8194
   237   244   160  5.3173  1.8117
   242   236   160  5.3034  1.8040
   242   244   160  5.2956  1.7996
   235   240   160  5.2287  1.7628
   243   237   160  5.2276  1.7622
   235   239   160  5.2250  1.7608
   243   243   160  5.2000  1.7471
   235   241   160  5.1918  1.7427
   236   236   160  5.1870  1.7400
   235   238   160  5.1788  1.7356
   235   242   160  5.1176  1.7026
   236   244   160  5.1045  1.6956
   243   236   160  5.0945  1.6903
   235   237   160  5.0898  1.6878
   243   244   160  5.0203  1.6510
   235   243   160  5.0098  1.6455
   235   236   160  4.9600  1.6195
   243   241   158  4.8770  1.5799
   240   244   158  4.8761  1.5794
   241   244   158  4.8725  1.5776
   235   244   160  4.8721  1.5743
   243   242   158  4.8558  1.5691
   243   240   158  4.8499  1.5661
   239   244   158  4.8129  1.5473
   242   244   158  4.7983  1.5399
   243   243   158  4.7828  1.5322
   243   239   158  4.7822  1.5318
   240   244   159  4.7367  1.5076
   239   244   159  4.7129  1.4957
   238   244   158  4.6965  1.4891
   241   244   159  4.6943  1.4866
   239   236   159  4.6925  1.4857
   243   240   159  4.6903  1.4846
   240   236   159  4.6883  1.4836
   243   238   158  4.6836  1.4828
   243   241   159  4.6773  1.4782
   243   239   159  4.6667  1.4730
   243   244   158  4.6600  1.4712
   238   236   159  4.6542  1.4669
   241   236   159  4.6391  1.4595
   238   244   159  4.6332  1.4566
   243   242   159  4.6263  1.4533
   243   238   159  4.6101  1.4454
   235   239   159  4.6049  1.4429
   235   240   159  4.5902  1.4357
   242   244   159  4.5843  1.4329
   237   236   159  4.5793  1.4305
   235   238   159  4.5716  1.4268
   240   236   158  4.5647  1.4249
   243   237   158  4.5632  1.4241
   241   236   158  4.5532  1.4194
   242   236   159  4.5461  1.4146
   237   244   158  4.5461  1.4159
   243   243   159  4.5381  1.4107
   239   236   158  4.5376  1.4118
   235   241   159  4.5360  1.4097
   235   240   162  4.5251  1.4006
   243   237   159  4.5251  1.4045
   237   244   159  4.5144  1.3994
   235   239   162  4.5060  1.3915
   242   236   158  4.5055  1.3965
   235   241   162  4.4928  1.3853
   235   237   159  4.4861  1.3860
   236   236   159  4.4754  1.3809
   238   236   158  4.4728  1.3810
   235   242   159  4.4527  1.3702
   238   240   164  4.4387  1.3575
   238   244   162  4.4377  1.3594
   235   238   162  4.4315  1.3565
   239   241   164  4.4290  1.3530
   243   236   158  4.4269  1.3595
   239   240   164  4.4264  1.3518
   238   241   164  4.4255  1.3513
   239   244   162  4.4251  1.3535
   235   240   158  4.4210  1.3567
   235   241   158  4.4181  1.3553
   235   242   162  4.4174  1.3499
   243   236   159  4.4160  1.3530
   243   244   159  4.4156  1.3528
   238   239   164  4.4017  1.3403
   237   244   162  4.3934  1.3388
   235   239   158  4.3905  1.3425
   237   240   164  4.3825  1.3314
   235   242   158  4.3824  1.3387
   236   244   158  4.3821  1.3386
   239   242   164  4.3779  1.3293
   237   236   158  4.3749  1.3352
   236   244   159  4.3748  1.3339
   239   239   164  4.3724  1.3268
   237   239   164  4.3657  1.3237
   238   242   164  4.3624  1.3222
   240   241   164  4.3601  1.3212
   237   241   164  4.3526  1.3177
   235   236   159  4.3509  1.3228
   240   244   162  4.3500  1.3188
   235   243   159  4.3491  1.3220
   240   240   164  4.3453  1.3144
   235   238   158  4.3274  1.3133
   240   242   164  4.3202  1.3029
   238   238   164  4.3175  1.3017
   235   243   158  4.3159  1.3080
   235   243   162  4.3087  1.2999
   235   237   162  4.3042  1.2979
   237   238   164  4.3025  1.2949
   236   244   162  4.3022  1.2970
   240   239   164  4.2801  1.2847
   237   242   164  4.2790  1.2842
   239   243   164  4.2751  1.2825
   239   238   164  4.2728  1.2814
   236   239   164  4.2704  1.2803
   236   240   164  4.2664  1.2786
   238   243   164  4.2532  1.2726
   236   236   158  4.2514  1.2787
   235   237   158  4.2334  1.2706
   236   238   164  4.2312  1.2627
   235   244   159  4.2309  1.2683
   237   236   162  4.2257  1.2625
   240   243   164  4.2253  1.2601
   241   241   164  4.2247  1.2599
   236   241   164  4.2218  1.2585
   235   244   158  4.2207  1.2649
   241   244   162  4.2133  1.2569
   236   236   162  4.2043  1.2529
   241   240   164  4.2030  1.2502
   238   236   162  4.1981  1.2501
   237   237   164  4.1969  1.2475
   241   242   164  4.1930  1.2457
   238   237   164  4.1928  1.2457
   235   244   162  4.1752  1.2400
   240   238   164  4.1726  1.2367
   237   243   164  4.1669  1.2342
   236   237   164  4.1499  1.2267
   236   242   164  4.1413  1.2229
   239   237   164  4.1366  1.2208
   241   239   164  4.1339  1.2196
   235   236   162  4.1335  1.2215
   235   239   164  4.1288  1.2174
   239   244   164  4.1262  1.2163
   239   236   162  4.1255  1.2180
   235   238   164  4.1137  1.2108
   235   236   158  4.1114  1.2162
   235   240   164  4.1064  1.2076
   241   243   164  4.1060  1.2074
   238   244   164  4.1043  1.2067
   240   244   164  4.0803  1.1962
   238   236   163  4.0709  1.1932
   237   236   163  4.0686  1.1922
   239   244   161  4.0673  1.1937
   235   238   163  4.0652  1.1907
   240   244   161  4.0610  1.1909
   235   237   164  4.0593  1.1871
   237   236   164  4.0567  1.1860
   235   239   163  4.0565  1.1869
   235   241   164  4.0509  1.1835
   239   236   163  4.0410  1.1802
   235   237   163  4.0397  1.1797
   238   236   164  4.0377  1.1778
   236   236   163  4.0368  1.1784
   242   241   164  4.0359  1.1771
   240   237   164  4.0332  1.1759
   236   236   164  4.0317  1.1752
   236   243   164  4.0308  1.1749
   241   238   164  4.0266  1.1731
   242   244   162  4.0234  1.1736
   237   244   164  4.0228  1.1714
   243   241   162  4.0216  1.1729
   235   240   163  4.0168  1.1698
   238   244   161  4.0153  1.1712
   240   236   162  4.0143  1.1697
   242   240   164  4.0133  1.1673
   242   242   164  4.0084  1.1653
   243   242   162  3.9996  1.1634
   241   244   161  3.9901  1.1604
   243   240   162  3.9895  1.1591
   235   236   163  3.9798  1.1540
   235   239   161  3.9793  1.1557
   240   236   163  3.9774  1.1530
   239   236   164  3.9749  1.1509
   235   242   164  3.9682  1.1481
   235   236   164  3.9680  1.1480
   241   244   164  3.9675  1.1478
   235   240   161  3.9660  1.1501
   235   241   163  3.9508  1.1416
   235   238   161  3.9500  1.1433
   242   239   164  3.9475  1.1393
   242   243   164  3.9281  1.1311
   243   243   162  3.9222  1.1305
   235   241   161  3.9164  1.1291
   237   244   161  3.9161  1.1289
   243   239   162  3.9109  1.1258
   236   244   164  3.8963  1.1178
   237   236   161  3.8951  1.1201
   241   237   164  3.8921  1.1160
   239   244   163  3.8874  1.1150
   238   236   161  3.8859  1.1163
   241   236   163  3.8801  1.1119
   235   237   161  3.8767  1.1124
   240   236   164  3.8733  1.1082
   241   236   162  3.8721  1.1095
   238   244   163  3.8721  1.1086
   243   241   161  3.8668  1.1083
   235   243   164  3.8641  1.1043
   235   242   163  3.8637  1.1051
   242   244   161  3.8548  1.1032
   240   244   163  3.8546  1.1013
   236   236   161  3.8531  1.1025
   243   242   161  3.8519  1.1020
   242   238   164  3.8480  1.0977
   235   242   161  3.8390  1.0967
   239   236   161  3.8285  1.0923
   243   240   161  3.8253  1.0910
   237   244   163  3.8187  1.0864
   243   241   164  3.8116  1.0826
   243   238   162  3.7982  1.0789
   242   244   164  3.7975  1.0768
   243   244   162  3.7943  1.0773
   243   240   164  3.7934  1.0752
   243   242   164  3.7844  1.0715
   236   244   161  3.7835  1.0737
   243   243   161  3.7812  1.0728
   243   239   163  3.7740  1.0681
   243   240   163  3.7723  1.0674
   241   244   163  3.7681  1.0657
   235   236   161  3.7634  1.0655
   235   243   163  3.7603  1.0624
   242   236   163  3.7503  1.0584
   235   244   164  3.7430  1.0546
   235   243   161  3.7421  1.0568
   243   238   163  3.7420  1.0550
   241   236   164  3.7412  1.0538
   236   244   163  3.7390  1.0538
   243   239   164  3.7368  1.0521
   243   241   163  3.7358  1.0525
   243   239   161  3.7343  1.0537
   240   236   161  3.7311  1.0523
   242   237   164  3.7250  1.0473
   243   243   164  3.7087  1.0407
   242   236   162  3.7066  1.0415
   243   237   163  3.6792  1.0297
   243   242   163  3.6656  1.0242
   243   237   162  3.6653  1.0249
   243   244   161  3.6622  1.0245
   243   238   164  3.6504  1.0173
   235   244   163  3.6439  1.0155
   235   244   161  3.6314  1.0122
   242   244   163  3.6280  1.0092
   243   238   161  3.6068  1.0024
   241   236   161  3.6045  1.0015
   243   236   163  3.5900  0.9941
   242   236   164  3.5880  0.9926
   243   244   164  3.5864  0.9919
   243   243   163  3.5650  0.9843
   243   237   164  3.5430  0.9749
   243   236   162  3.5245  0.9693
   239   235   160  5.3338  1.8209
   240   245   160  5.3255  1.8163
   239   245   160  5.3247  1.8158
   240   235   160  5.3232  1.8150
   238   235   160  5.2800  1.7910
   241   235   160  5.2491  1.7740
   238   245   160  5.2421  1.7701
   241   245   160  5.2350  1.7663
   237   235   160  5.1657  1.7285
   242   235   160  5.1167  1.7021
   237   245   160  5.0966  1.6914
   244   240   160  5.0805  1.6828
   244   239   160  5.0708  1.6777
   242   245   160  5.0559  1.6697
   244   241   160  5.0495  1.6664
   244   238   160  5.0256  1.6538
   236   235   160  4.9995  1.6401
   244   242   160  4.9739  1.6267
   244   237   160  4.9501  1.6144
   243   235   160  4.9353  1.6067
   234   240   160  4.9303  1.6041
   234   239   160  4.9294  1.6037
   236   245   160  4.9113  1.5943
   234   241   160  4.8989  1.5880
   234   238   160  4.8932  1.5850
   244   243   160  4.8537  1.5649
   244   236   160  4.8471  1.5615
   234   242   160  4.8384  1.5571
   234   237   160  4.8197  1.5477
   243   245   160  4.8030  1.5392
   235   235   160  4.7940  1.5347
   234   243   160  4.7512  1.5133
   244   235   160  4.7172  1.4964
   234   236   160  4.7095  1.4926
   235   245   160  4.7076  1.4917
   244   244   160  4.6933  1.4846
   240   245   158  4.6896  1.4857
   241   245   158  4.6876  1.4847
   244   241   158  4.6831  1.4825
   244   240   158  4.6676  1.4749
   244   242   158  4.6574  1.4699
   234   244   160  4.6384  1.4578
   239   245   158  4.6315  1.4572
   242   245   158  4.6208  1.4520
   244   239   158  4.6173  1.4503
   244   243   158  4.5872  1.4357
   234   235   160  4.5660  1.4227
   240   245   159  4.5497  1.4163
   244   238   158  4.5397  1.4129
   239   245   159  4.5274  1.4056
   238   245   158  4.5261  1.4064
   238   241   165  4.5261  1.3974
   238   240   165  4.5205  1.3947
   241   245   159  4.5130  1.3988
   239   241   165  4.5080  1.3888
   244   245   160  4.5014  1.3919
   234   245   160  4.5002  1.3913
   237   240   165  4.4954  1.3829
   243   245   158  4.4941  1.3912
   239   240   165  4.4918  1.3812
   237   241   165  4.4906  1.3806
   240   235   159  4.4862  1.3860
   238   242   165  4.4835  1.3773
   239   235   159  4.4811  1.3836
   244   244   158  4.4735  1.3814
   239   242   165  4.4712  1.3715
   238   239   165  4.4634  1.3679
   238   245   159  4.4561  1.3718
   241   235   159  4.4546  1.3711
   237   239   165  4.4533  1.3632
   244   240   159  4.4471  1.3676
   237   242   165  4.4440  1.3588
   238   235   159  4.4421  1.3653
   244   237   158  4.4411  1.3661
   244   239   159  4.4347  1.3618
   244   241   159  4.4321  1.3606
   234   239   159  4.4294  1.3593
   240   241   165  4.4277  1.3513
   236   240   165  4.4276  1.3512
   239   239   165  4.4220  1.3486
   242   245   159  4.4151  1.3526
   236   241   165  4.4138  1.3448
   234   240   159  4.4123  1.3513
   234   238   159  4.4047  1.3478
   240   240   165  4.4028  1.3397
   236   239   165  4.4004  1.3386
   238   243   165  4.3983  1.3376
   244   238   159  4.3977  1.3445
   240   242   165  4.3977  1.3374
   237   245   158  4.3912  1.3428
   244   242   159  4.3874  1.3397
   242   235   159  4.3866  1.3394
   239   243   165  4.3860  1.3319
   240   235   158  4.3814  1.3382
   241   235   158  4.3765  1.3360
   237   235   159  4.3741  1.3336
   236   242   165  4.3654  1.3225
   237   238   165  4.3621  1.3210
   234   241   159  4.3621  1.3280
   237   243   165  4.3620  1.3209
   238   238   165  4.3559  1.3181
   239   235   158  4.3534  1.3253
   237   245   159  4.3506  1.3227
   242   235   158  4.3405  1.3193
   244   237   159  4.3388  1.3173
   234   240   162  4.3378  1.3132
   234   237   159  4.3328  1.3145
   235   240   165  4.3295  1.3061
   234   239   162  4.3278  1.3086
   236   238   165  4.3274  1.3051
   244   236   158  4.3249  1.3122
   240   239   165  4.3247  1.3039
   244   245   158  4.3214  1.3106
   235   239   165  4.3155  1.2997
   240   243   165  4.3155  1.2997
   244   243   159  4.3119  1.3050
   235   241   165  4.3086  1.2966
   234   241   162  4.3047  1.2981
   239   238   165  4.3027  1.2939
   238   235   158  4.2933  1.2977
   236   243   165  4.2888  1.2876
   234   242   159  4.2882  1.2941
   243   235   159  4.2858  1.2931
   241   241   165  4.2835  1.2852
   236   235   159  4.2827  1.2916
   238   244   165  4.2779  1.2827
   243   235   158  4.2771  1.2903
   234   238   162  4.2697  1.2822
   243   245   159  4.2628  1.2826
   235   238   165  4.2603  1.2747
   235   242   165  4.2601  1.2747
   239   244   165  4.2598  1.2745
   241   242   165  4.2597  1.2745
   244   236   159  4.2595  1.2811
   241   240   165  4.2532  1.2716
   237   244   165  4.2509  1.2705
   236   245   158  4.2445  1.2756
   234   240   158  4.2435  1.2751
   234   241   158  4.2418  1.2743
   238   245   162  4.2400  1.2689
   234   242   162  4.2361  1.2671
   236   245   159  4.2273  1.2666
   237   237   165  4.2242  1.2586
   239   245   162  4.2211  1.2604
   234   239   158  4.2162  1.2628
   234   236   159  4.2141  1.2607
   234   240   165  4.2116  1.2530
   234   242   158  4.2116  1.2608
   234   239   165  4.2085  1.2516
   236   237   165  4.2079  1.2513
   237   245   162  4.2077  1.2544
   244   244   159  4.2059  1.2570
   237   235   158  4.2043  1.2575
   238   237   165  4.2036  1.2494
   240   238   165  4.2005  1.2480
   234   243   159  4.1977  1.2534
   244   235   158  4.1916  1.2518
   235   243   165  4.1894  1.2431
   236   244   165  4.1887  1.2428
   240   244   165  4.1881  1.2425
   234   241   165  4.1855  1.2414
   241   243   165  4.1828  1.2402
   235   235   159  4.1743  1.2429
   241   239   165  4.1733  1.2360
   234   238   165  4.1690  1.2341
   234   237   162  4.1641  1.2350
   235   237   165  4.1604  1.2303
   234   238   158  4.1597  1.2376
   244   235   159  4.1595  1.2364
   234   243   158  4.1541  1.2351
   240   245   162  4.1462  1.2271
   239   237   165  4.1427  1.2225
   234   243   162  4.1400  1.2244
   234   242   165  4.1371  1.2201
   236   245   162  4.1322  1.2210
   238   245   165  4.1293  1.2166
   237   245   165  4.1155  1.2106
   239   245   165  4.1014  1.2044
   235   245   159  4.0999  1.2100
   235   244   165  4.0995  1.2036
   235   245   158  4.0990  1.2108
   234   244   159  4.0942  1.2076
   236   235   158  4.0924  1.2079
   234   237   165  4.0879  1.1986
   242   241   165  4.0813  1.1957
   234   237   158  4.0749  1.2003
   244   245   159  4.0709  1.1974
   234   243   165  4.0709  1.1912
   234   244   158  4.0703  1.1983
   236   245   165  4.0674  1.1897
   242   242   165  4.0619  1.1873
   241   244   165  4.0588  1.1860
   234   235   159  4.0551  1.1905
   241   238   165  4.0525  1.1833
   242   240   165  4.0507  1.1825
   237   236   165  4.0475  1.1811
   236   236   165  4.0466  1.1807
   240   237   165  4.0412  1.1784
   240   245   165  4.0251  1.1715
   235   245   162  4.0221  1.1731
   234   244   162  4.0220  1.1730
   235   236   165  4.0178  1.1683
   234   236   162  4.0174  1.1711
   238   236   165  4.0174  1.1681
   241   245   162  4.0163  1.1706
   237   235   162  3.9959  1.1619
   242   243   165  3.9916  1.1571
   235   245   165  3.9905  1.1567
   234   244   165  3.9882  1.1557
   236   235   162  3.9857  1.1575
   234   245   159  3.9776  1.1571
   242   239   165  3.9761  1.1505
   238   235   162  3.9659  1.1491
   234   238   164  3.9655  1.1470
   234   236   165  3.9652  1.1459
   235   235   158  3.9648  1.1527
   234   236   158  3.9638  1.1523
   234   245   158  3.9607  1.1509
   234   238   163  3.9602  1.1456
   234   239   164  3.9591  1.1442
   239   236   165  3.9547  1.1415
   237   235   163  3.9520  1.1422
   234   237   163  3.9480  1.1405
   238   235   163  3.9457  1.1395
   234   239   163  3.9412  1.1376
   239   245   164  3.9402  1.1363
   234   237   164  3.9376  1.1352
   235   235   162  3.9334  1.1353
   236   235   163  3.9319  1.1337
   238   245   164  3.9240  1.1294
   234   240   164  3.9222  1.1286
   239   235   163  3.9109  1.1248
   241   237   165  3.9033  1.1198
   234   236   163  3.9028  1.1214
   239   235   162  3.9001  1.1212
   241   245   165  3.8972  1.1173
   234   240   163  3.8954  1.1183
   240   245   164  3.8943  1.1169
   237   235   164  3.8926  1.1162
   235   235   163  3.8886  1.1155
   234   245   165  3.8875  1.1132
   236   235   164  3.8856  1.1133
   234   245   162  3.8845  1.1147
   239   245   161  3.8843  1.1156
   240   245   161  3.8754  1.1118
   234   236   164  3.8750  1.1089
   242   244   165  3.8748  1.1079
   242   238   165  3.8674  1.1048
   238   235   164  3.8638  1.1042
   240   236   165  3.8606  1.1020
   234   241   164  3.8605  1.1029
   236   235   165  3.8542  1.0994
   237   245   164  3.8535  1.0999
   240   235   163  3.8465  1.0980
   235   235   164  3.8463  1.0969
   237   235   165  3.8449  1.0955
   238   245   161  3.8417  1.0978
   234   235   162  3.8413  1.0967
   235   235   165  3.8408  1.0938
   242   245   162  3.8388  1.0957
   243   241   165  3.8353  1.0915
   234   235   158  3.8293  1.0956
   234   241   163  3.8282  1.0904
   234   235   163  3.8261  1.0895
   243   242   165  3.8176  1.0842
   238   235   165  3.8115  1.0817
   243   240   165  3.8095  1.0809
   241   245   161  3.8089  1.0842
   234   235   165  3.8068  1.0798
   240   235   162  3.8039  1.0812
   239   235   164  3.7997  1.0777
   234   239   161  3.7890  1.0760
   241   245   164  3.7864  1.0723
   234   235   164  3.7814  1.0702
   234   242   164  3.7802  1.0697
   234   238   161  3.7757  1.0705
   234   240   161  3.7678  1.0673
   237   245   161  3.7573  1.0630
   239   235   165  3.7538  1.0581
   243   243   165  3.7538  1.0581
   241   235   163  3.7527  1.0593
   243   239   165  3.7469  1.0553
   234   242   163  3.7446  1.0561
   244   241   162  3.7439  1.0567
   236   245   164  3.7427  1.0544
   241   236   165  3.7393  1.0522
   242   237   165  3.7369  1.0513
   244   242   162  3.7244  1.0487
   234   237   161  3.7243  1.0496
   239   245   163  3.7229  1.0473
   242   245   165  3.7202  1.0445
   234   241   161  3.7188  1.0473
   244   240   162  3.7175  1.0459
   238   245   163  3.7136  1.0435
   237   235   161  3.7072  1.0427
   240   235   164  3.7043  1.0389
   240   245   163  3.6888  1.0335
   234   243   164  3.6860  1.0315
   238   235   161  3.6850  1.0337
   236   235   161  3.6849  1.0336
   242   245   161  3.6842  1.0334
   241   235   162  3.6827  1.0319
   240   235   165  3.6733  1.0257
   237   245   163  3.6695  1.0257
   243   238   165  3.6575  1.0193
   244   243   162  3.6564  1.0214
   244   239   162  3.6524  1.0197
   234   242   161  3.6495  1.0194
   234   243   163  3.6480  1.0172
   243   244   165  3.6467  1.0150
   236   245   161  3.6428  1.0167
   234   236   161  3.6362  1.0141
   242   235   163  3.6299  1.0099
   243   245   162  3.6262  1.0093
   242   245   164  3.6251  1.0072
   239   235   161  3.6227  1.0088
   235   235   161  3.6190  1.0073
   244   241   161  3.6083  1.0030
   235   245   164  3.6079  1.0004
   241   245   163  3.6059  1.0004
   236   245   163  3.6010  0.9985
   242   236   165  3.5969  0.9953
   244   242   161  3.5936  0.9972
   241   235   164  3.5837  0.9909
   234   244   164  3.5804  0.9896
   244   240   161  3.5752  0.9899
   241   235   165  3.5732  0.9860
   244   241   164  3.5707  0.9857
   234   243   161  3.5660  0.9863
   244   241   165  3.5650  0.9828
   244   240   164  3.5606  0.9818
   244   238   162  3.5593  0.9829
   243   237   165  3.5521  0.9777
   244   239   163  3.5493  0.9782
   244   240   165  3.5482  0.9762
   244   242   165  3.5460  0.9753
   244   244   162  3.5436  0.9767
   242   235   162  3.5413  0.9758
   244   242   164  3.5407  0.9740
   234   244   163  3.5405  0.9747
   244   240   163  3.5382  0.9738
   244   243   161  3.5311  0.9726
   240   235   161  3.5292  0.9719
   244   238   163  3.5292  0.9703
   234   235   161  3.5171  0.9672
   235   245   163  3.5169  0.9655
   244   239   164  3.5166  0.9646
   235   245   161  3.5091  0.9640
   243   245   161  3.5070  0.9632
   243   245   165  3.5036  0.9588
   244   239   165  3.5024  0.9584
   244   239   161  3.5008  0.9608
   239   234   160  5.0840  1.6847
   240   234   160  5.0783  1.6816
   239   246   160  5.0395  1.6611
   240   246   160  5.0352  1.6588
   238   234   160  5.0339  1.6582
   241   234   160  5.0176  1.6496
   238   246   160  4.9727  1.6261
   241   246   160  4.9512  1.6149
   237   234   160  4.9310  1.6045
   242   234   160  4.9059  1.5916
   237   246   160  4.8510  1.5635
   242   246   160  4.7893  1.5323
   236   234   160  4.7823  1.5289
   243   234   160  4.7501  1.5128
   245   239   160  4.7257  1.5006
   245   240   160  4.7179  1.4968
   245   238   160  4.7038  1.4898
   236   246   160  4.6938  1.4849
   245   241   160  4.6775  1.4769
   245   237   160  4.6548  1.4657
   233   240   160  4.6431  1.4601
   233   239   160  4.6409  1.4590
   233   241   160  4.6199  1.4487
   233   238   160  4.6101  1.4440
   245   242   160  4.6019  1.4400
   235   234   160  4.5990  1.4386
   245   236   160  4.5792  1.4291
   233   242   160  4.5734  1.4263
   243   246   160  4.5618  1.4207
   244   234   160  4.5590  1.4194
   233   237   160  4.5483  1.4143
   235   246   160  4.5184  1.4000
   233   243   160  4.5046  1.3934
   245   243   160  4.4912  1.3871
   245   235   160  4.4758  1.3798
   240   246   158  4.4705  1.3800
   241   246   158  4.4686  1.3791
   245   241   158  4.4675  1.3785
   245   240   158  4.4660  1.3778
   233   236   160  4.4552  1.3701
   245   239   158  4.4353  1.3634
   245   242   158  4.4349  1.3632
   239   246   158  4.4197  1.3561
   233   244   160  4.4125  1.3501
   242   246   158  4.4091  1.3512
   234   234   160  4.3957  1.3423
   245   238   158  4.3802  1.3377
   245   243   158  4.3657  1.3310
   245   244   160  4.3488  1.3207
   240   246   159  4.3437  1.3195
   245   234   160  4.3423  1.3177
   234   246   160  4.3360  1.3148
   233   235   160  4.3334  1.3136
   238   246   158  4.3280  1.3136
   239   246   159  4.3254  1.3112
   239   240   166  4.3177  1.2996
   241   246   159  4.3102  1.3042
   239   241   166  4.3057  1.2942
   245   237   158  4.3041  1.3026
   240   241   166  4.3038  1.2933
   240   240   166  4.3032  1.2930
   243   246   158  4.2956  1.2988
   233   245   160  4.2951  1.2961
   244   246   160  4.2897  1.2936
   239   239   166  4.2756  1.2806
   240   234   159  4.2666  1.2844
   238   246   159  4.2644  1.2834
   238   240   166  4.2602  1.2737
   245   244   158  4.2600  1.2826
   233   239   159  4.2594  1.2811
   241   234   159  4.2529  1.2782
   239   234   159  4.2509  1.2773
   240   239   166  4.2472  1.2679
   240   242   166  4.2449  1.2668
   233   240   159  4.2445  1.2743
   233   238   159  4.2386  1.2717
   238   239   166  4.2374  1.2635
   239   242   166  4.2374  1.2634
   238   241   166  4.2336  1.2618
   242   246   159  4.2222  1.2643
   241   241   166  4.2222  1.2567
   241   240   166  4.2135  1.2528
   237   246   158  4.2106  1.2603
   238   234   159  4.2089  1.2584
   242   234   159  4.2087  1.2583
   245   236   158  4.2078  1.2591
   233   241   159  4.2017  1.2551
   245   240   159  4.1948  1.2521
   245   239   159  4.1943  1.2518
   241   234   158  4.1902  1.2512
   233   234   160  4.1888  1.2482
   240   234   158  4.1883  1.2503
   239   238   166  4.1867  1.2409
   245   245   160  4.1815  1.2449
   245   238   159  4.1766  1.2439
   233   237   159  4.1765  1.2439
   245   241   159  4.1760  1.2437
   237   246   159  4.1737  1.2426
   241   242   166  4.1722  1.2345
   238   238   166  4.1695  1.2333
   242   234   158  4.1642  1.2396
   239   234   158  4.1578  1.2367
   238   242   166  4.1572  1.2279
   241   239   166  4.1511  1.2252
   233   246   160  4.1505  1.2312
   240   238   166  4.1451  1.2226
   237   234   159  4.1448  1.2298
   237   240   166  4.1422  1.2213
   245   237   159  4.1421  1.2286
   237   239   166  4.1410  1.2208
   244   246   158  4.1393  1.2286
   233   242   159  4.1388  1.2272
   243   234   159  4.1354  1.2257
   245   242   159  4.1353  1.2256
   240   243   166  4.1288  1.2154
   233   240   162  4.1248  1.2177
   245   245   158  4.1215  1.2207
   233   239   162  4.1189  1.2151
   239   243   166  4.1161  1.2099
   243   234   158  4.1127  1.2168
   237   241   166  4.1013  1.2035
   238   234   158  4.0996  1.2111
   237   238   166  4.0989  1.2024
   233   241   162  4.0952  1.2048
   245   235   158  4.0901  1.2069
   245   236   159  4.0900  1.2057
   233   239   165  4.0869  1.1981
   243   246   159  4.0848  1.2034
   233   241   158  4.0824  1.2035
   236   246   158  4.0820  1.2034
   233   240   165  4.0813  1.1957
   233   240   158  4.0807  1.2028
   233   238   162  4.0731  1.1952
   233   236   159  4.0722  1.1980
   245   243   159  4.0700  1.1970
   236   246   159  4.0667  1.1956
   242   241   166  4.0647  1.1876
   241   243   166  4.0644  1.1875
   238   237   166  4.0634  1.1870
   236   234   159  4.0634  1.1941
   233   243   159  4.0609  1.1930
   239   237   166  4.0608  1.1859
   233   238   165  4.0604  1.1867
   233   242   158  4.0578  1.1928
   242   240   166  4.0535  1.1828
   233   239   158  4.0526  1.1905
   233   241   165  4.0507  1.1825
   241   238   166  4.0450  1.1791
   244   234   158  4.0392  1.1847
   244   234   159  4.0371  1.1827
   233   242   162  4.0362  1.1792
   238   243   166  4.0358  1.1751
   238   246   162  4.0224  1.1732
   242   242   166  4.0212  1.1689
   237   242   166  4.0204  1.1685
   237   237   166  4.0192  1.1680
   245   235   159  4.0173  1.1742
   237   234   158  4.0167  1.1750
   240   237   166  4.0080  1.1632
   233   243   158  4.0074  1.1710
   237   246   162  4.0041  1.1653
   236   239   166  4.0015  1.1604
   233   242   165  4.0013  1.1613
   233   238   158  3.9984  1.1671
   245   246   160  3.9984  1.1649
   233   237   165  3.9962  1.1591
   239   246   162  3.9944  1.1612
   242   239   166  3.9930  1.1568
   233   237   162  3.9870  1.1580
   236   238   166  3.9866  1.1541
   236   240   166  3.9818  1.1520
   245   244   159  3.9783  1.1574
   233   244   159  3.9697  1.1537
   235   234   159  3.9694  1.1536
   240   244   166  3.9643  1.1446
   237   246   165  3.9593  1.1434
   238   246   165  3.9589  1.1432
   245   246   158  3.9566  1.1492
   235   246   159  3.9550  1.1474
   233   243   162  3.9531  1.1436
   235   246   158  3.9523  1.1474
   239   244   166  3.9513  1.1391
   245   234   158  3.9484  1.1457
   236   246   162  3.9448  1.1401
   236   237   166  3.9367  1.1330
   233   243   165  3.9364  1.1337
   233   244   158  3.9312  1.1384
   233   235   159  3.9305  1.1370
   236   241   166  3.9296  1.1300
   238   236   166  3.9269  1.1288
   236   246   165  3.9256  1.1292
   242   243   166  3.9232  1.1273
   245   234   159  3.9201  1.1327
   239   246   165  3.9197  1.1267
   233   237   158  3.9188  1.1331
   240   246   162  3.9171  1.1284
   236   234   158  3.9142  1.1312
   244   246   159  3.9099  1.1283
   239   236   166  3.9076  1.1207
   241   244   166  3.9067  1.1204
   237   236   166  3.9067  1.1204
   241   237   166  3.9066  1.1203
   237   243   166  3.9045  1.1195
   233   236   165  3.8928  1.1154
   242   238   166  3.8923  1.1143
   238   244   166  3.8780  1.1084
   234   234   159  3.8673  1.1104
   233   236   162  3.8649  1.1065
   233   245   159  3.8644  1.1092
   235   246   165  3.8608  1.1021
   245   245   159  3.8594  1.1071
   233   244   165  3.8562  1.1002
   236   236   166  3.8529  1.0980
   235   246   162  3.8509  1.1007
   233   244   162  3.8489  1.0999
   236   242   166  3.8486  1.0962
   235   238   166  3.8484  1.0961
   240   236   166  3.8469  1.0955
   234   246   159  3.8459  1.1015
   233   238   163  3.8442  1.0970
   233   237   163  3.8430  1.0965
   243   241   166  3.8429  1.0938
   235   239   166  3.8379  1.0918
   240   246   165  3.8372  1.0923
   243   240   166  3.8350  1.0905
   233   245   158  3.8287  1.0953
   235   237   166  3.8281  1.0877
   234   246   158  3.8252  1.0939
   233   239   163  3.8179  1.0861
   233   236   158  3.8157  1.0900
   237   234   163  3.8154  1.0851
   233   236   163  3.8113  1.0834
   236   234   163  3.8042  1.0805
   233   238   164  3.8041  1.0795
   238   234   163  3.8030  1.0800
   243   242   166  3.8027  1.0773
   235   240   166  3.8006  1.0764
   233   237   164  3.7997  1.0777
   235   234   158  3.7984  1.0828
   241   246   162  3.7922  1.0764
   243   239   166  3.7835  1.0694
   233   239   164  3.7802  1.0697
   242   244   166  3.7771  1.0668
   235   236   166  3.7746  1.0658
   235   234   163  3.7722  1.0673
   233   240   163  3.7689  1.0660
   238   235   166  3.7671  1.0627
   237   235   166  3.7663  1.0624
   234   246   165  3.7657  1.0629
   239   234   163  3.7653  1.0645
   240   245   166  3.7651  1.0619
   233   236   164  3.7644  1.0633
   237   234   162  3.7622  1.0641
   242   237   166  3.7618  1.0606
   237   244   166  3.7610  1.0602
   233   234   159  3.7606  1.0663
   233   245   165  3.7585  1.0600
   236   234   162  3.7581  1.0625
   239   245   166  3.7559  1.0582
   233   235   165  3.7546  1.0584
   233   235   163  3.7491  1.0579
   241   236   166  3.7466  1.0544
   236   243   166  3.7437  1.0532
   233   246   159  3.7428  1.0590
   235   241   166  3.7413  1.0522
   236   235   166  3.7375  1.0507
   239   235   166  3.7354  1.0499
   238   234   162  3.7348  1.0530
   233   240   164  3.7334  1.0507
   239   246   164  3.7286  1.0487
   234   246   162  3.7272  1.0499
   233   245   162  3.7241  1.0486
   236   234   164  3.7230  1.0464
   234   234   163  3.7229  1.0473
   238   246   164  3.7216  1.0459
   235   234   162  3.7206  1.0472
   237   234   164  3.7169  1.0440
   233   235   162  3.7160  1.0453
   245   246   159  3.7145  1.0474
   243   243   166  3.7144  1.0414
   241   245   166  3.7122  1.0405
   241   246   165  3.7094  1.0401
   234   237   166  3.7069  1.0383
   235   234   164  3.7040  1.0388
   233   241   163  3.7025  1.0390
   240   234   163  3.7014  1.0386
   234   238   166  3.7007  1.0358
   233   246   158  3.6995  1.0423
   233   235   164  3.6994  1.0369
   243   238   166  3.6960  1.0340
   238   245   166  3.6951  1.0336
   233   235   158  3.6918  1.0392
   235   235   166  3.6874  1.0305
   239   246   161  3.6846  1.0335
   238   234   164  3.6833  1.0305
   234   236   166  3.6823  1.0285
   240   246   164  3.6800  1.0291
   239   234   162  3.6796  1.0307
   234   234   158  3.6756  1.0326
   240   235   166  3.6702  1.0236
   240   246   161  3.6702  1.0277
   233   241   164  3.6699  1.0251
   234   239   166  3.6693  1.0233
   237   246   164  3.6661  1.0236
   235   242   166  3.6647  1.0214
   234   234   164  3.6647  1.0230
   233   234   163  3.6603  1.0221
   238   246   161  3.6539  1.0212
   234   234   162  3.6504  1.0189
   236   234   165  3.6461  1.0148
   235   234   165  3.6433  1.0137
   233   246   165  3.6398  1.0123
   237   234   165  3.6324  1.0094
   242   246   162  3.6265  1.0094
   234   234   165  3.6249  1.0064
   234   235   166  3.6237  1.0051
   233   242   163  3.6226  1.0070
   239   234   164  3.6221  1.0060
   236   244   166  3.6201  1.0037
   234   240   166  3.6193  1.0034
   241   234   163  3.6112  1.0025
   242   236   166  3.6109  1.0001
   233   234   164  3.6102  1.0013
   241   246   161  3.6058  1.0020
   237   234   166  3.6036  0.9972
   238   234   165  3.6019  0.9973
   240   234   162  3.6004  0.9991
   237   245   166  3.5983  0.9951
   233   242   164  3.5951  0.9953
   236   234   166  3.5948  0.9937
   242   245   166  3.5945  0.9936
   233   234   165  3.5918  0.9933
   238   234   166  3.5901  0.9919
   233   239   161  3.5900  0.9958
   233   238   161  3.5864  0.9944
   237   246   161  3.5859  0.9942
   233   236   166  3.5855  0.9901
   233   237   166  3.5849  0.9898
   243   244   166  3.5828  0.9890
   243   237   166  3.5808  0.9882
   233   246   162  3.5777  0.9901
   241   246   164  3.5758  0.9878
   244   241   166  3.5746  0.9858
   235   243   166  3.5746  0.9858
   236   246   164  3.5743  0.9872
   244   240   166  3.5742  0.9856
   241   235   166  3.5729  0.9851
   235   234   166  3.5688  0.9835
   233   240   161  3.5667  0.9866
   233   238   166  3.5574  0.9790
   234   241   166  3.5571  0.9789
   239   234   165  3.5548  0.9787
   233   235   166  3.5537  0.9776
   233   234   162  3.5524  0.9802
   233   237   161  3.5519  0.9808
   233   234   158  3.5508  0.9829
   239   234   166  3.5507  0.9764
   239   246   163  3.5473  0.9774
   240   246   166  3.5468  0.9749
   238   246   163  3.5449  0.9764
   239   246   166  3.5443  0.9739
   242   246   165  3.5390  0.9726
   244   239   166  3.5368  0.9710
   240   234   164  3.5355  0.9720
   244   242   166  3.5350  0.9703
   233   243   163  3.5318  0.9713
   234   234   166  3.5315  0.9689
   233   241   161  3.5225  0.9693
   233   243   164  3.5120  0.9629
   240   246   163  3.5110  0.9632
   237   246   163  3.5109  0.9632
   237   234   161  3.5107  0.9647
   233   239   166  3.5105  0.9608
   236   234   161  3.5017  0.9612
   241   234   162  3.5001  0.9598
   239   233   160  4.8139  1.5447
   240   233   160  4.8128  1.5442
   238   233   160  4.7671  1.5213
   241   233   160  4.7642  1.5198
   239   247   160  4.7399  1.5077
   240   247   160  4.7312  1.5034
   238   247   160  4.6877  1.4819
   237   233   160  4.6752  1.4757
   242   233   160  4.6709  1.4736
   241   247   160  4.6546  1.4656
   237   247   160  4.5878  1.4332
   236   233   160  4.5441  1.4123
   243   233   160  4.5376  1.4092
   242   247   160  4.5110  1.3965
   236   247   160  4.4560  1.3705
   246   239   160  4.3964  1.3427
   246   238   160  4.3921  1.3406
   235   233   160  4.3840  1.3369
   232   240   160  4.3793  1.3347
   246   240   160  4.3752  1.3328
   232   239   160  4.3742  1.3324
   244   233   160  4.3705  1.3307
   232   241   160  4.3637  1.3275
   246   237   160  4.3626  1.3270
   232   238   160  4.3460  1.3194
   232   242   160  4.3284  1.3113
   246   241   160  4.3271  1.3107
   243   247   160  4.3104  1.3031
   246   236   160  4.3072  1.3016
   235   247   160  4.3057  1.3009
   232   237   160  4.2929  1.2951
   232   243   160  4.2728  1.2860
   246   240   158  4.2641  1.2844
   246   239   158  4.2522  1.2791
   246   241   158  4.2513  1.2786
   246   242   160  4.2510  1.2761
   240   247   158  4.2311  1.2695
   241   247   158  4.2286  1.2684
   246   235   160  4.2236  1.2638
   246   238   158  4.2179  1.2636
   232   236   160  4.2144  1.2596
   246   242   158  4.2108  1.2604
   234   233   160  4.2076  1.2566
   232   244   160  4.1949  1.2510
   239   247   158  4.1883  1.2503
   245   233   160  4.1764  1.2427
   242   247   158  4.1762  1.2449
   246   237   158  4.1620  1.2386
   246   243   160  4.1474  1.2298
   234   247   160  4.1453  1.2289
   246   243   158  4.1408  1.2292
   240   247   159  4.1245  1.2209
   232   235   160  4.1128  1.2146
   239   247   159  4.1116  1.2152
   238   247   158  4.1104  1.2158
   246   234   160  4.1093  1.2131
   232   239   159  4.1008  1.2105
   241   247   159  4.0922  1.2067
   232   245   160  4.0918  1.2054
   232   240   159  4.0915  1.2064
   246   236   158  4.0831  1.2038
   232   238   159  4.0797  1.2012
   243   247   158  4.0760  1.2007
   244   247   160  4.0695  1.1957
   238   247   159  4.0613  1.1932
   232   241   159  4.0582  1.1919
   246   244   158  4.0412  1.1856
   241   233   159  4.0387  1.1834
   240   233   159  4.0372  1.1828
   233   233   160  4.0295  1.1783
   232   237   159  4.0233  1.1767
   246   244   160  4.0189  1.1738
   242   233   159  4.0145  1.1730
   239   233   159  4.0122  1.1719
   242   247   159  4.0118  1.1718
   237   247   158  4.0098  1.1720
   232   242   159  4.0063  1.1694
   241   233   158  3.9935  1.1650
   232   234   160  3.9933  1.1628
   240   233   158  3.9859  1.1617
   237   247   159  3.9845  1.1601
   246   235   158  3.9785  1.1586
   233   247   160  3.9773  1.1559
   242   233   158  3.9750  1.1571
   246   239   159  3.9678  1.1529
   238   233   159  3.9670  1.1526
   246   238   159  3.9659  1.1521
   243   233   159  3.9643  1.1514
   246   233   160  3.9619  1.1494
   232   246   160  3.9609  1.1489
   246   240   159  3.9577  1.1486
   232   239   165  3.9551  1.1416
   239   233   158  3.9526  1.1475
   246   237   159  3.9511  1.1458
   232   240   165  3.9421  1.1361
   232   238   165  3.9395  1.1350
   232   243   159  3.9392  1.1407
   232   241   158  3.9374  1.1410
   244   247   158  3.9372  1.1409
   246   241   159  3.9344  1.1387
   232   240   158  3.9319  1.1387
   243   233   158  3.9316  1.1386
   232   236   159  3.9303  1.1370
   246   236   159  3.9203  1.1327
   232   242   158  3.9172  1.1325
   246   245   158  3.9143  1.1312
   232   241   165  3.9067  1.1212
   237   233   159  3.9056  1.1265
   232   239   158  3.9011  1.1257
   232   240   162  3.8984  1.1205
   236   247   158  3.8978  1.1243
   246   242   159  3.8953  1.1222
   238   233   158  3.8951  1.1232
   232   239   162  3.8932  1.1184
   236   247   159  3.8925  1.1210
   232   237   165  3.8899  1.1142
   244   233   159  3.8897  1.1198
   243   247   159  3.8869  1.1186
   232   241   162  3.8746  1.1106
   246   245   160  3.8712  1.1111
   232   243   158  3.8709  1.1129
   246   235   159  3.8689  1.1111
   244   233   158  3.8657  1.1108
   232   233   160  3.8626  1.1075
   232   244   159  3.8575  1.1063
   232   238   162  3.8561  1.1029
   232   242   165  3.8538  1.0992
   232   238   158  3.8463  1.1027
   246   234   158  3.8454  1.1023
   246   243   159  3.8368  1.0977
   236   233   159  3.8323  1.0958
   232   242   162  3.8254  1.0901
   237   233   158  3.8169  1.0904
   245   247   160  3.8089  1.0851
   232   236   165  3.8046  1.0789
   232   235   159  3.8038  1.0840
   232   247   160  3.8005  1.0817
   232   244   158  3.7981  1.0826
   235   247   159  3.7947  1.0803
   245   233   159  3.7947  1.0802
   238   247   162  3.7919  1.0763
   246   234   159  3.7917  1.0790
   232   237   162  3.7868  1.0742
   237   247   162  3.7865  1.0741
   232   243   165  3.7861  1.0713
   237   247   165  3.7841  1.0705
   235   247   158  3.7817  1.0759
   245   233   158  3.7811  1.0756
   245   247   158  3.7731  1.0724
   238   247   165  3.7713  1.0653
   232   237   158  3.7689  1.0706
   246   246   158  3.7647  1.0689
   236   247   165  3.7626  1.0617
   232   245   159  3.7602  1.0661
   246   244   159  3.7553  1.0641
   239   247   162  3.7550  1.0612
   232   243   162  3.7536  1.0606
   235   233   159  3.7509  1.0623
   236   247   162  3.7416  1.0557
   232   237   163  3.7297  1.0500
   244   247   159  3.7272  1.0526
   236   233   158  3.7226  1.0517
   232   238   163  3.7221  1.0469
   239   247   165  3.7221  1.0453
   246   246   160  3.7118  1.0454
   232   236   163  3.7100  1.0420
   235   247   165  3.7078  1.0395
   232   244   165  3.7034  1.0377
   232   245   158  3.6984  1.0418
   234   247   159  3.6975  1.0405
   232   239   163  3.6906  1.0342
   232   236   162  3.6885  1.0342
   232   235   165  3.6870  1.0311
   246   233   159  3.6840  1.0351
   246   233   158  3.6826  1.0355
   240   247   162  3.6749  1.0288
   232   236   158  3.6713  1.0309
   237   233   163  3.6668  1.0247
   234   233   159  3.6644  1.0272
   234   247   158  3.6639  1.0279
   236   233   163  3.6623  1.0229
   232   235   163  3.6620  1.0228
   235   247   162  3.6613  1.0233
   232   244   162  3.6601  1.0228
   232   237   164  3.6589  1.0207
   232   234   159  3.6512  1.0219
   238   233   163  3.6503  1.0181
   246   245   159  3.6485  1.0208
   232   236   164  3.6472  1.0160
   232   246   159  3.6460  1.0198
   232   238   164  3.6445  1.0149
   232   240   163  3.6400  1.0140
   235   233   163  3.6394  1.0137
   240   247   165  3.6339  1.0099
   234   247   165  3.6192  1.0041
   235   233   158  3.6180  1.0095
   239   233   163  3.6110  1.0024
   232   235   164  3.6085  1.0007
   232   239   164  3.6080  1.0005
   233   247   159  3.6038  1.0030
   232   245   165  3.6035  0.9979
   234   233   163  3.6015  0.9987
   246   247   158  3.5984  1.0017
   232   234   163  3.5885  0.9936
   233   233   159  3.5748  0.9915
   232   241   163  3.5746  0.9881
   232   246   158  3.5714  0.9910
   232   235   162  3.5681  0.9863
   232   235   158  3.5561  0.9850
   236   233   164  3.5561  0.9800
   232   240   164  3.5556  0.9798
   241   247   162  3.5544  0.9810
   235   233   164  3.5530  0.9788
   233   233   163  3.5522  0.9793
   234   247   162  3.5491  0.9788
   246   247   160  3.5483  0.9802
   240   233   163  3.5482  0.9777
   245   247   159  3.5467  0.9804
   232   234   164  3.5460  0.9761
   232   234   165  3.5457  0.9752
   232   245   162  3.5445  0.9770
   233   247   158  3.5431  0.9799
   237   233   164  3.5414  0.9743
   237   233   162  3.5375  0.9743
   236   233   162  3.5363  0.9738
   234   233   164  3.5352  0.9719
   246   246   159  3.5162  0.9685
   238   233   162  3.5151  0.9656
   232   247   159  3.5146  0.9679
   235   233   162  3.5100  0.9636
   234   233   158  3.5084  0.9663
   238   247   164  3.5070  0.9609
   238   233   164  3.5067  0.9608
   241   247   165  3.5064  0.9599
   233   233   164  3.5054  0.9603
   239   247   164  3.5036  0.9596
   240   232   160  4.5292  1.4051
   239   232   160  4.5276  1.4044
   241   232   160  4.4901  1.3865
   238   232   160  4.4855  1.3844
   239   248   160  4.4350  1.3606
   240   248   160  4.4246  1.3558
   242   232   160  4.4119  1.3498
   237   232   160  4.4056  1.3469
   238   248   160  4.3938  1.3415
   241   248   160  4.3569  1.3244
   237   248   160  4.3116  1.3036
   243   232   160  4.2976  1.2972
   236   232   160  4.2936  1.2954
   242   248   160  4.2327  1.2679
   236   248   160  4.2004  1.2534
   235   232   160  4.1583  1.2347
   244   232   160  4.1513  1.2316
   231   240   160  4.1422  1.2275
   231   239   160  4.1355  1.2246
   231   241   160  4.1308  1.2225
   231   238   160  4.1099  1.2133
   247   238   160  4.1072  1.2122
   247   239   160  4.1026  1.2101
   231   242   160  4.1015  1.2096
   247   237   160  4.0877  1.2036
   247   239   158  4.0787  1.2019
   247   240   158  4.0749  1.2003
   247   240   160  4.0740  1.1977
   235   248   160  4.0706  1.1962
   231   237   160  4.0642  1.1934
   247   238   158  4.0614  1.1944
   243   248   160  4.0594  1.1913
   231   243   160  4.0528  1.1884
   247   241   158  4.0497  1.1893
   247   236   160  4.0427  1.1840
   247   241   160  4.0215  1.1749
   247   237   158  4.0215  1.1771
   234   232   160  4.0110  1.1704
   247   242   158  4.0017  1.1685
   231   236   160  3.9989  1.1652
   231   244   160  3.9822  1.1580
   240   248   158  3.9817  1.1599
   241   248   158  3.9788  1.1587
   245   232   160  3.9775  1.1560
   247   235   160  3.9701  1.1529
   247   236   158  3.9560  1.1490
   231   239   159  3.9542  1.1471
   231   240   159  3.9528  1.1465
   239   248   158  3.9459  1.1446
   247   242   160  3.9449  1.1421
   242   248   158  3.9331  1.1392
   247   243   158  3.9298  1.1378
   231   238   159  3.9296  1.1367
   231   241   159  3.9295  1.1366
   234   248   160  3.9284  1.1351
   231   235   160  3.9161  1.1299
   240   248   159  3.8961  1.1225
   239   248   159  3.8887  1.1194
   231   242   159  3.8877  1.1190
   231   245   160  3.8870  1.1177
   238   248   158  3.8796  1.1166
   231   237   159  3.8753  1.1138
   247   234   160  3.8676  1.1096
   233   232   160  3.8639  1.1080
   241   248   159  3.8638  1.1089
   247   235   158  3.8613  1.1090
   244   248   160  3.8498  1.1021
   238   248   159  3.8481  1.1024
   243   248   158  3.8459  1.1025
   247   243   160  3.8452  1.1002
   247   244   158  3.8339  1.0975
   231   243   159  3.8294  1.0946
   231   234   160  3.8200  1.0898
   231   239   165  3.8155  1.0834
   241   232   159  3.8153  1.0888
   231   238   165  3.8094  1.0809
   242   232   159  3.8054  1.0847
   240   232   159  3.8034  1.0838
   231   241   158  3.8001  1.0835
   231   240   165  3.7953  1.0750
   237   248   158  3.7927  1.0804
   231   240   158  3.7918  1.0800
   231   236   159  3.7901  1.0784
   242   248   159  3.7890  1.0779
   241   232   158  3.7856  1.0775
   237   248   159  3.7836  1.0757
   231   242   158  3.7820  1.0760
   246   232   160  3.7811  1.0737
   247   238   159  3.7782  1.0735
   247   237   159  3.7764  1.0727
   233   248   160  3.7755  1.0714
   240   232   158  3.7746  1.0730
   231   237   165  3.7728  1.0659
   239   232   159  3.7725  1.0711
   243   232   159  3.7725  1.0711
   242   232   158  3.7716  1.0717
   247   239   159  3.7692  1.0697
   231   246   160  3.7645  1.0669
   247   236   159  3.7596  1.0658
   231   239   158  3.7584  1.0663
   231   244   159  3.7546  1.0638
   231   241   165  3.7536  1.0580
   247   240   159  3.7512  1.0624
   239   232   158  3.7398  1.0587
   231   243   158  3.7368  1.0575
   247   234   158  3.7345  1.0565
   247   233   160  3.7334  1.0542
   243   232   158  3.7326  1.0557
   232   232   160  3.7277  1.0519
   238   232   159  3.7261  1.0522
   247   244   160  3.7254  1.0509
   244   248   158  3.7241  1.0523
   247   241   159  3.7238  1.0512
   247   235   159  3.7221  1.0505
   244   232   159  3.7164  1.0482
   231   233   160  3.7161  1.0472
   247   245   158  3.7156  1.0488
   236   248   159  3.7045  1.0434
   231   236   165  3.7044  1.0381
   231   238   158  3.7020  1.0433
   231   242   165  3.6944  1.0341
   236   248   158  3.6938  1.0400
   247   242   159  3.6845  1.0353
   238   232   158  3.6836  1.0359
   231   235   159  3.6762  1.0319
   243   248   159  3.6745  1.0312
   244   232   158  3.6704  1.0305
   231   240   162  3.6689  1.0263
   237   232   159  3.6682  1.0287
   231   244   158  3.6644  1.0281
   231   239   162  3.6633  1.0241
   231   245   159  3.6631  1.0267
   247   234   159  3.6582  1.0247
   231   241   162  3.6504  1.0190
   245   232   159  3.6391  1.0171
   231   238   162  3.6330  1.0120
   247   243   159  3.6290  1.0130
   231   237   158  3.6254  1.0125
   245   248   160  3.6203  1.0086
   231   243   165  3.6199  1.0044
   235   248   159  3.6188  1.0089
   231   247   160  3.6134  1.0059
   231   237   163  3.6117  1.0027
   232   248   160  3.6109  1.0049
   237   232   158  3.6100  1.0063
   231   232   160  3.6097  1.0044
   231   242   162  3.6090  1.0025
   231   235   165  3.6073  0.9994
   231   236   163  3.6034  0.9994
   236   232   159  3.6025  1.0025
   231   238   163  3.5961  0.9966
   247   245   160  3.5907  0.9969
   237   248   165  3.5902  0.9927
   245   232   158  3.5885  0.9978
   235   248   158  3.5880  0.9976
   245   248   158  3.5786  0.9939
   231   237   162  3.5785  0.9904
   247   246   158  3.5779  0.9936
   236   248   165  3.5770  0.9875
   247   233   158  3.5751  0.9925
   231   235   163  3.5696  0.9861
   238   248   165  3.5691  0.9844
   247   232   160  3.5674  0.9877
   231   245   158  3.5649  0.9885
   247   233   159  3.5632  0.9869
   231   239   163  3.5601  0.9824
   237   248   162  3.5564  0.9817
   231   246   159  3.5546  0.9835
   247   244   159  3.5532  0.9830
   238   248   162  3.5522  0.9801
   231   243   162  3.5453  0.9774
   246   232   159  3.5438  0.9793
   231   234   159  3.5389  0.9774
   234   248   159  3.5323  0.9748
   235   232   159  3.5322  0.9747
   231   236   164  3.5319  0.9706
   231   236   158  3.5315  0.9753
   231   244   165  3.5303  0.9692
   235   248   165  3.5291  0.9687
   244   248   159  3.5279  0.9731
   231   237   164  3.5248  0.9678
   236   232   158  3.5238  0.9723
   236   248   162  3.5225  0.9685
   231   235   164  3.5155  0.9642
   236   232   163  3.5150  0.9647
   237   232   163  3.5140  0.9644
   239   248   165  3.5133  0.9626
   231   234   163  3.5120  0.9636
   239   248   162  3.5089  0.9632
   231   240   163  3.5077  0.9619
   231   236   162  3.5028  0.9608
   240   231   160  4.2309  1.2671
   239   231   160  4.2297  1.2665
   241   231   160  4.1979  1.2523
   238   231   160  4.1950  1.2510
   242   231   160  4.1311  1.2227
   237   231   160  4.1297  1.2220
   239   249   160  4.1293  1.2219
   240   249   160  4.1208  1.2181
   238   249   160  4.0945  1.2066
   241   249   160  4.0644  1.1935
   236   231   160  4.0390  1.1825
   243   231   160  4.0322  1.1795
   237   249   160  4.0244  1.1761
   242   249   160  3.9603  1.1487
   235   231   160  3.9307  1.1361
   230   240   160  3.9284  1.1351
   236   249   160  3.9284  1.1351
   230   239   160  3.9237  1.1331
   248   239   158  3.9188  1.1332
   230   241   160  3.9166  1.1301
   248   238   158  3.9134  1.1309
   248   240   158  3.9038  1.1268
   244   231   160  3.9035  1.1246
   230   238   160  3.9027  1.1243
   230   242   160  3.8875  1.1179
   248   237   158  3.8847  1.1188
   248   241   158  3.8692  1.1123
   230   237   160  3.8655  1.1087
   248   238   160  3.8548  1.1042
   248   239   160  3.8495  1.1020
   230   243   160  3.8396  1.0979
   248   237   160  3.8356  1.0962
   248   236   158  3.8286  1.0953
   230   240   159  3.8238  1.0923
   248   240   160  3.8201  1.0898
   230   239   159  3.8164  1.0892
   248   242   158  3.8152  1.0897
   235   249   160  3.8143  1.0874
   234   231   160  3.8142  1.0873
   243   249   160  3.8141  1.0873
   230   236   160  3.8132  1.0869
   230   241   159  3.8104  1.0868
   248   236   160  3.7913  1.0779
   230   238   159  3.7862  1.0767
   230   242   159  3.7778  1.0733
   230   244   160  3.7707  1.0694
   248   241   160  3.7666  1.0678
   230   235   160  3.7481  1.0602
   245   231   160  3.7481  1.0602
   248   243   158  3.7412  1.0593
   248   235   158  3.7409  1.0591
   230   237   159  3.7311  1.0542
   240   249   158  3.7287  1.0542
   230   243   159  3.7267  1.0524
   241   249   158  3.7267  1.0533
   248   235   160  3.7208  1.0491
   233   231   160  3.6993  1.0404
   239   249   158  3.6974  1.0414
   248   242   160  3.6899  1.0365
   242   249   158  3.6878  1.0375
   234   249   160  3.6868  1.0353
   230   245   160  3.6784  1.0319
   230   234   160  3.6736  1.0300
   230   238   165  3.6728  1.0255
   230   239   165  3.6696  1.0242
   230   241   158  3.6631  1.0276
   240   249   159  3.6613  1.0260
   239   249   159  3.6586  1.0249
   230   244   159  3.6575  1.0244
   230   240   158  3.6539  1.0239
   230   236   159  3.6505  1.0216
   230   237   165  3.6485  1.0157
   248   244   158  3.6473  1.0212
   230   242   158  3.6451  1.0204
   230   240   165  3.6414  1.0129
   238   249   158  3.6392  1.0180
   244   249   160  3.6352  1.0146
   241   249   159  3.6287  1.0129
   238   249   159  3.6262  1.0119
   248   234   160  3.6229  1.0097
   248   237   159  3.6212  1.0099
   230   239   158  3.6194  1.0101
   248   234   158  3.6187  1.0098
   248   238   159  3.6164  1.0080
   243   249   158  3.6128  1.0075
   248   236   159  3.6113  1.0059
   248   239   159  3.6014  1.0020
   230   243   158  3.5994  1.0021
   230   236   165  3.5963  0.9951
   232   231   160  3.5945  0.9984
   230   233   160  3.5938  0.9981
   230   241   165  3.5917  0.9933
   248   243   160  3.5917  0.9973
   241   231   159  3.5860  0.9959
   242   231   159  3.5842  0.9952
   248   235   159  3.5808  0.9939
   248   240   159  3.5787  0.9930
   237   249   159  3.5719  0.9903
   230   245   159  3.5707  0.9899
   246   231   160  3.5695  0.9885
   240   231   159  3.5694  0.9894
   241   231   158  3.5673  0.9894
   230   238   158  3.5624  0.9875
   243   231   159  3.5622  0.9865
   237   249   158  3.5618  0.9872
   230   246   160  3.5607  0.9851
   242   249   159  3.5586  0.9851
   240   231   158  3.5559  0.9849
   242   231   158  3.5543  0.9843
   248   241   159  3.5484  0.9811
   233   249   160  3.5469  0.9797
   230   235   159  3.5460  0.9802
   239   231   159  3.5374  0.9768
   248   245   158  3.5344  0.9764
   230   244   158  3.5262  0.9733
   248   234   159  3.5241  0.9715
   230   242   165  3.5238  0.9667
   239   231   158  3.5221  0.9717
   230   235   165  3.5197  0.9651
   244   231   159  3.5190  0.9696
   243   231   158  3.5165  0.9694
   230   232   160  3.5125  0.9662
   248   242   159  3.5078  0.9652
   244   249   158  3.5071  0.9658
   231   231   160  3.5050  0.9633
   236   249   159  3.5037  0.9636
   239   230   160  3.9262  1.1342
   240   230   160  3.9237  1.1331
   238   230   160  3.9021  1.1240
   241   230   160  3.8931  1.1203
   237   230   160  3.8544  1.1040
   242   230   160  3.8341  1.0956
   239   250   160  3.8237  1.0913
   240   250   160  3.8208  1.0901
   238   250   160  3.7905  1.0776
   236   230   160  3.7876  1.0764
   241   250   160  3.7778  1.0724
   249   238   158  3.7720  1.0719
   249   239   158  3.7704  1.0712
   249   237   158  3.7500  1.0629
   249   240   158  3.7487  1.0623
   243   230   160  3.7470  1.0597
   229   239   160  3.7325  1.0538
   229   240   160  3.7312  1.0533
   237   250   160  3.7274  1.0518
   229   238   160  3.7194  1.0485
   229   241   160  3.7144  1.0465
   249   241   158  3.7086  1.0460
   235   230   160  3.7081  1.0439
   249   236   158  3.6998  1.0424
   229   240   159  3.6990  1.0412
   229   241   159  3.6953  1.0396
   242   250   160  3.6947  1.0385
   229   237   160  3.6930  1.0378
   229   239   159  3.6824  1.0344
   229   242   160  3.6811  1.0330
   229   242   159  3.6712  1.0299
   229   236   160  3.6547  1.0224
   249   242   158  3.6509  1.0227
   229   238   159  3.6452  1.0195
   236   250   160  3.6418  1.0172
   244   230   160  3.6331  1.0137
   249   239   160  3.6304  1.0127
   249   238   160  3.6299  1.0125
   229   243   160  3.6298  1.0124
   229   243   159  3.6270  1.0122
   234   230   160  3.6234  1.0099
   249   235   158  3.6168  1.0091
   229   235   160  3.6070  1.0034
   249   240   160  3.6050  1.0026
   249   237   160  3.6038  1.0021
   229   237   159  3.5872  0.9964
   249   243   158  3.5754  0.9926
   243   250   160  3.5751  0.9907
   229   244   159  3.5633  0.9869
   229   244   160  3.5589  0.9844
   249   241   160  3.5537  0.9823
   249   236   160  3.5529  0.9820
   229   234   160  3.5525  0.9818
   233   230   160  3.5409  0.9773
   235   250   160  3.5395  0.9767
   229   238   165  3.5327  0.9702
   229   241   158  3.5223  0.9717
   229   237   165  3.5208  0.9655
   229   239   165  3.5196  0.9651
   229   240   158  3.5141  0.9685
   229   236   159  3.5085  0.9655
   229   242   158  3.5033  0.9643
   250   238   158  3.6321  1.0151
   250   239   158  3.6275  1.0133
   239   229   160  3.6249  1.0105
   240   229   160  3.6153  1.0067
   238   229   160  3.6144  1.0063
   250   237   158  3.6132  1.0076
   250   240   158  3.6032  1.0036
   237   229   160  3.5868  0.9953
   241   229   160  3.5838  0.9942
   228   241   159  3.5793  0.9933
   228   240   159  3.5734  0.9909
   250   236   158  3.5663  0.9890
   228   242   159  3.5640  0.9872
   250   241   158  3.5612  0.9870
   228   239   160  3.5541  0.9825
   228   238   160  3.5521  0.9817
   228   239   159  3.5473  0.9807
   236   229   160  3.5458  0.9792
   228   240   160  3.5433  0.9782
   228   237   160  3.5391  0.9766
   242   229   160  3.5292  0.9727
   228   243   159  3.5271  0.9727
   240   251   160  3.5232  0.9704
   228   241   160  3.5185  0.9685
   239   251   160  3.5178  0.9683
   228   236   160  3.5167  0.9678
   250   242   158  3.5024  0.9639
   228   238   159  3.5024  0.9631
