#   X     Y     Z      S       D
   104    76   130  3.9611  1.1886
   104    77   130  3.9571  1.1868
   105    77   130  3.9499  1.1836
   105    76   130  3.9488  1.1831
   104    75   130  3.9456  1.1817
   103    76   130  3.9390  1.1787
   105    75   130  3.9324  1.1759
   103    77   130  3.9283  1.1740
   103    75   130  3.9250  1.1726
   105    77   131  3.5677  1.0192
   104    77   131  3.5587  1.0155
   103    77   131  3.5324  1.0048
   105    76   131  3.5107  0.9960
   104    76   131  3.5060  0.9941
   105    78   130  3.9268  1.1734
   104    78   130  3.9248  1.1725
   104    74   130  3.9166  1.1689
   105    74   130  3.9066  1.1645
   106    77   130  3.9048  1.1637
   106    76   130  3.9001  1.1616
   103    74   130  3.8928  1.1584
   106    78   130  3.8888  1.1566
   102    76   130  3.8856  1.1552
   103    78   130  3.8844  1.1547
   106    75   130  3.8835  1.1544
   102    75   130  3.8738  1.1501
   102    77   130  3.8669  1.1471
   106    74   130  3.8608  1.1444
   102    74   130  3.8383  1.1347
   102    78   130  3.8092  1.1221
   104    77   132  3.6507  1.0522
   103    77   132  3.6461  1.0503
   104    76   132  3.6403  1.0479
   103    76   132  3.6402  1.0478
   104    78   132  3.6267  1.0423
   105    77   132  3.6229  1.0407
   105    78   131  3.6165  1.0393
   103    78   132  3.6141  1.0370
   105    76   132  3.6099  1.0353
   102    76   132  3.6094  1.0351
   102    77   132  3.6090  1.0349
   106    78   131  3.6059  1.0350
   105    78   132  3.6050  1.0333
   104    78   131  3.6043  1.0343
   103    75   132  3.6029  1.0324
   104    75   132  3.6020  1.0320
   105    75   132  3.5725  1.0199
   103    78   131  3.5694  1.0199
   102    78   132  3.5672  1.0178
   106    77   132  3.5646  1.0167
   106    77   131  3.5586  1.0155
   106    76   132  3.5511  1.0112
   106    78   132  3.5508  1.0111
   106    75   132  3.5162  0.9970
   102    78   131  3.5122  0.9966
   106    76   131  3.5008  0.9920
   104    73   130  3.8763  1.1512
   105    73   130  3.8728  1.1497
   105    79   130  3.8690  1.1480
   104    79   130  3.8541  1.1415
   103    73   130  3.8453  1.1377
   106    79   130  3.8412  1.1359
   106    73   130  3.8330  1.1324
   107    77   130  3.8230  1.1280
   107    76   130  3.8160  1.1250
   107    78   130  3.8120  1.1233
   101    76   130  3.8041  1.1199
   107    75   130  3.7999  1.1181
   103    79   130  3.7981  1.1173
   101    75   130  3.7953  1.1161
   102    73   130  3.7835  1.1110
   107    74   130  3.7801  1.1096
   101    77   130  3.7760  1.1078
   107    79   130  3.7725  1.1063
   107    73   130  3.7573  1.0998
   101    74   130  3.7571  1.0997
   104    77   133  3.7051  1.0736
   102    79   130  3.7047  1.0775
   101    78   130  3.7027  1.0767
   105    78   133  3.6990  1.0711
   105    77   133  3.6989  1.0710
   104    78   133  3.6951  1.0694
   101    73   130  3.6950  1.0734
   104    76   133  3.6868  1.0660
   103    77   133  3.6843  1.0649
   103    76   133  3.6764  1.0616
   105    76   133  3.6727  1.0601
   106    78   133  3.6713  1.0595
   105    79   133  3.6660  1.0573
   106    77   133  3.6653  1.0570
   103    78   133  3.6611  1.0552
   105    79   131  3.6534  1.0547
   104    79   133  3.6503  1.0507
   104    75   133  3.6467  1.0492
   106    79   133  3.6458  1.0489
   103    75   133  3.6434  1.0479
   102    76   133  3.6409  1.0468
   106    79   131  3.6392  1.0487
   104    79   131  3.6391  1.0487
   102    77   133  3.6371  1.0453
   106    76   133  3.6353  1.0445
   105    75   133  3.6276  1.0413
   102    75   133  3.6160  1.0366
   107    78   133  3.6124  1.0351
   107    77   133  3.6054  1.0322
   103    79   133  3.6010  1.0304
   102    78   133  3.5989  1.0295
   107    79   131  3.5978  1.0316
   103    79   131  3.5952  1.0305
   103    74   133  3.5909  1.0262
   104    74   133  3.5906  1.0261
   107    79   133  3.5895  1.0257
   106    75   133  3.5883  1.0251
   101    76   133  3.5805  1.0219
   101    79   130  3.5783  1.0248
   107    76   133  3.5759  1.0201
   102    75   132  3.5749  1.0209
   107    78   131  3.5726  1.0212
   105    74   133  3.5695  1.0174
   102    74   133  3.5679  1.0168
   101    77   133  3.5646  1.0155
   101    75   133  3.5638  1.0151
   104    79   132  3.5627  1.0159
   105    79   132  3.5505  1.0109
   101    76   132  3.5490  1.0103
   104    74   132  3.5411  1.0071
   101    77   132  3.5407  1.0069
   103    74   132  3.5398  1.0066
   103    79   132  3.5388  1.0062
   107    75   133  3.5307  1.0017
   107    77   131  3.5305  1.0040
   106    74   133  3.5304  1.0016
   102    79   131  3.5218  1.0005
   102    79   133  3.5217  0.9980
   101    75   132  3.5189  0.9981
   105    74   132  3.5155  0.9967
   102    74   132  3.5114  0.9951
   101    78   133  3.5111  0.9937
   106    79   132  3.5039  0.9920
   105    72   130  3.8290  1.1306
   104    72   130  3.8234  1.1282
   106    72   130  3.7972  1.1169
   103    72   130  3.7826  1.1106
   105    80   130  3.7673  1.1041
   106    80   130  3.7526  1.0978
   104    80   130  3.7369  1.0911
   107    72   130  3.7279  1.0873
   102    72   130  3.7105  1.0800
   108    77   130  3.7093  1.0794
   108    78   130  3.7017  1.0763
   108    76   130  3.7013  1.0760
   100    76   130  3.6967  1.0741
   107    80   130  3.6951  1.0735
   100    75   130  3.6921  1.0722
   108    75   130  3.6860  1.0696
   105    80   131  3.6729  1.0628
   108    79   130  3.6686  1.0623
   108    74   130  3.6685  1.0623
   103    80   130  3.6628  1.0599
   100    77   130  3.6579  1.0578
   104    80   131  3.6572  1.0562
   106    80   131  3.6534  1.0546
   100    74   130  3.6521  1.0554
   108    73   130  3.6492  1.0542
   108    72   130  3.6241  1.0438
   101    72   130  3.6119  1.0387
   103    80   131  3.6041  1.0342
   107    80   131  3.6019  1.0333
   108    80   130  3.6009  1.0342
   105    80   133  3.5943  1.0276
   100    73   130  3.5836  1.0270
   106    80   133  3.5829  1.0229
   100    78   130  3.5680  1.0206
   104    80   133  3.5658  1.0159
   102    80   130  3.5492  1.0129
   107    80   133  3.5309  1.0018
   108    79   131  3.5305  1.0040
   108    78   133  3.5248  0.9993
   103    73   133  3.5236  0.9988
   104    73   133  3.5230  0.9985
   108    80   131  3.5216  1.0004
   108    77   133  3.5216  0.9980
   101    74   133  3.5201  0.9974
   108    78   131  3.5164  0.9983
   102    80   131  3.5131  0.9970
   105    73   133  3.5028  0.9904
   102    73   133  3.5015  0.9898
   103    80   133  3.5006  0.9895
   105    71   130  3.7699  1.1052
   104    71   130  3.7539  1.0984
   106    71   130  3.7472  1.0955
   103    71   130  3.7019  1.0763
   107    71   130  3.6852  1.0693
   105    81   131  3.6676  1.0606
   104    81   131  3.6508  1.0536
   106    81   131  3.6425  1.0501
   102    71   130  3.6184  1.0414
   106    81   130  3.6175  1.0410
   105    81   130  3.6169  1.0408
   103    81   131  3.5884  1.0277
   108    71   130  3.5861  1.0280
   107    81   131  3.5807  1.0245
   107    81   130  3.5742  1.0232
   109    77   130  3.5723  1.0224
   104    81   130  3.5698  1.0213
   109    78   130  3.5670  1.0202
    99    75   130  3.5655  1.0196
    99    76   130  3.5645  1.0192
   109    76   130  3.5639  1.0189
   109    75   130  3.5494  1.0130
   109    79   130  3.5387  1.0086
   109    74   130  3.5330  1.0063
    99    74   130  3.5254  1.0032
   109    73   130  3.5149  0.9989
    99    77   130  3.5138  0.9985
   101    71   130  3.5083  0.9963
   105    70   130  3.6885  1.0707
   106    70   130  3.6749  1.0650
   104    70   130  3.6622  1.0596
   105    82   131  3.6305  1.0451
   107    70   130  3.6204  1.0422
   104    82   131  3.6123  1.0376
   106    82   131  3.6008  1.0328
   103    70   130  3.5992  1.0335
   103    82   131  3.5415  1.0085
   107    82   131  3.5303  1.0039
   108    70   130  3.5263  1.0036
   102    70   130  3.5043  0.9946
   105    69   130  3.5774  1.0245
   106    69   130  3.5721  1.0223
   105    83   131  3.5569  1.0148
   104    69   130  3.5421  1.0100
   104    83   131  3.5370  1.0067
   106    83   131  3.5248  1.0017
   107    69   130  3.5246  1.0029
