#   X     Y     Z      S       D
   298   360   139  4.5795  1.4638
   298   359   139  4.5452  1.4468
   298   361   139  4.5395  1.4440
   299   360   139  4.5349  1.4417
   298   359   138  4.5063  1.4295
   299   361   139  4.4999  1.4246
   299   359   139  4.4972  1.4233
   297   360   139  4.4768  1.4133
   298   360   138  4.4617  1.4078
   297   359   139  4.4505  1.4005
   299   359   138  4.4439  1.3992
   297   359   138  4.4379  1.3963
   297   361   139  4.4302  1.3908
   297   360   138  4.3985  1.3773
   299   360   138  4.3927  1.3745
   298   361   138  4.3511  1.3547
   297   361   138  4.2925  1.3270
   299   361   138  4.2787  1.3205
   298   358   138  4.4816  1.4175
   298   358   139  4.4402  1.3956
   299   358   138  4.4281  1.3915
   298   362   139  4.4237  1.3876
   297   358   138  4.4085  1.3821
   299   362   139  4.3919  1.3724
   299   358   139  4.3897  1.3714
   300   360   139  4.3612  1.3578
   297   358   139  4.3549  1.3548
   300   361   139  4.3312  1.3435
   300   359   139  4.3230  1.3397
   297   362   139  4.3088  1.3330
   300   359   138  4.2692  1.3161
   300   358   138  4.2638  1.3136
   296   359   138  4.2364  1.3009
   300   362   139  4.2341  1.2981
   296   360   139  4.2272  1.2950
   300   358   139  4.2179  1.2907
   296   359   139  4.2137  1.2887
   300   360   138  4.2121  1.2896
   296   358   138  4.2071  1.2873
   298   359   137  4.2066  1.2887
   298   358   137  4.2014  1.2863
   296   360   138  4.1996  1.2838
   297   359   137  4.1844  1.2785
   298   362   138  4.1783  1.2741
   297   358   137  4.1783  1.2757
   296   361   139  4.1721  1.2696
   298   360   137  4.1675  1.2707
   297   360   137  4.1465  1.2611
   296   358   139  4.1345  1.2525
   297   362   138  4.1233  1.2490
   299   359   137  4.1171  1.2477
   299   358   137  4.1146  1.2466
   299   362   138  4.1070  1.2416
   296   361   138  4.0988  1.2379
   300   361   138  4.0980  1.2375
   298   361   137  4.0887  1.2349
   299   360   137  4.0768  1.2295
   297   361   137  4.0686  1.2258
   296   359   137  4.0500  1.2175
   296   362   139  4.0469  1.2131
   296   358   137  4.0455  1.2155
   296   360   137  4.0124  1.2007
   299   361   137  3.9992  1.1949
   298   362   137  3.9744  1.1839
   297   362   137  3.9539  1.1749
   296   362   138  3.9366  1.1659
   296   361   137  3.9364  1.1672
   300   362   138  3.9331  1.1644
   300   358   137  3.9304  1.1646
   300   359   137  3.9303  1.1645
   300   360   137  3.8911  1.1475
   299   362   137  3.8891  1.1466
   296   362   137  3.8242  1.1187
   300   361   137  3.8184  1.1162
   300   362   137  3.7175  1.0736
   298   357   138  4.3849  1.3708
   299   357   138  4.3414  1.3501
   297   357   138  4.3079  1.3343
   298   357   139  4.2687  1.3142
   298   363   139  4.2357  1.2989
   298   359   136  4.2284  1.3004
   298   358   136  4.2181  1.2957
   299   357   139  4.2161  1.2899
   299   363   139  4.2154  1.2895
   297   359   136  4.2037  1.2890
   297   357   139  4.1940  1.2797
   300   357   138  4.1911  1.2799
   297   358   136  4.1856  1.2806
   298   360   136  4.1722  1.2744
   297   360   136  4.1551  1.2666
   298   357   137  4.1471  1.2614
   298   357   136  4.1459  1.2624
   297   357   137  4.1238  1.2508
   299   358   136  4.1182  1.2498
   299   359   136  4.1165  1.2490
   297   363   139  4.1154  1.2439
   296   357   138  4.1094  1.2427
   297   357   136  4.1063  1.2444
   301   360   139  4.0913  1.2330
   300   363   139  4.0758  1.2260
   301   361   139  4.0682  1.2226
   299   357   137  4.0643  1.2239
   299   357   136  4.0597  1.2234
   301   359   139  4.0527  1.2157
   299   360   136  4.0514  1.2196
   300   357   139  4.0489  1.2140
   298   361   136  4.0484  1.2183
   296   359   136  4.0400  1.2145
   297   361   136  4.0377  1.2135
   296   358   136  4.0190  1.2052
   301   358   138  4.0170  1.2013
   301   359   138  4.0137  1.1998
   296   360   136  3.9970  1.1954
   296   357   137  3.9949  1.1929
   296   357   139  3.9924  1.1889
   301   362   139  3.9862  1.1862
   301   357   138  3.9583  1.1754
   301   360   138  3.9543  1.1736
   301   358   139  3.9521  1.1712
   298   363   138  3.9493  1.1714
   296   357   136  3.9397  1.1701
   299   361   136  3.9235  1.1630
   295   359   138  3.9171  1.1574
   300   358   136  3.9032  1.1542
   297   363   138  3.8957  1.1481
   295   358   138  3.8916  1.1463
   300   359   136  3.8877  1.1474
   296   361   136  3.8872  1.1472
   300   357   137  3.8858  1.1452
   299   363   138  3.8840  1.1430
   295   360   138  3.8811  1.1418
   300   357   136  3.8624  1.1365
   298   362   136  3.8603  1.1356
   296   363   139  3.8541  1.1288
   297   362   136  3.8537  1.1327
   295   359   139  3.8536  1.1286
   301   363   139  3.8521  1.1279
   295   360   139  3.8513  1.1276
   301   361   138  3.8453  1.1264
   298   363   137  3.8286  1.1206
   295   359   137  3.8174  1.1158
   295   358   137  3.8161  1.1152
   300   360   136  3.8149  1.1161
   297   363   137  3.8056  1.1108
   295   357   138  3.8022  1.1080
   295   358   139  3.7956  1.1038
   301   357   139  3.7913  1.1020
   295   361   139  3.7871  1.1002
   295   361   138  3.7859  1.1011
   295   360   137  3.7798  1.0998
   295   357   137  3.7719  1.0965
   295   359   136  3.7537  1.0901
   299   363   137  3.7513  1.0878
   299   362   136  3.7373  1.0832
   295   358   136  3.7336  1.0816
   300   363   138  3.7241  1.0750
   296   363   138  3.7176  1.0723
   295   360   136  3.7147  1.0737
   296   362   136  3.7123  1.0727
   295   361   137  3.7065  1.0690
   301   362   138  3.6934  1.0622
   300   361   136  3.6870  1.0621
   295   357   139  3.6785  1.0548
   296   363   137  3.6782  1.0572
   301   359   137  3.6721  1.0547
   301   358   137  3.6718  1.0545
   295   362   139  3.6605  1.0473
   295   357   136  3.6601  1.0510
   301   360   137  3.6384  1.0407
   295   362   138  3.6341  1.0377
   301   357   137  3.6318  1.0380
   298   363   136  3.6165  1.0330
   295   361   136  3.6139  1.0319
   297   363   136  3.6107  1.0306
   301   358   136  3.6034  1.0276
   295   362   137  3.5993  1.0247
   300   363   137  3.5934  1.0223
   301   357   136  3.5805  1.0182
   301   359   136  3.5761  1.0165
   301   361   137  3.5760  1.0152
   300   362   136  3.5097  0.9896
   301   363   138  3.5051  0.9854
   299   363   136  3.5021  0.9865
   298   356   138  4.2144  1.2907
   299   356   138  4.1815  1.2755
   298   359   135  4.1409  1.2618
   297   356   138  4.1349  1.2542
   298   358   135  4.1155  1.2501
   297   359   135  4.1149  1.2499
   298   360   135  4.1100  1.2477
   297   358   135  4.0894  1.2383
   297   360   135  4.0835  1.2356
   299   359   135  4.0556  1.2231
   300   356   138  4.0475  1.2149
   298   356   137  4.0397  1.2129
   298   357   135  4.0367  1.2146
   298   356   139  4.0343  1.2075
   299   358   135  4.0340  1.2134
   299   360   135  4.0237  1.2088
   298   361   135  4.0231  1.2085
   298   356   136  4.0187  1.2050
   297   356   137  4.0169  1.2027
   297   357   135  4.0106  1.2029
   297   361   135  3.9950  1.1960
   298   364   139  3.9854  1.1858
   299   364   139  3.9811  1.1840
   299   356   139  3.9802  1.1835
   297   356   136  3.9735  1.1850
   296   359   135  3.9718  1.1857
   297   356   139  3.9706  1.1793
   299   356   137  3.9619  1.1784
   299   357   135  3.9611  1.1810
   296   358   135  3.9508  1.1765
   299   356   136  3.9465  1.1731
   296   356   138  3.9422  1.1683
   299   361   135  3.9396  1.1715
   296   360   135  3.9380  1.1708
   298   356   135  3.9096  1.1584
   296   356   137  3.8940  1.1487
   298   362   135  3.8843  1.1474
   297   356   135  3.8837  1.1471
   296   357   135  3.8785  1.1449
   300   359   135  3.8781  1.1447
   300   364   139  3.8668  1.1343
   300   358   135  3.8621  1.1378
   297   364   139  3.8594  1.1311
   297   362   135  3.8534  1.1340
   296   361   135  3.8491  1.1322
   300   360   135  3.8458  1.1307
   299   356   135  3.8410  1.1287
   301   356   138  3.8332  1.1212
   300   356   139  3.8194  1.1139
   296   356   136  3.8102  1.1141
   299   362   135  3.8080  1.1145
   300   357   135  3.7986  1.1105
   300   356   137  3.7922  1.1050
   296   356   139  3.7895  1.1013
   300   356   136  3.7692  1.0966
   300   361   135  3.7670  1.0971
   302   360   139  3.7664  1.0915
   296   356   135  3.7598  1.0940
   302   361   139  3.7535  1.0861
   302   359   139  3.7252  1.0742
   302   358   138  3.7231  1.0746
   295   359   135  3.7228  1.0784
   302   359   138  3.7157  1.0715
   295   358   135  3.7096  1.0728
   296   362   135  3.7087  1.0725
   298   363   135  3.7017  1.0696
   302   362   139  3.6908  1.0599
   300   356   135  3.6906  1.0649
   295   360   135  3.6857  1.0629
   295   356   137  3.6807  1.0582
   301   364   139  3.6761  1.0538
   302   357   138  3.6749  1.0546
   298   364   138  3.6726  1.0536
   297   363   135  3.6662  1.0547
   302   360   138  3.6595  1.0482
   298   364   137  3.6558  1.0479
   295   357   135  3.6487  1.0475
   295   356   138  3.6475  1.0432
   300   362   135  3.6469  1.0467
   301   359   135  3.6373  1.0428
   299   363   135  3.6366  1.0425
   302   358   139  3.6283  1.0341
   297   364   137  3.6275  1.0362
   301   358   135  3.6255  1.0379
   299   364   138  3.6185  1.0313
   297   364   138  3.6183  1.0312
   301   360   135  3.6070  1.0303
   296   364   139  3.6026  1.0236
   295   361   135  3.5981  1.0266
   299   364   137  3.5903  1.0210
   302   363   139  3.5853  1.0166
   301   356   139  3.5734  1.0118
   301   357   135  3.5714  1.0157
   302   356   138  3.5663  1.0101
   302   361   138  3.5612  1.0080
   301   356   137  3.5479  1.0038
   295   356   135  3.5444  1.0048
   295   356   136  3.5409  1.0021
   301   361   135  3.5372  1.0019
   296   363   135  3.5239  0.9965
   294   358   137  3.5148  0.9904
   294   359   137  3.5134  0.9899
   294   359   138  3.5118  0.9881
   301   356   136  3.5095  0.9895
   295   356   139  3.5033  0.9835
   296   364   137  3.5012  0.9850
   298   355   138  3.9707  1.1808
   299   355   138  3.9483  1.1710
   297   355   138  3.8902  1.1457
   298   355   137  3.8773  1.1415
   297   355   137  3.8557  1.1322
   298   355   136  3.8451  1.1290
   300   355   138  3.8324  1.1208
   299   355   137  3.8054  1.1107
   297   355   136  3.7964  1.1082
   299   355   136  3.7860  1.1038
   298   355   139  3.7409  1.0808
   296   355   137  3.7407  1.0833
   298   355   135  3.7395  1.0855
   297   355   135  3.7143  1.0748
   296   355   138  3.7063  1.0676
   299   365   139  3.7047  1.0657
   298   365   139  3.6891  1.0592
   297   355   139  3.6883  1.0589
   299   355   139  3.6864  1.0581
   299   355   135  3.6788  1.0600
   300   355   137  3.6474  1.0444
   301   355   138  3.6401  1.0402
   296   355   136  3.6395  1.0424
   300   355   136  3.6295  1.0383
   300   365   139  3.6220  1.0315
   296   355   135  3.5997  1.0273
   297   365   139  3.5567  1.0050
   300   355   135  3.5424  1.0040
   295   355   137  3.5401  1.0006
   300   355   139  3.5344  0.9960
   296   355   139  3.5285  0.9936
   298   354   137  3.6621  1.0505
   298   354   138  3.6584  1.0477
   299   354   138  3.6462  1.0427
   297   354   137  3.6419  1.0422
   298   354   136  3.6350  1.0406
   299   354   137  3.5972  1.0238
   299   354   136  3.5875  1.0211
   297   354   136  3.5852  1.0201
   297   354   138  3.5787  1.0151
   300   354   138  3.5494  1.0032
   296   354   137  3.5362  0.9991
   298   354   135  3.5316  0.9996
   297   354   135  3.5071  0.9897
